0.0000 1495.0000 381.0000 2012.0000 1156.0000 990.0000 763.0000 178.0000 146.0000 1788.0000 541.0000 507.0000 749.0000 696.0000 408.0000 317.0000 1212.0000 714.0000 1081.0000 717.0000 935.0000 228.0000 537.0000 1669.0000 815.0000 1921.0000 1096.0000 839.0000 1146.0000 985.0000 497.0000 1249.0000 553.0000 677.0000 2136.0000 753.0000 1045.0000 325.0000 1116.0000 261.0000 692.0000 1524.0000 1103.0000 616.0000 2161.0000 488.0000 752.0000 1184.0000
1495.0000 0.0000 1134.0000 636.0000 582.0000 2206.0000 2055.0000 1640.0000 1590.0000 736.0000 1312.0000 1493.0000 1149.0000 988.0000 1551.0000 1243.0000 2360.0000 2004.0000 2290.0000 1614.0000 1278.0000 1272.0000 1163.0000 905.0000 982.0000 585.0000 2268.0000 2096.0000 380.0000 2154.0000 1898.0000 1090.0000 1661.0000 840.0000 987.0000 1984.0000 2271.0000 1778.0000 975.0000 1443.0000 871.0000 503.0000 2222.0000 1956.0000 1098.0000 1727.0000 1388.0000 660.0000
381.0000 1134.0000 0.0000 1632.0000 777.0000 1163.0000 971.0000 551.0000 457.0000 1411.0000 374.0000 481.0000 473.0000 349.0000 475.0000 300.0000 1359.0000 918.0000 1254.0000 686.0000 699.0000 206.0000 262.0000 1308.0000 480.0000 1541.0000 1250.0000 1029.0000 773.0000 1132.0000 772.0000 936.0000 621.0000 300.0000 1759.0000 922.0000 1226.0000 643.0000 785.0000 325.0000 441.0000 1144.0000 1230.0000 849.0000 1790.0000 640.0000 590.0000 810.0000
2012.0000 636.0000 1632.0000 0.0000 885.0000 2550.0000 2443.0000 2175.0000 2081.0000 443.0000 1697.0000 1880.0000 1480.0000 1384.0000 1968.0000 1805.0000 2662.0000 2396.0000 2623.0000 1940.0000 1518.0000 1805.0000 1575.0000 734.0000 1321.0000 101.0000 2589.0000 2467.0000 878.0000 2485.0000 2343.0000 1190.0000 2043.0000 1335.0000 451.0000 2356.0000 2613.0000 2255.0000 1160.0000 1901.0000 1466.0000 532.0000 2526.0000 2372.0000 593.0000 2137.0000 1695.0000 899.0000
1156.0000 582.0000 777.0000 885.0000 0.0000 1685.0000 1564.0000 1328.0000 1209.0000 636.0000 814.0000 998.0000 608.0000 499.0000 1084.0000 1005.0000 1818.0000 1516.0000 1764.0000 1078.0000 703.0000 970.0000 691.0000 588.0000 443.0000 787.0000 1735.0000 1592.0000 282.0000 1626.0000 1458.0000 528.0000 1163.0000 503.0000 984.0000 1480.0000 1750.0000 1376.0000 396.0000 1020.0000 767.0000 369.0000 1680.0000 1488.0000 1025.0000 1253.0000 838.0000 96.0000
990.0000 2206.0000 1163.0000 2550.0000 1685.0000 0.0000 235.0000 1015.0000 844.0000 2191.0000 895.0000 716.0000 1077.0000 1218.0000 689.0000 1289.0000 230.0000 278.0000 93.0000 610.0000 1046.0000 1161.0000 1048.0000 1960.0000 1243.0000 2449.0000 115.0000 152.0000 1826.0000 82.0000 524.0000 1427.0000 552.0000 1401.0000 2501.0000 243.0000 65.0000 703.0000 1402.0000 848.0000 1598.0000 2019.0000 174.0000 387.0000 2468.0000 528.0000 855.0000 1654.0000
763.0000 2055.0000 971.0000 2443.0000 1564.0000 235.0000 0.0000 780.0000 617.0000 2110.0000 753.0000 567.0000 965.0000 1077.0000 507.0000 1069.0000 464.0000 53.0000 322.0000 531.0000 983.0000 946.0000 894.0000 1900.0000 1123.0000 2344.0000 349.0000 84.0000 1676.0000 259.0000 289.0000 1375.0000 401.0000 1230.0000 2434.0000 105.0000 284.0000 469.0000 1323.0000 648.0000 1396.0000 1913.0000 385.0000 152.0000 2414.0000 333.0000 769.0000 1544.0000
178.0000 1640.0000 551.0000 2175.0000 1328.0000 1015.0000 780.0000 0.0000 227.0000 1961.0000 708.0000 648.0000 923.0000 873.0000 533.0000 412.0000 1243.0000 737.0000 1103.0000 844.0000 1102.0000 371.0000 714.0000 1846.0000 993.0000 2086.0000 1127.0000 862.0000 1303.0000 1024.0000 493.0000 1425.0000 658.0000 841.0000 2310.0000 794.0000 1064.0000 311.0000 1294.0000 417.0000 804.0000 1694.0000 1148.0000 628.0000 2337.0000 564.0000 910.0000 1358.0000
146.0000 1590.0000 457.0000 2081.0000 1209.0000 844.0000 617.0000 227.0000 0.0000 1830.0000 506.0000 425.0000 737.0000 724.0000 307.0000 459.0000 1067.0000 568.0000 935.0000 617.0000 896.0000 352.0000 545.0000 1690.0000 831.0000 1987.0000 951.0000 693.0000 1230.0000 841.0000 355.0000 1239.0000 434.0000 756.0000 2177.0000 609.0000 899.0000 193.0000 1120.0000 213.0000 819.0000 1579.0000 961.0000 470.0000 2192.0000 352.0000 694.0000 1226.0000
1788.0000 736.0000 1411.0000 443.0000 636.0000 2191.0000 2110.0000 1961.0000 1830.0000 0.0000 1389.0000 1564.0000 1154.0000 1107.0000 1668.0000 1639.0000 2282.0000 2066.0000 2258.0000 1588.0000 1145.0000 1605.0000 1293.0000 291.0000 1014.0000 358.0000 2218.0000 2123.0000 770.0000 2121.0000 2048.0000 783.0000 1718.0000 1138.0000 348.0000 2016.0000 2252.0000 1987.0000 790.0000 1632.0000 1365.0000 296.0000 2149.0000 2058.0000 401.0000 1825.0000 1344.0000 605.0000
541.0000 1312.0000 374.0000 1697.0000 814.0000 895.0000 753.0000 708.0000 506.0000 1389.0000 0.0000 185.0000 242.0000 325.0000 279.0000 645.0000 1060.0000 703.0000 980.0000 331.0000 394.0000 514.0000 159.0000 1214.0000 378.0000 1598.0000 962.0000 787.0000 931.0000 846.0000 660.0000 737.0000 352.0000 522.0000 1726.0000 674.0000 960.0000 619.0000 631.0000 294.0000 795.0000 1170.0000 924.0000 676.0000 1726.0000 441.0000 225.0000 801.0000
507.0000 1493.0000 481.0000 1880.0000 998.0000 716.0000 567.0000 648.0000 425.0000 1564.0000 185.0000 0.0000 411.0000 510.0000 128.0000 698.0000 893.0000 518.0000 804.0000 219.0000 501.0000 559.0000 332.0000 1378.0000 560.0000 1781.0000 790.0000 603.0000 1113.0000 673.0000 493.0000 878.0000 168.0000 686.0000 1898.0000 491.0000 782.0000 486.0000 792.0000 250.0000 921.0000 1352.0000 760.0000 494.0000 1892.0000 261.0000 282.0000 983.0000
749.0000 1149.0000 473.0000 1480.0000 608.0000 1077.0000 965.0000 923.0000 737.0000 1154.0000 242.0000 411.0000 0.0000 204.0000 519.0000 773.0000 1214.0000 918.0000 1156.0000 470.0000 231.0000 663.0000 220.0000 973.0000 168.0000 1380.0000 1128.0000 987.0000 776.0000 1018.0000 899.0000 503.0000 566.0000 468.0000 1488.0000 877.0000 1141.0000 860.0000 390.0000 523.0000 806.0000 949.0000 1076.0000 904.0000 1485.0000 672.0000 239.0000 580.0000
696.0000 988.0000 349.0000 1384.0000 499.0000 1218.0000 1077.0000 873.0000 724.0000 1107.0000 325.0000 510.0000 204.0000 0.0000 586.0000 640.0000 1375.0000 1027.0000 1302.0000 631.0000 424.0000 554.0000 191.0000 973.0000 132.0000 1287.0000 1281.0000 1112.0000 608.0000 1167.0000 959.0000 590.0000 677.0000 265.0000 1452.0000 1000.0000 1284.0000 882.0000 436.0000 526.0000 611.0000 865.0000 1238.0000 992.0000 1469.0000 757.0000 427.0000 503.0000
408.0000 1551.0000 475.0000 1968.0000 1084.0000 689.0000 507.0000 533.0000 307.0000 1668.0000 279.0000 128.0000 519.0000 586.0000 0.0000 641.0000 886.0000 455.0000 780.0000 312.0000 628.0000 503.0000 396.0000 1491.0000 655.0000 1870.0000 776.0000 558.0000 1173.0000 658.0000 381.0000 1000.0000 157.0000 723.0000 2005.0000 449.0000 752.0000 358.0000 907.0000 175.0000 912.0000 1445.0000 760.0000 407.0000 2004.0000 175.0000 410.0000 1077.0000
317.0000 1243.0000 300.0000 1805.0000 1005.0000 1289.0000 1069.0000 412.0000 459.0000 1639.0000 645.0000 698.0000 773.0000 640.0000 641.0000 0.0000 1505.0000 1018.0000 1381.0000 917.0000 996.0000 139.0000 558.0000 1568.0000 773.0000 1721.0000 1390.0000 1141.0000 927.0000 1276.0000 813.0000 1230.0000 798.0000 503.0000 1985.0000 1048.0000 1347.0000 643.0000 1075.0000 466.0000 392.0000 1356.0000 1388.0000 926.0000 2030.0000 768.0000 869.0000 1055.0000
1212.0000 2360.0000 1359.0000 2662.0000 1818.0000 230.0000 464.0000 1243.0000 1067.0000 2282.0000 1060.0000 893.0000 1214.0000 1375.0000 886.0000 1505.0000 0.0000 506.0000 151.0000 746.0000 1144.0000 1374.0000 1218.0000 2034.0000 1382.0000 2561.0000 117.0000 381.0000 1982.0000 230.0000 754.0000 1503.0000 738.0000 1578.0000 2577.0000 459.0000 192.0000 932.0000 1503.0000 1053.0000 1798.0000 2133.0000 138.0000 616.0000 2531.0000 738.0000 980.0000 1777.0000
714.0000 2004.0000 918.0000 2396.0000 1516.0000 278.0000 53.0000 737.0000 568.0000 2066.0000 703.0000 518.0000 918.0000 1027.0000 455.0000 1018.0000 506.0000 0.0000 368.0000 494.0000 945.0000 895.0000 843.0000 1860.0000 1075.0000 2297.0000 390.0000 126.0000 1625.0000 292.0000 251.0000 1337.0000 353.0000 1178.0000 2392.0000 90.0000 332.0000 426.0000 1281.0000 595.0000 1343.0000 1867.0000 418.0000 112.0000 2374.0000 280.0000 728.0000 1497.0000
1081.0000 2290.0000 1254.0000 2623.0000 1764.0000 93.0000 322.0000 1103.0000 935.0000 2258.0000 980.0000 804.0000 1156.0000 1302.0000 780.0000 1381.0000 151.0000 368.0000 0.0000 686.0000 1113.0000 1254.0000 1135.0000 2021.0000 1323.0000 2522.0000 64.0000 242.0000 1910.0000 138.0000 611.0000 1488.0000 641.0000 1489.0000 2563.0000 335.0000 42.0000 791.0000 1471.0000 940.0000 1690.0000 2092.0000 153.0000 475.0000 2526.0000 620.0000 929.0000 1729.0000
717.0000 1614.0000 686.0000 1940.0000 1078.0000 610.0000 531.0000 844.0000 617.0000 1588.0000 331.0000 219.0000 470.0000 631.0000 312.0000 917.0000 746.0000 494.0000 686.0000 0.0000 452.0000 778.0000 489.0000 1370.0000 638.0000 1839.0000 657.0000 536.0000 1236.0000 548.0000 573.0000 843.0000 207.0000 852.0000 1907.0000 432.0000 674.0000 629.0000 798.0000 466.0000 1120.0000 1409.0000 608.0000 519.0000 1883.0000 338.0000 246.0000 1044.0000
935.0000 1278.0000 699.0000 1518.0000 703.0000 1046.0000 983.0000 1102.0000 896.0000 1145.0000 394.0000 501.0000 231.0000 424.0000 628.0000 996.0000 1144.0000 945.0000 1113.0000 452.0000 0.0000 879.0000 438.0000 918.0000 336.0000 1417.0000 1074.0000 986.0000 924.0000 976.0000 985.0000 392.0000 618.0000 688.0000 1457.0000 884.0000 1107.0000 986.0000 359.0000 687.0000 1033.0000 991.0000 1008.0000 958.0000 1431.0000 744.0000 225.0000 646.0000
228.0000 1272.0000 206.0000 1805.0000 970.0000 1161.0000 946.0000 371.0000 352.0000 1605.0000 514.0000 559.0000 663.0000 554.0000 503.0000 139.0000 1374.0000 895.0000 1254.0000 778.0000 879.0000 0.0000 443.0000 1512.0000 685.0000 1716.0000 1260.0000 1016.0000 931.0000 1144.0000 703.0000 1139.0000 660.0000 473.0000 1954.0000 919.0000 1221.0000 543.0000 990.0000 329.0000 468.0000 1331.0000 1255.0000 807.0000 1989.0000 636.0000 738.0000 1008.0000
537.0000 1163.0000 262.0000 1575.0000 691.0000 1048.0000 894.0000 714.0000 545.0000 1293.0000 159.0000 332.0000 220.0000 191.0000 396.0000 558.0000 1218.0000 843.0000 1135.0000 489.0000 438.0000 443.0000 0.0000 1145.0000 286.0000 1478.0000 1118.0000 934.0000 782.0000 1002.0000 767.0000 713.0000 499.0000 363.0000 1637.0000 822.0000 1113.0000 694.0000 580.0000 339.0000 649.0000 1056.0000 1082.0000 803.0000 1648.0000 570.0000 340.0000 692.0000
1669.0000 905.0000 1308.0000 734.0000 588.0000 1960.0000 1900.0000 1846.0000 1690.0000 291.0000 1214.0000 1378.0000 973.0000 973.0000 1491.0000 1568.0000 2034.0000 1860.0000 2021.0000 1370.0000 918.0000 1512.0000 1145.0000 0.0000 860.0000 646.0000 1978.0000 1905.0000 812.0000 1886.0000 1870.0000 533.0000 1520.0000 1070.0000 543.0000 1802.0000 2019.0000 1830.0000 585.0000 1482.0000 1355.0000 402.0000 1904.0000 1863.0000 515.0000 1637.0000 1132.0000 518.0000
815.0000 982.0000 480.0000 1321.0000 443.0000 1243.0000 1123.0000 993.0000 831.0000 1014.0000 378.0000 560.0000 168.0000 132.0000 655.0000 773.0000 1382.0000 1075.0000 1323.0000 638.0000 336.0000 685.0000 286.0000 860.0000 0.0000 1222.0000 1296.0000 1149.0000 611.0000 1185.0000 1035.0000 458.0000 722.0000 368.0000 1355.0000 1038.0000 1308.0000 976.0000 306.0000 624.0000 723.0000 793.0000 1244.0000 1053.0000 1363.0000 819.0000 406.0000 423.0000
1921.0000 585.0000 1541.0000 101.0000 787.0000 2449.0000 2344.0000 2086.0000 1987.0000 358.0000 1598.0000 1781.0000 1380.0000 1287.0000 1870.0000 1721.0000 2561.0000 2297.0000 2522.0000 1839.0000 1417.0000 1716.0000 1478.0000 646.0000 1222.0000 0.0000 2487.0000 2366.0000 795.0000 2384.0000 2245.0000 1090.0000 1943.0000 1245.0000 435.0000 2256.0000 2512.0000 2160.0000 1059.0000 1805.0000 1390.0000 431.0000 2424.0000 2274.0000 568.0000 2038.0000 1594.0000 799.0000
1096.0000 2268.0000 1250.0000 2589.0000 1735.0000 115.0000 349.0000 1127.0000 951.0000 2218.0000 962.0000 790.0000 1128.0000 1281.0000 776.0000 1390.0000 117.0000 390.0000 64.0000 657.0000 1074.0000 1260.0000 1118.0000 1978.0000 1296.0000 2487.0000 0.0000 265.0000 1889.0000 118.0000 638.0000 1445.0000 631.0000 1476.0000 2520.0000 343.0000 96.0000 816.0000 1433.0000 941.0000 1688.0000 2058.0000 91.0000 500.0000 2480.0000 624.0000 897.0000 1698.0000
839.0000 2096.0000 1029.0000 2467.0000 1592.0000 152.0000 84.0000 862.0000 693.0000 2123.0000 787.0000 603.0000 987.0000 1112.0000 558.0000 1141.0000 381.0000 126.0000 242.0000 536.0000 986.0000 1016.0000 934.0000 1905.0000 1149.0000 2366.0000 265.0000 0.0000 1716.0000 176.0000 373.0000 1375.0000 435.0000 1279.0000 2442.0000 113.0000 206.0000 551.0000 1334.0000 709.0000 1459.0000 1935.0000 302.0000 235.0000 2417.0000 389.0000 779.0000 1567.0000
1146.0000 380.0000 773.0000 878.0000 282.0000 1826.0000 1676.0000 1303.0000 1230.0000 770.0000 931.0000 1113.0000 776.0000 608.0000 1173.0000 927.0000 1982.0000 1625.0000 1910.0000 1236.0000 924.0000 931.0000 782.0000 812.0000 611.0000 795.0000 1889.0000 1716.0000 0.0000 1775.0000 1525.0000 806.0000 1281.0000 474.0000 1099.0000 1603.0000 1891.0000 1414.0000 663.0000 1071.0000 604.0000 474.0000 1844.0000 1579.0000 1171.0000 1348.0000 1014.0000 378.0000
985.0000 2154.0000 1132.0000 2485.0000 1626.0000 82.0000 259.0000 1024.0000 841.0000 2121.0000 846.0000 673.0000 1018.0000 1167.0000 658.0000 1276.0000 230.0000 292.0000 138.0000 548.0000 976.0000 1144.0000 1002.0000 1886.0000 1185.0000 2384.0000 118.0000 176.0000 1775.0000 0.0000 543.0000 1353.0000 513.0000 1359.0000 2428.0000 232.0000 133.0000 715.0000 1333.0000 824.0000 1570.0000 1954.0000 126.0000 404.0000 2393.0000 509.0000 791.0000 1591.0000
497.0000 1898.0000 772.0000 2343.0000 1458.0000 524.0000 289.0000 493.0000 355.0000 2048.0000 660.0000 493.0000 899.0000 959.0000 381.0000 813.0000 754.0000 251.0000 611.0000 573.0000 985.0000 703.0000 767.0000 1870.0000 1035.0000 2245.0000 638.0000 373.0000 1525.0000 543.0000 0.0000 1369.0000 373.0000 1058.0000 2386.0000 323.0000 571.0000 183.0000 1284.0000 455.0000 1168.0000 1822.0000 669.0000 139.0000 2383.0000 241.0000 760.0000 1456.0000
1249.0000 1090.0000 936.0000 1190.0000 528.0000 1427.0000 1375.0000 1425.0000 1239.0000 783.0000 737.0000 878.0000 503.0000 590.0000 1000.0000 1230.0000 1503.0000 1337.0000 1488.0000 843.0000 392.0000 1139.0000 713.0000 533.0000 458.0000 1090.0000 1445.0000 1375.0000 806.0000 1353.0000 1369.0000 0.0000 1007.0000 794.0000 1076.0000 1275.0000 1486.0000 1354.0000 168.0000 1026.0000 1142.0000 691.0000 1372.0000 1349.0000 1042.0000 1131.0000 614.0000 437.0000
553.0000 1661.0000 621.0000 2043.0000 1163.0000 552.0000 401.0000 658.0000 434.0000 1718.0000 352.0000 168.0000 566.0000 677.0000 157.0000 798.0000 738.0000 353.0000 641.0000 207.0000 618.0000 660.0000 499.0000 1520.0000 722.0000 1943.0000 631.0000 435.0000 1281.0000 513.0000 373.0000 1007.0000 0.0000 849.0000 2047.0000 323.0000 617.0000 424.0000 937.0000 332.0000 1062.0000 1514.0000 609.0000 343.0000 2035.0000 133.0000 393.0000 1144.0000
677.0000 840.0000 300.0000 1335.0000 503.0000 1401.0000 1230.0000 841.0000 756.0000 1138.0000 522.0000 686.0000 468.0000 265.0000 723.0000 503.0000 1578.0000 1178.0000 1489.0000 852.0000 688.0000 473.0000 363.0000 1070.0000 368.0000 1245.0000 1476.0000 1279.0000 474.0000 1359.0000 1058.0000 794.0000 849.0000 0.0000 1485.0000 1168.0000 1466.0000 940.0000 626.0000 604.0000 355.0000 859.0000 1444.0000 1122.0000 1527.0000 898.0000 677.0000 554.0000
2136.0000 987.0000 1759.0000 451.0000 984.0000 2501.0000 2434.0000 2310.0000 2177.0000 348.0000 1726.0000 1898.0000 1488.0000 1452.0000 2005.0000 1985.0000 2577.0000 2392.0000 2563.0000 1907.0000 1457.0000 1954.0000 1637.0000 543.0000 1355.0000 435.0000 2520.0000 2442.0000 1099.0000 2428.0000 2386.0000 1076.0000 2047.0000 1485.0000 0.0000 2338.0000 2560.0000 2330.0000 1111.0000 1976.0000 1701.0000 633.0000 2447.0000 2389.0000 146.0000 2159.0000 1665.0000 953.0000
753.0000 1984.0000 922.0000 2356.0000 1480.0000 243.0000 105.0000 794.0000 609.0000 2016.0000 674.0000 491.0000 877.0000 1000.0000 449.0000 1048.0000 459.0000 90.0000 335.0000 432.0000 884.0000 919.0000 822.0000 1802.0000 1038.0000 2256.0000 343.0000 113.0000 1603.0000 232.0000 323.0000 1275.0000 323.0000 1168.0000 2338.0000 0.0000 305.0000 488.0000 1228.0000 605.0000 1355.0000 1825.0000 354.0000 190.0000 2315.0000 285.0000 673.0000 1457.0000
1045.0000 2271.0000 1226.0000 2613.0000 1750.0000 65.0000 284.0000 1064.0000 899.0000 2252.0000 960.0000 782.0000 1141.0000 1284.0000 752.0000 1347.0000 192.0000 332.0000 42.0000 674.0000 1107.0000 1221.0000 1113.0000 2019.0000 1308.0000 2512.0000 96.0000 206.0000 1891.0000 133.0000 571.0000 1486.0000 617.0000 1466.0000 2560.0000 305.0000 0.0000 753.0000 1464.0000 910.0000 1660.0000 2082.0000 180.0000 436.0000 2525.0000 590.0000 918.0000 1717.0000
325.0000 1778.0000 643.0000 2255.0000 1376.0000 703.0000 469.0000 311.0000 193.0000 1987.0000 619.0000 486.0000 860.0000 882.0000 358.0000 643.0000 932.0000 426.0000 791.0000 629.0000 986.0000 543.0000 694.0000 1830.0000 976.0000 2160.0000 816.0000 551.0000 1414.0000 715.0000 183.0000 1354.0000 424.0000 940.0000 2330.0000 488.0000 753.0000 0.0000 1250.0000 356.0000 1011.0000 1745.0000 840.0000 317.0000 2338.0000 301.0000 768.0000 1385.0000
1116.0000 975.0000 785.0000 1160.0000 396.0000 1402.0000 1323.0000 1294.0000 1120.0000 790.0000 631.0000 792.0000 390.0000 436.0000 907.0000 1075.0000 1503.0000 1281.0000 1471.0000 798.0000 359.0000 990.0000 580.0000 585.0000 306.0000 1059.0000 1433.0000 1334.0000 663.0000 1333.0000 1284.0000 168.0000 937.0000 626.0000 1111.0000 1228.0000 1464.0000 1250.0000 0.0000 908.0000 974.0000 636.0000 1367.0000 1279.0000 1100.0000 1052.0000 555.0000 316.0000
261.0000 1443.0000 325.0000 1901.0000 1020.0000 848.0000 648.0000 417.0000 213.0000 1632.0000 294.0000 250.0000 523.0000 526.0000 175.0000 466.0000 1053.0000 595.0000 940.0000 466.0000 687.0000 329.0000 339.0000 1482.0000 624.0000 1805.0000 941.0000 709.0000 1071.0000 824.0000 455.0000 1026.0000 332.0000 604.0000 1976.0000 605.0000 910.0000 356.0000 908.0000 0.0000 751.0000 1389.0000 930.0000 525.0000 1987.0000 320.0000 494.0000 1029.0000
692.0000 871.0000 441.0000 1466.0000 767.0000 1598.0000 1396.0000 804.0000 819.0000 1365.0000 795.0000 921.0000 806.0000 611.0000 912.0000 392.0000 1798.0000 1343.0000 1690.0000 1120.0000 1033.0000 468.0000 649.0000 1355.0000 723.0000 1390.0000 1688.0000 1459.0000 604.0000 1570.0000 1168.0000 1142.0000 1062.0000 355.0000 1701.0000 1355.0000 1660.0000 1011.0000 974.0000 751.0000 0.0000 1071.0000 1671.0000 1264.0000 1766.0000 1070.0000 988.0000 842.0000
1524.0000 503.0000 1144.0000 532.0000 369.0000 2019.0000 1913.0000 1694.0000 1579.0000 296.0000 1170.0000 1352.0000 949.0000 865.0000 1445.0000 1356.0000 2133.0000 1867.0000 2092.0000 1409.0000 991.0000 1331.0000 1056.0000 402.0000 793.0000 431.0000 2058.0000 1935.0000 474.0000 1954.0000 1822.0000 691.0000 1514.0000 859.0000 633.0000 1825.0000 2082.0000 1745.0000 636.0000 1389.0000 1071.0000 0.0000 1997.0000 1846.0000 697.0000 1611.0000 1164.0000 369.0000
1103.0000 2222.0000 1230.0000 2526.0000 1680.0000 174.0000 385.0000 1148.0000 961.0000 2149.0000 924.0000 760.0000 1076.0000 1238.0000 760.0000 1388.0000 138.0000 418.0000 153.0000 608.0000 1008.0000 1255.0000 1082.0000 1904.0000 1244.0000 2424.0000 91.0000 302.0000 1844.0000 126.0000 669.0000 1372.0000 609.0000 1444.0000 2447.0000 354.0000 180.0000 840.0000 1367.0000 930.0000 1671.0000 1997.0000 0.0000 530.0000 2404.0000 621.0000 842.0000 1639.0000
616.0000 1956.0000 849.0000 2372.0000 1488.0000 387.0000 152.0000 628.0000 470.0000 2058.0000 676.0000 494.0000 904.0000 992.0000 407.0000 926.0000 616.0000 112.0000 475.0000 519.0000 958.0000 807.0000 803.0000 1863.0000 1053.0000 2274.0000 500.0000 235.0000 1579.0000 404.0000 139.0000 1349.0000 343.0000 1122.0000 2389.0000 190.0000 436.0000 317.0000 1279.0000 525.0000 1264.0000 1846.0000 530.0000 0.0000 2378.0000 235.0000 735.0000 1477.0000
2161.0000 1098.0000 1790.0000 593.0000 1025.0000 2468.0000 2414.0000 2337.0000 2192.0000 401.0000 1726.0000 1892.0000 1485.0000 1469.0000 2004.0000 2030.0000 2531.0000 2374.0000 2526.0000 1883.0000 1431.0000 1989.0000 1648.0000 515.0000 1363.0000 568.0000 2480.0000 2417.0000 1171.0000 2393.0000 2383.0000 1042.0000 2035.0000 1527.0000 146.0000 2315.0000 2525.0000 2338.0000 1100.0000 1987.0000 1766.0000 697.0000 2404.0000 2378.0000 0.0000 2152.0000 1647.0000 981.0000
488.0000 1727.0000 640.0000 2137.0000 1253.0000 528.0000 333.0000 564.0000 352.0000 1825.0000 441.0000 261.0000 672.0000 757.0000 175.0000 768.0000 738.0000 280.0000 620.0000 338.0000 744.0000 636.0000 570.0000 1637.0000 819.0000 2038.0000 624.0000 389.0000 1348.0000 509.0000 241.0000 1131.0000 133.0000 898.0000 2159.0000 285.0000 590.0000 301.0000 1052.0000 320.0000 1070.0000 1611.0000 621.0000 235.0000 2152.0000 0.0000 520.0000 1242.0000
752.0000 1388.0000 590.0000 1695.0000 838.0000 855.0000 769.0000 910.0000 694.0000 1344.0000 225.0000 282.0000 239.0000 427.0000 410.0000 869.0000 980.0000 728.0000 929.0000 246.0000 225.0000 738.0000 340.0000 1132.0000 406.0000 1594.0000 897.0000 779.0000 1014.0000 791.0000 760.0000 614.0000 393.0000 677.0000 1665.0000 673.0000 918.0000 768.0000 555.0000 494.0000 988.0000 1164.0000 842.0000 735.0000 1647.0000 520.0000 0.0000 800.0000
1184.0000 660.0000 810.0000 899.0000 96.0000 1654.0000 1544.0000 1358.0000 1226.0000 605.0000 801.0000 983.0000 580.0000 503.0000 1077.0000 1055.0000 1777.0000 1497.0000 1729.0000 1044.0000 646.0000 1008.0000 692.0000 518.0000 423.0000 799.0000 1698.0000 1567.0000 378.0000 1591.0000 1456.0000 437.0000 1144.0000 554.0000 953.0000 1457.0000 1717.0000 1385.0000 316.0000 1029.0000 842.0000 369.0000 1639.0000 1477.0000 981.0000 1242.0000 800.0000 0.0000
