0.0000 2635.0000 2713.0000 2437.0000 1600.0000 2845.0000 6002.0000 1743.0000 594.0000 2182.0000 2906.0000 1658.0000 464.0000 3334.0000 3987.0000 2870.0000 2601.0000 330.0000 3049.0000 1302.0000 3399.0000 1946.0000 1278.0000 669.0000 627.0000 2878.0000 1737.0000 3124.0000 2878.0000 307.0000 5217.0000 799.0000 3305.0000 3716.0000 2251.0000 2878.0000 3467.0000 4316.0000 2963.0000 512.0000 2515.0000 4850.0000 1937.0000 367.0000 3601.0000 3936.0000 2430.0000 2691.0000 2087.0000 1861.0000 2358.0000 2263.0000 1425.0000 2266.0000 2166.0000 3870.0000 1417.0000 739.0000
2635.0000 0.0000 314.0000 2636.0000 666.0000 1096.0000 4645.0000 693.0000 2889.0000 287.0000 772.0000 1135.0000 2875.0000 1424.0000 2185.0000 1193.0000 846.0000 2142.0000 1127.0000 3104.0000 1484.0000 490.0000 990.0000 1950.0000 2855.0000 975.0000 926.0000 1214.0000 599.0000 2535.0000 3860.0000 3027.0000 1407.0000 1811.0000 359.0000 1060.0000 1557.0000 2959.0000 394.0000 2740.0000 98.0000 3538.0000 856.0000 2026.0000 1710.0000 1733.0000 508.0000 194.0000 532.0000 2906.0000 435.0000 335.0000 2470.0000 137.0000 234.0000 2072.0000 1196.0000 1517.0000
2713.0000 314.0000 0.0000 2730.0000 706.0000 791.0000 4588.0000 922.0000 2991.0000 217.0000 760.0000 1050.0000 2915.0000 1119.0000 1776.0000 1451.0000 5410.0000 2182.0000 846.0000 3333.0000 578.0000 721.0000 1030.0000 1990.0000 2895.0000 670.0000 835.0000 909.0000 287.0000 2575.0000 3803.0000 3067.0000 1102.0000 1505.0000 158.0000 439.0000 1248.0000 2902.0000 287.0000 2780.0000 276.0000 3436.0000 771.0000 2066.0000 1395.0000 1740.0000 407.0000 279.0000 334.0000 3135.0000 337.0000 235.0000 2699.0000 451.0000 546.0000 1882.0000 2699.0000 1557.0000
2437.0000 2636.0000 2730.0000 0.0000 2824.0000 3457.0000 6083.0000 2120.0000 2040.0000 2844.0000 2973.0000 3937.0000 1958.0000 3710.0000 4363.0000 2941.0000 3207.0000 1991.0000 3512.0000 1571.0000 3392.0000 2013.0000 2922.0000 2368.0000 2170.0000 3336.0000 3503.0000 3500.0000 2884.0000 2109.0000 5298.0000 2108.0000 3643.0000 4092.0000 2934.0000 3093.0000 3843.0000 4391.0000 2763.0000 2083.0000 2543.0000 4925.0000 3236.0000 2107.0000 3939.0000 4274.0000 3008.0000 2522.0000 3006.0000 806.0000 2936.0000 3026.0000 947.0000 2464.0000 2364.0000 4208.0000 3116.0000 2390.0000
1600.0000 666.0000 706.0000 2824.0000 0.0000 1247.0000 4746.0000 716.0000 2223.0000 584.0000 1442.0000 694.0000 2089.0000 1577.0000 2230.0000 1609.0000 1003.0000 1260.0000 1297.0000 2535.0000 1511.0000 908.0000 324.0000 1116.0000 2183.0000 1126.0000 260.0000 1367.0000 996.0000 1863.0000 3961.0000 2355.0000 1565.0000 1959.0000 660.0000 1106.0000 1710.0000 3060.0000 991.0000 2068.0000 523.0000 3594.0000 434.0000 1354.0000 1861.0000 2196.0000 658.0000 750.0000 563.0000 2929.0000 586.0000 668.0000 2493.0000 494.0000 557.0000 2130.0000 524.0000 851.0000
2845.0000 1096.0000 791.0000 3457.0000 1247.0000 0.0000 5126.0000 1653.0000 3545.0000 708.0000 1298.0000 1342.0000 3451.0000 347.0000 1126.0000 1989.0000 250.0000 2736.0000 138.0000 3786.0000 888.0000 1452.0000 1671.0000 2336.0000 3431.0000 124.0000 1165.0000 189.0000 640.0000 3110.0000 4341.0000 3603.0000 489.0000 855.0000 730.0000 364.0000 598.0000 3440.0000 841.0000 3316.0000 919.0000 3974.0000 1063.0000 2620.0000 940.0000 1090.0000 722.0000 921.0000 761.0000 3866.0000 652.0000 754.0000 3430.0000 1096.0000 1191.0000 1232.0000 1582.0000 2098.0000
6002.0000 4645.0000 4588.0000 6083.0000 4746.0000 5126.0000 0.0000 4267.0000 6553.0000 4826.0000 3830.0000 5951.0000 6417.0000 5423.0000 6089.0000 3142.0000 4876.0000 5676.0000 5181.0000 6678.0000 4720.0000 4074.0000 5071.0000 5724.0000 6675.0000 5000.0000 4993.0000 5221.0000 4494.0000 6265.0000 785.0000 6776.0000 5265.0000 5756.0000 4628.0000 4747.0000 5511.0000 1686.0000 4276.0000 6472.0000 4447.0000 2230.0000 5167.0000 5784.0000 5561.0000 5891.0000 4902.0000 4353.0000 4922.0000 6480.0000 4759.0000 4771.0000 6044.0000 4299.0000 4199.0000 5830.0000 5271.0000 5404.0000
1743.0000 693.0000 922.0000 2120.0000 716.0000 1653.0000 4267.0000 0.0000 2296.0000 923.0000 1175.0000 1282.0000 2162.0000 1906.0000 2559.0000 1133.0000 1352.0000 1422.0000 1651.0000 2423.0000 1588.0000 209.0000 1030.0000 1461.0000 2420.0000 1538.0000 965.0000 1716.0000 1112.0000 2010.0000 3482.0000 2521.0000 1839.0000 2288.0000 1000.0000 1289.0000 2039.0000 2551.0000 955.0000 2217.0000 715.0000 3125.0000 1145.0000 1529.0000 2131.0000 2466.0000 1087.0000 718.0000 1083.0000 2225.0000 1015.0000 960.0000 1789.0000 537.0000 436.0000 2400.0000 1238.0000 1199.0000
594.0000 2889.0000 2991.0000 2040.0000 2223.0000 3545.0000 6553.0000 2296.0000 0.0000 2869.0000 3459.0000 2366.0000 147.0000 3741.0000 4399.0000 3417.0000 3163.0000 924.0000 3462.0000 681.0000 3734.0000 2493.0000 1934.0000 1377.0000 130.0000 3402.0000 2449.0000 3531.0000 3219.0000 343.0000 5766.0000 228.0000 3724.0000 4128.0000 2883.0000 3277.0000 3870.0000 4835.0000 3214.0000 184.0000 2746.0000 4875.0000 2492.0000 925.0000 4017.0000 4362.0000 2985.0000 2973.0000 2831.0000 1544.0000 2913.0000 2891.0000 1103.0000 2717.0000 2655.0000 4504.0000 1972.0000 1447.0000
2182.0000 287.0000 217.0000 2844.0000 584.0000 708.0000 4826.0000 923.0000 2869.0000 0.0000 1004.0000 781.0000 2793.0000 1036.0000 1694.0000 1694.0000 458.0000 1844.0000 757.0000 3125.0000 1096.0000 827.0000 908.0000 1702.0000 2773.0000 587.0000 844.0000 826.0000 455.0000 2453.0000 4041.0000 2945.0000 1019.0000 1423.0000 75.0000 572.0000 1165.0000 3140.0000 560.0000 2658.0000 227.0000 3674.0000 502.0000 1944.0000 1312.0000 1650.0000 170.0000 383.0000 169.0000 3136.0000 98.0000 80.0000 2700.0000 411.0000 508.0000 1584.0000 948.0000 1435.0000
2906.0000 772.0000 760.0000 2973.0000 1442.0000 1298.0000 3830.0000 1175.0000 3459.0000 1004.0000 0.0000 2128.0000 3322.0000 1609.0000 2266.0000 693.0000 1041.0000 2585.0000 1353.0000 3586.0000 887.0000 974.0000 2553.0000 2624.0000 3583.0000 1177.0000 1488.0000 1398.0000 673.0000 3173.0000 3045.0000 3684.0000 1444.0000 1935.0000 941.0000 926.0000 1686.0000 2149.0000 455.0000 3380.0000 894.0000 2688.0000 1433.0000 2692.0000 1740.0000 2070.0000 1081.0000 696.0000 1101.0000 3388.0000 1009.0000 950.0000 2952.0000 1063.0000 964.0000 2009.0000 1972.0000 2286.0000
1658.0000 1135.0000 1050.0000 3937.0000 694.0000 1342.0000 5951.0000 1282.0000 2366.0000 781.0000 2128.0000 0.0000 2265.0000 1695.0000 2353.0000 2819.0000 1117.0000 1557.0000 1416.0000 2636.0000 1755.0000 1608.0000 456.0000 1002.0000 2245.0000 1246.0000 257.0000 1485.0000 1225.0000 1925.0000 5166.0000 2417.0000 1678.0000 2082.0000 871.0000 1231.0000 1824.0000 4265.0000 1290.0000 2130.0000 1019.0000 4799.0000 279.0000 1441.0000 1971.0000 2309.0000 772.0000 1148.0000 618.0000 2844.0000 700.0000 802.0000 2413.0000 1188.0000 1248.0000 2243.0000 248.0000 1210.0000
464.0000 2875.0000 2915.0000 1958.0000 2089.0000 3451.0000 6417.0000 2162.0000 147.0000 2793.0000 3322.0000 2265.0000 0.0000 3607.0000 4265.0000 3283.0000 3029.0000 931.0000 3328.0000 817.0000 3600.0000 2359.0000 1876.0000 1267.0000 200.0000 3158.0000 2339.0000 3397.0000 3120.0000 211.0000 5632.0000 366.0000 3590.0000 4004.0000 2766.0000 3134.0000 3736.0000 4701.0000 3185.0000 135.0000 2914.0000 5274.0000 2267.0000 815.0000 3883.0000 4221.0000 2667.0000 3043.0000 2606.0000 1451.0000 2595.0000 2697.0000 1011.0000 2563.0000 2623.0000 4155.0000 1834.0000 1337.0000
3334.0000 1424.0000 1119.0000 3710.0000 1577.0000 347.0000 5423.0000 1906.0000 3741.0000 1036.0000 1609.0000 1695.0000 3607.0000 0.0000 665.0000 2300.0000 578.0000 2845.0000 474.0000 4116.0000 1216.0000 1705.0000 1901.0000 2693.0000 3848.0000 652.0000 1480.0000 224.0000 968.0000 3547.0000 4648.0000 4020.0000 176.0000 394.0000 1153.0000 692.0000 137.0000 3752.0000 1169.0000 3744.0000 1301.0000 4291.0000 1420.0000 3047.0000 479.0000 629.0000 1059.0000 1249.0000 1079.0000 4119.0000 982.0000 967.0000 3683.0000 1424.0000 1421.0000 771.0000 1939.0000 2901.0000
3987.0000 2185.0000 1776.0000 4363.0000 2230.0000 1126.0000 6089.0000 2559.0000 4399.0000 1694.0000 2266.0000 2353.0000 4265.0000 665.0000 0.0000 2957.0000 1236.0000 3706.0000 992.0000 4774.0000 1471.0000 2358.0000 2654.0000 3346.0000 4589.0000 1177.0000 2151.0000 887.0000 1564.0000 4099.0000 5304.0000 4591.0000 818.0000 262.0000 1716.0000 1350.0000 528.0000 4408.0000 1827.0000 4306.0000 1905.0000 4947.0000 2073.0000 3590.0000 562.0000 607.0000 1717.0000 2093.0000 1742.0000 4772.0000 1645.0000 1747.0000 4036.0000 2082.0000 2179.0000 760.0000 2592.0000 3554.0000
2870.0000 1193.0000 1451.0000 2941.0000 1609.0000 1989.0000 3142.0000 1133.0000 3417.0000 1694.0000 693.0000 2819.0000 3283.0000 2300.0000 2957.0000 0.0000 1734.0000 2543.0000 2044.0000 3544.0000 1578.0000 932.0000 1939.0000 2582.0000 3304.0000 1868.0000 1861.0000 2089.0000 1362.0000 3131.0000 2357.0000 3642.0000 2133.0000 2624.0000 1491.0000 1615.0000 2379.0000 1456.0000 1144.0000 3338.0000 1310.0000 1990.0000 2035.0000 2650.0000 2429.0000 2759.0000 1770.0000 1216.0000 1790.0000 3346.0000 1622.0000 1639.0000 2910.0000 1162.0000 1062.0000 2698.0000 2139.0000 2278.0000
2601.0000 846.0000 5410.0000 3207.0000 1003.0000 250.0000 4876.0000 1352.0000 3163.0000 458.0000 1041.0000 1117.0000 3029.0000 578.0000 1236.0000 1734.0000 0.0000 2267.0000 300.0000 3542.0000 638.0000 1202.0000 1328.0000 2094.0000 3187.0000 129.0000 915.0000 368.0000 390.0000 2866.0000 4091.0000 3359.0000 561.0000 965.0000 480.0000 114.0000 711.0000 3190.0000 591.0000 3072.0000 669.0000 3724.0000 846.0000 2379.0000 854.0000 1192.0000 392.0000 671.0000 511.0000 3565.0000 408.0000 388.0000 3129.0000 846.0000 950.0000 1126.0000 1347.0000 1860.0000
330.0000 2142.0000 2182.0000 1991.0000 1260.0000 2736.0000 5676.0000 1422.0000 924.0000 1844.0000 2585.0000 1557.0000 931.0000 2845.0000 3706.0000 2543.0000 2267.0000 0.0000 2566.0000 1273.0000 2905.0000 1619.0000 1175.0000 564.0000 1068.0000 2600.0000 1638.0000 2841.0000 2470.0000 770.0000 5113.0000 1240.0000 3039.0000 3433.0000 2134.0000 2580.0000 3184.0000 4182.0000 2465.0000 953.0000 1997.0000 4756.0000 1834.0000 114.0000 3335.0000 3670.0000 2388.0000 2349.0000 1984.0000 1715.0000 2068.0000 2074.0000 1284.0000 1968.0000 2031.0000 3604.0000 1340.0000 636.0000
3049.0000 1127.0000 846.0000 3512.0000 1297.0000 138.0000 5181.0000 1651.0000 3462.0000 757.0000 1353.0000 1416.0000 3328.0000 474.0000 992.0000 2044.0000 300.0000 2566.0000 0.0000 3841.0000 945.0000 1507.0000 1627.0000 2393.0000 3486.0000 178.0000 1214.0000 254.0000 652.0000 3165.0000 4396.0000 3658.0000 531.0000 730.0000 1079.0000 374.0000 476.0000 3495.0000 856.0000 3371.0000 968.0000 4029.0000 1140.0000 2678.0000 806.0000 960.0000 691.0000 978.0000 810.0000 3864.0000 707.0000 687.0000 3428.0000 1145.0000 1249.0000 1096.0000 1646.0000 2159.0000
1302.0000 3104.0000 3333.0000 1571.0000 2535.0000 3786.0000 6678.0000 2423.0000 681.0000 3125.0000 3586.0000 2636.0000 817.0000 4116.0000 4774.0000 3544.0000 3542.0000 1273.0000 3841.0000 0.0000 3998.0000 2620.0000 2217.0000 1647.0000 693.0000 3665.0000 2676.0000 3906.0000 3487.0000 1052.0000 5893.0000 537.0000 4108.0000 4503.0000 3201.0000 3635.0000 4249.0000 4962.0000 3366.0000 800.0000 3064.0000 5536.0000 2804.0000 1385.0000 4401.0000 4739.0000 3199.0000 3129.0000 3032.0000 1070.0000 3122.0000 3209.0000 634.0000 2948.0000 2846.0000 4673.0000 2395.0000 1681.0000
3399.0000 1484.0000 578.0000 3392.0000 1511.0000 888.0000 4720.0000 1588.0000 3734.0000 1096.0000 887.0000 1755.0000 3600.0000 1216.0000 1471.0000 1578.0000 638.0000 2905.0000 945.0000 3998.0000 0.0000 1383.0000 1835.0000 2627.0000 3846.0000 767.0000 1771.0000 788.0000 520.0000 3380.0000 3925.0000 3872.0000 938.0000 1200.0000 842.0000 524.0000 943.0000 3024.0000 607.0000 3585.0000 892.0000 3558.0000 1470.0000 2871.0000 1288.0000 1438.0000 1118.0000 742.0000 1143.0000 3801.0000 1046.0000 976.0000 3365.0000 1076.0000 1174.0000 1185.0000 1989.0000 2951.0000
1946.0000 490.0000 721.0000 2013.0000 908.0000 1452.0000 4074.0000 209.0000 2493.0000 827.0000 974.0000 1608.0000 2359.0000 1705.0000 2358.0000 932.0000 1202.0000 1619.0000 1507.0000 2620.0000 1383.0000 0.0000 1238.0000 1612.0000 2617.0000 1332.0000 1174.0000 1495.0000 875.0000 2211.0000 3289.0000 2718.0000 1634.0000 2087.0000 774.0000 1109.0000 1838.0000 2388.0000 754.0000 2414.0000 607.0000 2922.0000 1348.0000 1726.0000 1930.0000 2265.0000 991.0000 517.0000 983.0000 2422.0000 919.0000 880.0000 1986.0000 459.0000 359.0000 2199.0000 1438.0000 1350.0000
1278.0000 990.0000 1030.0000 2922.0000 324.0000 1671.0000 5071.0000 1030.0000 1934.0000 908.0000 2553.0000 456.0000 1876.0000 1901.0000 2654.0000 1939.0000 1328.0000 1175.0000 1627.0000 2217.0000 1835.0000 1238.0000 0.0000 801.0000 1865.0000 1450.0000 554.0000 2243.0000 1546.0000 1545.0000 4286.0000 2037.0000 1889.0000 2293.0000 984.0000 1542.0000 2040.0000 3385.0000 1315.0000 1750.0000 847.0000 3919.0000 600.0000 1061.0000 2182.0000 2510.0000 1093.0000 1074.0000 887.0000 2425.0000 1021.0000 992.0000 1994.0000 818.0000 881.0000 2454.0000 432.0000 1394.0000
669.0000 1950.0000 1990.0000 2368.0000 1116.0000 2336.0000 5724.0000 1461.0000 1377.0000 1702.0000 2624.0000 1002.0000 1267.0000 2693.0000 3346.0000 2582.0000 2094.0000 564.0000 2393.0000 1647.0000 2627.0000 1612.0000 801.0000 0.0000 1256.0000 2083.0000 1252.0000 2324.0000 2058.0000 936.0000 4929.0000 1428.0000 2517.0000 2686.0000 1841.0000 2057.0000 2806.0000 4038.0000 2123.0000 1141.0000 1849.0000 4572.0000 1275.0000 452.0000 2805.0000 3143.0000 1610.0000 2020.0000 1612.0000 1869.0000 1542.0000 1642.0000 1422.0000 1748.0000 1811.0000 3082.0000 754.0000 259.0000
627.0000 2855.0000 2895.0000 2170.0000 2183.0000 3431.0000 6675.0000 2420.0000 130.0000 2773.0000 3583.0000 2245.0000 200.0000 3848.0000 4589.0000 3304.0000 3187.0000 1068.0000 3486.0000 693.0000 3846.0000 2617.0000 1865.0000 1256.0000 0.0000 3310.0000 2324.0000 3551.0000 3185.0000 372.0000 5890.0000 190.0000 3754.0000 4148.0000 2849.0000 3295.0000 3899.0000 4959.0000 3180.0000 125.0000 2712.0000 5533.0000 2524.0000 954.0000 4050.0000 4385.0000 2836.0000 2939.0000 2644.0000 1669.0000 2764.0000 2857.0000 1233.0000 2683.0000 2746.0000 4319.0000 2004.0000 1326.0000
2878.0000 975.0000 670.0000 3336.0000 1126.0000 124.0000 5000.0000 1538.0000 3402.0000 587.0000 1177.0000 1246.0000 3158.0000 652.0000 1177.0000 1868.0000 129.0000 2600.0000 178.0000 3665.0000 767.0000 1332.0000 1450.0000 2083.0000 3310.0000 0.0000 1044.0000 432.0000 519.0000 2995.0000 4215.0000 3487.0000 709.0000 908.0000 609.0000 243.0000 639.0000 3314.0000 720.0000 3200.0000 798.0000 3848.0000 969.0000 2486.0000 984.0000 1138.0000 528.0000 800.0000 640.0000 3751.0000 536.0000 517.0000 3315.0000 975.0000 1078.0000 1274.0000 1329.0000 1189.0000
1737.0000 926.0000 835.0000 3503.0000 260.0000 1165.0000 4993.0000 965.0000 2449.0000 844.0000 1488.0000 257.0000 2339.0000 1480.0000 2151.0000 1861.0000 915.0000 1638.0000 1214.0000 2676.0000 1771.0000 1174.0000 554.0000 1252.0000 2324.0000 1044.0000 0.0000 1275.0000 1023.0000 2004.0000 4208.0000 2496.0000 1468.0000 1637.0000 669.0000 1022.0000 1627.0000 3307.0000 1088.0000 2209.0000 783.0000 3841.0000 184.0000 1524.0000 1756.0000 2094.0000 570.0000 946.0000 523.0000 3178.0000 498.0000 600.0000 2742.0000 754.0000 817.0000 2033.0000 498.0000 1460.0000
3124.0000 1214.0000 909.0000 3500.0000 1367.0000 189.0000 5221.0000 1716.0000 3531.0000 826.0000 1398.0000 1485.0000 3397.0000 224.0000 887.0000 2089.0000 368.0000 2841.0000 254.0000 3906.0000 788.0000 1495.0000 2243.0000 2324.0000 3551.0000 432.0000 1275.0000 0.0000 758.0000 3236.0000 4436.0000 4225.0000 283.0000 606.0000 848.0000 482.0000 359.0000 3535.0000 959.0000 3441.0000 1037.0000 4069.0000 1210.0000 2727.0000 701.0000 851.0000 702.0000 1039.0000 879.0000 3929.0000 777.0000 756.0000 3493.0000 1214.0000 1311.0000 1494.0000 1570.0000 2532.0000
2878.0000 599.0000 287.0000 2884.0000 996.0000 640.0000 4494.0000 1112.0000 3219.0000 455.0000 673.0000 1225.0000 3120.0000 968.0000 1564.0000 1362.0000 390.0000 2470.0000 652.0000 3487.0000 520.0000 875.0000 1546.0000 2058.0000 3185.0000 519.0000 1023.0000 758.0000 0.0000 2865.0000 3709.0000 3036.0000 478.0000 1293.0000 354.0000 274.0000 1036.0000 2808.0000 366.0000 3070.0000 447.0000 3342.0000 949.0000 2356.0000 708.0000 837.0000 577.0000 367.0000 623.0000 3325.0000 525.0000 523.0000 2889.0000 631.0000 728.0000 1635.0000 1304.0000 2266.0000
307.0000 2535.0000 2575.0000 2109.0000 1863.0000 3110.0000 6265.0000 2010.0000 343.0000 2453.0000 3173.0000 1925.0000 211.0000 3547.0000 4099.0000 3131.0000 2866.0000 770.0000 3165.0000 1052.0000 3380.0000 2211.0000 1545.0000 936.0000 372.0000 2995.0000 2004.0000 3236.0000 2865.0000 0.0000 5480.0000 549.0000 3434.0000 3828.0000 2529.0000 2975.0000 3579.0000 4549.0000 2860.0000 257.0000 2392.0000 5123.0000 2204.0000 656.0000 3730.0000 4065.0000 2527.0000 2619.0000 2354.0000 1608.0000 2444.0000 2537.0000 1172.0000 2406.0000 2305.0000 3999.0000 1684.0000 1006.0000
5217.0000 3860.0000 3803.0000 5298.0000 3961.0000 4341.0000 785.0000 3482.0000 5766.0000 4041.0000 3045.0000 5166.0000 5632.0000 4648.0000 5304.0000 2357.0000 4091.0000 5113.0000 4396.0000 5893.0000 3925.0000 3289.0000 4286.0000 4929.0000 5890.0000 4215.0000 4208.0000 4436.0000 3709.0000 5480.0000 0.0000 5991.0000 4480.0000 4971.0000 3843.0000 3962.0000 4791.0000 901.0000 3491.0000 5687.0000 3662.0000 1445.0000 4615.0000 4999.0000 4776.0000 5106.0000 4117.0000 3568.0000 4137.0000 5695.0000 3969.0000 3986.0000 5259.0000 3514.0000 3414.0000 5045.0000 4708.0000 4619.0000
799.0000 3027.0000 3067.0000 2108.0000 2355.0000 3603.0000 6776.0000 2521.0000 228.0000 2945.0000 3684.0000 2417.0000 366.0000 4020.0000 4591.0000 3642.0000 3359.0000 1240.0000 3658.0000 537.0000 3872.0000 2718.0000 2037.0000 1428.0000 190.0000 3487.0000 2496.0000 4225.0000 3036.0000 549.0000 5991.0000 0.0000 3926.0000 4320.0000 3021.0000 3467.0000 4171.0000 5060.0000 3352.0000 297.0000 2884.0000 5634.0000 2696.0000 1126.0000 4222.0000 4557.0000 3008.0000 3114.0000 2846.0000 1607.0000 2936.0000 3162.0000 1171.0000 2855.0000 2918.0000 4491.0000 2176.0000 1498.0000
3305.0000 1407.0000 1102.0000 3643.0000 1565.0000 489.0000 5265.0000 1839.0000 3724.0000 1019.0000 1444.0000 1678.0000 3590.0000 176.0000 818.0000 2133.0000 561.0000 3039.0000 531.0000 4108.0000 938.0000 1634.0000 1889.0000 2517.0000 3754.0000 709.0000 1468.0000 283.0000 478.0000 3434.0000 4480.0000 3926.0000 0.0000 547.0000 1041.0000 675.0000 290.0000 3579.0000 1152.0000 3639.0000 1230.0000 4113.0000 1402.0000 2925.0000 213.0000 435.0000 802.0000 1232.0000 1072.0000 4052.0000 970.0000 949.0000 3616.0000 1407.0000 1511.0000 413.0000 1763.0000 2725.0000
3716.0000 1811.0000 1505.0000 4092.0000 1959.0000 855.0000 5756.0000 2288.0000 4128.0000 1423.0000 1935.0000 2082.0000 4004.0000 394.0000 262.0000 2624.0000 965.0000 3433.0000 730.0000 4503.0000 1200.0000 2087.0000 2293.0000 2686.0000 4148.0000 908.0000 1637.0000 606.0000 1293.0000 3828.0000 4971.0000 4320.0000 547.0000 0.0000 1444.0000 1016.0000 257.0000 4002.0000 1493.0000 4041.0000 1638.0000 4604.0000 1802.0000 3319.0000 354.0000 229.0000 1356.0000 1849.0000 1475.0000 4501.0000 1139.0000 1352.0000 4065.0000 1839.0000 1931.0000 300.0000 1932.0000 2899.0000
2251.0000 359.0000 158.0000 2934.0000 660.0000 730.0000 4628.0000 1000.0000 2883.0000 75.0000 941.0000 871.0000 2766.0000 1153.0000 1716.0000 1491.0000 480.0000 2134.0000 1079.0000 3201.0000 842.0000 774.0000 984.0000 1841.0000 2849.0000 609.0000 669.0000 848.0000 354.0000 2529.0000 3843.0000 3021.0000 1041.0000 1444.0000 0.0000 594.0000 1187.0000 2942.0000 329.0000 2734.0000 148.0000 3476.0000 567.0000 2020.0000 1335.0000 1672.0000 243.0000 287.0000 268.0000 3213.0000 171.0000 107.0000 2777.0000 315.0000 419.0000 1606.0000 1087.0000 2049.0000
2878.0000 1060.0000 439.0000 3093.0000 1106.0000 364.0000 4747.0000 1289.0000 3277.0000 572.0000 926.0000 1231.0000 3134.0000 692.0000 1350.0000 1615.0000 114.0000 2580.0000 374.0000 3635.0000 524.0000 1109.0000 1542.0000 2057.0000 3295.0000 243.0000 1022.0000 482.0000 274.0000 2975.0000 3962.0000 3467.0000 675.0000 1016.0000 594.0000 0.0000 759.0000 3061.0000 705.0000 3180.0000 635.0000 3595.0000 971.0000 2466.0000 968.0000 1306.0000 506.0000 705.0000 625.0000 3502.0000 524.0000 502.0000 3066.0000 960.0000 1064.0000 1240.0000 1303.0000 1974.0000
3467.0000 1557.0000 1248.0000 3843.0000 1710.0000 598.0000 5511.0000 2039.0000 3870.0000 1165.0000 1686.0000 1824.0000 3736.0000 137.0000 528.0000 2379.0000 711.0000 3184.0000 476.0000 4249.0000 943.0000 1838.0000 2040.0000 2806.0000 3899.0000 639.0000 1627.0000 359.0000 1036.0000 3579.0000 4791.0000 4171.0000 290.0000 257.0000 1187.0000 759.0000 0.0000 3825.0000 1236.0000 3784.0000 1381.0000 4359.0000 1553.0000 3070.0000 342.0000 492.0000 1099.0000 1592.0000 1218.0000 4252.0000 1115.0000 1095.0000 3816.0000 1560.0000 1672.0000 634.0000 1908.0000 2570.0000
4316.0000 2959.0000 2902.0000 4391.0000 3060.0000 3440.0000 1686.0000 2551.0000 4835.0000 3140.0000 2149.0000 4265.0000 4701.0000 3752.0000 4408.0000 1456.0000 3190.0000 4182.0000 3495.0000 4962.0000 3024.0000 2388.0000 3385.0000 4038.0000 4959.0000 3314.0000 3307.0000 3535.0000 2808.0000 4549.0000 901.0000 5060.0000 3579.0000 4002.0000 2942.0000 3061.0000 3825.0000 0.0000 2590.0000 4848.0000 2761.0000 544.0000 3481.0000 4068.0000 3875.0000 4505.0000 3145.0000 2667.0000 3236.0000 4764.0000 3073.0000 3083.0000 4328.0000 2613.0000 2513.0000 4144.0000 3590.0000 3718.0000
2963.0000 394.0000 287.0000 2763.0000 991.0000 841.0000 4276.0000 955.0000 3214.0000 560.0000 455.0000 1290.0000 3185.0000 1169.0000 1827.0000 1144.0000 591.0000 2465.0000 856.0000 3366.0000 607.0000 754.0000 1315.0000 2123.0000 3180.0000 720.0000 1088.0000 959.0000 366.0000 2860.0000 3491.0000 3352.0000 1152.0000 1493.0000 329.0000 705.0000 1236.0000 2590.0000 0.0000 3065.0000 432.0000 3124.0000 1014.0000 2351.0000 1445.0000 1783.0000 602.0000 345.0000 688.0000 3168.0000 590.0000 488.0000 2732.0000 498.0000 589.0000 1717.0000 1369.0000 2331.0000
512.0000 2740.0000 2780.0000 2083.0000 2068.0000 3316.0000 6472.0000 2217.0000 184.0000 2658.0000 3380.0000 2130.0000 135.0000 3744.0000 4306.0000 3338.0000 3072.0000 953.0000 3371.0000 800.0000 3585.0000 2414.0000 1750.0000 1141.0000 125.0000 3200.0000 2209.0000 3441.0000 3070.0000 257.0000 5687.0000 297.0000 3639.0000 4041.0000 2734.0000 3180.0000 3784.0000 4848.0000 3065.0000 0.0000 2597.0000 5330.0000 2409.0000 839.0000 3935.0000 4270.0000 2721.0000 2923.0000 2559.0000 1582.0000 2649.0000 2753.0000 1146.0000 2568.0000 2651.0000 4204.0000 1889.0000 1211.0000
2515.0000 98.0000 276.0000 2543.0000 523.0000 919.0000 4447.0000 715.0000 2746.0000 227.0000 894.0000 1019.0000 2914.0000 1301.0000 1905.0000 1310.0000 669.0000 1997.0000 968.0000 3064.0000 892.0000 607.0000 847.0000 1849.0000 2712.0000 798.0000 783.0000 1037.0000 447.0000 2392.0000 3662.0000 2884.0000 1230.0000 1638.0000 148.0000 635.0000 1381.0000 2761.0000 432.0000 2597.0000 0.0000 3294.0000 722.0000 1883.0000 1423.0000 1783.0000 391.0000 192.0000 416.0000 2928.0000 319.0000 217.0000 2492.0000 184.0000 282.0000 1795.0000 1095.0000 2042.0000
4850.0000 3538.0000 3436.0000 4925.0000 3594.0000 3974.0000 2230.0000 3125.0000 4875.0000 3674.0000 2688.0000 4799.0000 5274.0000 4291.0000 4947.0000 1990.0000 3724.0000 4756.0000 4029.0000 5536.0000 3558.0000 2922.0000 3919.0000 4572.0000 5533.0000 3848.0000 3841.0000 4069.0000 3342.0000 5123.0000 1445.0000 5634.0000 4113.0000 4604.0000 3476.0000 3595.0000 4359.0000 544.0000 3124.0000 5330.0000 3294.0000 0.0000 4015.0000 4642.0000 4409.0000 4739.0000 3750.0000 3201.0000 3770.0000 5338.0000 3607.0000 3617.0000 4902.0000 3147.0000 3047.0000 4678.0000 4124.0000 4252.0000
1937.0000 856.0000 771.0000 3236.0000 434.0000 1063.0000 5167.0000 1145.0000 2492.0000 502.0000 1433.0000 279.0000 2267.0000 1420.0000 2073.0000 2035.0000 846.0000 1834.0000 1140.0000 2804.0000 1470.0000 1348.0000 600.0000 1275.0000 2524.0000 969.0000 184.0000 1210.0000 949.0000 2204.0000 4615.0000 2696.0000 1402.0000 1802.0000 567.0000 971.0000 1553.0000 3481.0000 1014.0000 2409.0000 722.0000 4015.0000 0.0000 1720.0000 1698.0000 2037.0000 554.0000 852.0000 339.0000 3004.0000 429.0000 533.0000 2571.0000 889.0000 993.0000 1967.0000 527.0000 1123.0000
367.0000 2026.0000 2066.0000 2107.0000 1354.0000 2620.0000 5784.0000 1529.0000 925.0000 1944.0000 2692.0000 1441.0000 815.0000 3047.0000 3590.0000 2650.0000 2379.0000 114.0000 2678.0000 1385.0000 2871.0000 1726.0000 1061.0000 452.0000 954.0000 2486.0000 1524.0000 2727.0000 2356.0000 656.0000 4999.0000 1126.0000 2925.0000 3319.0000 2020.0000 2466.0000 3070.0000 4068.0000 2351.0000 839.0000 1883.0000 4642.0000 1720.0000 0.0000 3221.0000 3556.0000 2274.0000 2235.0000 1870.0000 1601.0000 1954.0000 1960.0000 1170.0000 1854.0000 1917.0000 3490.0000 1226.0000 522.0000
3601.0000 1710.0000 1395.0000 3939.0000 1861.0000 940.0000 5561.0000 2131.0000 4017.0000 1312.0000 1740.0000 1971.0000 3883.0000 479.0000 562.0000 2429.0000 854.0000 3335.0000 806.0000 4401.0000 1288.0000 1930.0000 2182.0000 2805.0000 4050.0000 984.0000 1756.0000 701.0000 708.0000 3730.0000 4776.0000 4222.0000 213.0000 354.0000 1335.0000 968.0000 342.0000 3875.0000 1445.0000 3935.0000 1423.0000 4409.0000 1698.0000 3221.0000 0.0000 273.0000 1340.0000 1525.0000 1355.0000 4344.0000 1258.0000 942.0000 3908.0000 1700.0000 1798.0000 312.0000 2051.0000 3033.0000
3936.0000 1733.0000 1740.0000 4274.0000 2196.0000 1090.0000 5891.0000 2466.0000 4362.0000 1650.0000 2070.0000 2309.0000 4221.0000 629.0000 607.0000 2759.0000 1192.0000 3670.0000 960.0000 4739.0000 1438.0000 2265.0000 2510.0000 3143.0000 4385.0000 1138.0000 2094.0000 851.0000 837.0000 4065.0000 5106.0000 4557.0000 435.0000 229.0000 1672.0000 1306.0000 492.0000 4505.0000 1783.0000 4270.0000 1783.0000 4739.0000 2037.0000 3556.0000 273.0000 0.0000 1668.0000 1863.0000 1693.0000 4679.0000 1596.0000 1580.0000 4243.0000 2038.0000 2134.0000 254.0000 2389.0000 3351.0000
2430.0000 508.0000 407.0000 3008.0000 658.0000 722.0000 4902.0000 1087.0000 2985.0000 170.0000 1081.0000 772.0000 2667.0000 1059.0000 1717.0000 1770.0000 392.0000 2388.0000 691.0000 3199.0000 1118.0000 991.0000 1093.0000 1610.0000 2836.0000 528.0000 570.0000 702.0000 577.0000 2527.0000 4117.0000 3008.0000 802.0000 1356.0000 243.0000 506.0000 1099.0000 3145.0000 602.0000 2721.0000 391.0000 3750.0000 554.0000 2274.0000 1340.0000 1668.0000 0.0000 520.0000 86.0000 3299.0000 72.0000 170.0000 2864.0000 558.0000 662.0000 1489.0000 856.0000 1434.0000
2691.0000 194.0000 279.0000 2522.0000 750.0000 921.0000 4353.0000 718.0000 2973.0000 383.0000 696.0000 1148.0000 3043.0000 1249.0000 2093.0000 1216.0000 671.0000 2349.0000 978.0000 3129.0000 742.0000 517.0000 1074.0000 2020.0000 2939.0000 800.0000 946.0000 1039.0000 367.0000 2619.0000 3568.0000 3114.0000 1232.0000 1849.0000 287.0000 705.0000 1592.0000 2667.0000 345.0000 2923.0000 192.0000 3201.0000 852.0000 2235.0000 1525.0000 1863.0000 520.0000 0.0000 543.0000 2931.0000 448.0000 342.0000 2495.0000 239.0000 288.0000 1797.0000 1266.0000 1878.0000
2087.0000 532.0000 334.0000 3006.0000 563.0000 761.0000 4922.0000 1083.0000 2831.0000 169.0000 1101.0000 618.0000 2606.0000 1079.0000 1742.0000 1790.0000 511.0000 1984.0000 810.0000 3032.0000 1143.0000 983.0000 887.0000 1612.0000 2644.0000 640.0000 523.0000 879.0000 623.0000 2354.0000 4137.0000 2846.0000 1072.0000 1475.0000 268.0000 625.0000 1218.0000 3236.0000 688.0000 2559.0000 416.0000 3770.0000 339.0000 1870.0000 1355.0000 1693.0000 86.0000 543.0000 0.0000 3295.0000 97.0000 199.0000 2859.0000 588.0000 692.0000 1637.0000 858.0000 1339.0000
1861.0000 2906.0000 3135.0000 806.0000 2929.0000 3866.0000 6480.0000 2225.0000 1544.0000 3136.0000 3388.0000 2844.0000 1451.0000 4119.0000 4772.0000 3346.0000 3565.0000 1715.0000 3864.0000 1070.0000 3801.0000 2422.0000 2425.0000 1869.0000 1669.0000 3751.0000 3178.0000 3929.0000 3325.0000 1608.0000 5695.0000 1607.0000 4052.0000 4501.0000 3213.0000 3502.0000 4252.0000 4764.0000 3168.0000 1582.0000 2928.0000 5338.0000 3004.0000 1601.0000 4344.0000 4679.0000 3299.0000 2931.0000 3295.0000 0.0000 3227.0000 3206.0000 446.0000 2750.0000 2649.0000 4617.0000 2417.0000 1882.0000
2358.0000 435.0000 337.0000 2936.0000 586.0000 652.0000 4759.0000 1015.0000 2913.0000 98.0000 1009.0000 700.0000 2595.0000 982.0000 1645.0000 1622.0000 408.0000 2068.0000 707.0000 3122.0000 1046.0000 919.0000 1021.0000 1542.0000 2764.0000 536.0000 498.0000 777.0000 525.0000 2444.0000 3969.0000 2936.0000 970.0000 1139.0000 171.0000 524.0000 1115.0000 3073.0000 590.0000 2649.0000 319.0000 3607.0000 429.0000 1954.0000 1258.0000 1596.0000 72.0000 448.0000 97.0000 3227.0000 0.0000 102.0000 2791.0000 486.0000 590.0000 1535.0000 8700.0000 1441.0000
2263.0000 335.0000 235.0000 3026.0000 668.0000 754.0000 4771.0000 960.0000 2891.0000 80.0000 950.0000 802.0000 2697.0000 967.0000 1747.0000 1639.0000 388.0000 2074.0000 687.0000 3209.0000 976.0000 880.0000 992.0000 1642.0000 2857.0000 517.0000 600.0000 756.0000 523.0000 2537.0000 3986.0000 3162.0000 949.0000 1352.0000 107.0000 502.0000 1095.0000 3083.0000 488.0000 2753.0000 217.0000 3617.0000 533.0000 1960.0000 942.0000 1580.0000 170.0000 342.0000 199.0000 3206.0000 102.0000 0.0000 2770.0000 389.0000 497.0000 1514.0000 888.0000 1543.0000
1425.0000 2470.0000 2699.0000 947.0000 2493.0000 3430.0000 6044.0000 1789.0000 1103.0000 2700.0000 2952.0000 2413.0000 1011.0000 3683.0000 4036.0000 2910.0000 3129.0000 1284.0000 3428.0000 634.0000 3365.0000 1986.0000 1994.0000 1422.0000 1233.0000 3315.0000 2742.0000 3493.0000 2889.0000 1172.0000 5259.0000 1171.0000 3616.0000 4065.0000 2777.0000 3066.0000 3816.0000 4328.0000 2732.0000 1146.0000 2492.0000 4902.0000 2571.0000 1170.0000 3908.0000 4243.0000 2864.0000 2495.0000 2859.0000 446.0000 2791.0000 2770.0000 0.0000 2314.0000 2213.0000 4181.0000 2105.0000 1446.0000
2266.0000 137.0000 451.0000 2464.0000 494.0000 1096.0000 4299.0000 537.0000 2717.0000 411.0000 1063.0000 1188.0000 2563.0000 1424.0000 2082.0000 1162.0000 846.0000 1968.0000 1145.0000 2948.0000 1076.0000 459.0000 818.0000 1748.0000 2683.0000 975.0000 754.0000 1214.0000 631.0000 2406.0000 3514.0000 2855.0000 1407.0000 1839.0000 315.0000 960.0000 1560.0000 2613.0000 498.0000 2568.0000 184.0000 3147.0000 889.0000 1854.0000 1700.0000 2038.0000 558.0000 239.0000 588.0000 2750.0000 486.0000 389.0000 2314.0000 0.0000 112.0000 1972.0000 994.0000 1345.0000
2166.0000 234.0000 546.0000 2364.0000 557.0000 1191.0000 4199.0000 436.0000 2655.0000 508.0000 964.0000 1248.0000 2623.0000 1421.0000 2179.0000 1062.0000 950.0000 2031.0000 1249.0000 2846.0000 1174.0000 359.0000 881.0000 1811.0000 2746.0000 1078.0000 817.0000 1311.0000 728.0000 2305.0000 3414.0000 2918.0000 1511.0000 1931.0000 419.0000 1064.0000 1672.0000 2513.0000 589.0000 2651.0000 282.0000 3047.0000 993.0000 1917.0000 1798.0000 2134.0000 662.0000 288.0000 692.0000 2649.0000 590.0000 497.0000 2213.0000 112.0000 0.0000 2076.0000 1057.0000 1408.0000
3870.0000 2072.0000 1882.0000 4208.0000 2130.0000 1232.0000 5830.0000 2400.0000 4504.0000 1584.0000 2009.0000 2243.0000 4155.0000 771.0000 760.0000 2698.0000 1126.0000 3604.0000 1096.0000 4673.0000 1185.0000 2199.0000 2454.0000 3082.0000 4319.0000 1274.0000 2033.0000 1494.0000 1635.0000 3999.0000 5045.0000 4491.0000 413.0000 300.0000 1606.0000 1240.0000 634.0000 4144.0000 1717.0000 4204.0000 1795.0000 4678.0000 1967.0000 3490.0000 312.0000 254.0000 1489.0000 1797.0000 1637.0000 4617.0000 1535.0000 1514.0000 4181.0000 1972.0000 2076.0000 0.0000 2328.0000 2986.0000
1417.0000 1196.0000 2699.0000 3116.0000 524.0000 1582.0000 5271.0000 1238.0000 1972.0000 948.0000 1972.0000 248.0000 1834.0000 1939.0000 2592.0000 2139.0000 1347.0000 1340.0000 1646.0000 2395.0000 1989.0000 1438.0000 432.0000 754.0000 2004.0000 1329.0000 498.0000 1570.0000 1304.0000 1684.0000 4708.0000 2176.0000 1763.0000 1932.0000 1087.0000 1303.0000 1908.0000 3590.0000 1369.0000 1889.0000 1095.0000 4124.0000 527.0000 1226.0000 2051.0000 2389.0000 856.0000 1266.0000 858.0000 2417.0000 8700.0000 888.0000 2105.0000 994.0000 1057.0000 2328.0000 0.0000 962.0000
739.0000 1517.0000 1557.0000 2390.0000 851.0000 2098.0000 5404.0000 1199.0000 1447.0000 1435.0000 2286.0000 1210.0000 1337.0000 2901.0000 3554.0000 2278.0000 1860.0000 636.0000 2159.0000 1681.0000 2951.0000 1350.0000 1394.0000 259.0000 1326.0000 1189.0000 1460.0000 2532.0000 2266.0000 1006.0000 4619.0000 1498.0000 2725.0000 2899.0000 2049.0000 1974.0000 2570.0000 3718.0000 2331.0000 1211.0000 2042.0000 4252.0000 1123.0000 522.0000 3033.0000 3351.0000 1434.0000 1878.0000 1339.0000 1882.0000 1441.0000 1543.0000 1446.0000 1345.0000 1408.0000 2986.0000 962.0000 0.0000
