0.0000 153.0000 510.0000 706.0000 966.0000 581.0000 455.0000 70.0000 160.0000 372.0000 157.0000 567.0000 342.0000 398.0000
153.0000 0.0000 422.0000 664.0000 997.0000 598.0000 507.0000 197.0000 311.0000 479.0000 310.0000 581.0000 417.0000 376.0000
510.0000 422.0000 0.0000 289.0000 744.0000 390.0000 437.0000 491.0000 645.0000 880.0000 618.0000 374.0000 455.0000 211.0000
706.0000 664.0000 289.0000 0.0000 491.0000 265.0000 410.0000 664.0000 804.0000 1070.0000 768.0000 259.0000 499.0000 310.0000
966.0000 997.0000 744.0000 491.0000 0.0000 400.0000 514.0000 902.0000 990.0000 1261.0000 947.0000 418.0000 635.0000 636.0000
581.0000 598.0000 390.0000 265.0000 400.0000 0.0000 168.0000 522.0000 634.0000 910.0000 593.0000 19.0000 284.0000 239.0000
455.0000 507.0000 437.0000 410.0000 514.0000 168.0000 0.0000 389.0000 482.0000 757.0000 439.0000 163.0000 124.0000 232.0000
70.0000 197.0000 491.0000 664.0000 902.0000 522.0000 389.0000 0.0000 154.0000 406.0000 133.0000 508.0000 273.0000 355.0000
160.0000 311.0000 645.0000 804.0000 990.0000 634.0000 482.0000 154.0000 0.0000 276.0000 43.0000 623.0000 358.0000 498.0000
372.0000 479.0000 880.0000 1070.0000 1261.0000 910.0000 757.0000 406.0000 276.0000 0.0000 318.0000 898.0000 633.0000 761.0000
157.0000 310.0000 618.0000 768.0000 947.0000 593.0000 439.0000 133.0000 43.0000 318.0000 0.0000 582.0000 315.0000 464.0000
567.0000 581.0000 374.0000 259.0000 418.0000 19.0000 163.0000 508.0000 623.0000 898.0000 582.0000 0.0000 275.0000 221.0000
342.0000 417.0000 455.0000 499.0000 635.0000 284.0000 124.0000 273.0000 358.0000 633.0000 315.0000 275.0000 0.0000 247.0000
398.0000 376.0000 211.0000 310.0000 636.0000 239.0000 232.0000 355.0000 498.0000 761.0000 464.0000 221.0000 247.0000 0.0000
