0.0000 576.6464 188.0619 410.0366 139.0975 656.5404 76.2260 110.2284 630.8476 168.2041 752.1425 559.9620 543.3378 396.4477 329.8594 302.8797 777.3182 339.5981 595.9860 462.6492 329.6025 301.6372 475.0715 588.3358 444.4395 285.1286 589.2892 644.5901 533.8919 89.0319 571.1340 463.0538 270.2577 40.1728 172.4292 697.4480 606.1230 487.2133 635.5956 613.3851 603.1174 602.2764 489.4752 416.4262 434.5751 372.2021 539.4868 104.0696 488.1031 498.6955 465.0371 231.7979 583.9212 349.3513 452.0074 307.3894 637.0264 462.6930 295.3749 723.0848 703.2831 235.8196 104.1046 445.4507 404.5565 752.3133 475.3631 501.5628 669.9706 545.1798 435.7158 456.4319 86.9228 575.2641 310.4193 59.0295 386.0266 327.2553 274.7109 393.1792 494.6890 115.2681 358.6924 87.4832 391.6790 521.9474 21.0398 236.6988 118.1102 368.2312 524.0128 335.4005 194.2137 211.8068 110.3393 136.0282 182.9936 12.4814 619.4856 175.7286 575.8468 601.1600 24.6287 398.7847 295.7199 513.5093 113.8700 552.1640 461.3095 504.7142 289.7817 483.0569 165.2351 622.9425 388.4613 561.3565 664.1214 616.9385 517.8783 575.0967 238.5897 390.3928 584.4065 163.0253 298.7211 236.8597 653.8914 464.4483 554.9412 723.9091 434.2074 467.5395 341.3275 388.8437 522.9745 510.4793 541.0277 390.4756 579.1124 750.7632 424.1067 348.5141 202.3024 509.7571 504.8936 262.3638 489.3656 769.7043 270.4504 378.7541
576.6464 0.0000 591.1479 666.2062 488.8240 81.9312 500.6600 470.8055 68.7703 524.9806 325.2802 220.4863 633.0607 422.4528 428.0027 403.6586 433.6129 311.3454 45.8299 136.2789 540.6669 646.8050 339.4220 216.9487 138.6949 295.1154 471.2636 86.3535 54.4933 507.6530 497.3021 320.5501 336.7033 553.5485 423.7862 271.9113 38.1426 327.1017 338.9314 155.0405 365.5327 63.4176 228.7709 593.4363 647.0695 232.3799 80.3477 560.4324 439.4775 143.2673 174.3430 392.4111 176.2566 268.7248 159.8442 269.4242 365.8925 139.8541 428.3721 412.8272 281.6343 599.0320 534.9005 541.8643 224.9850 425.2716 274.8402 715.4233 264.6386 111.6606 624.3106 454.3391 590.6862 598.4940 289.5543 602.1739 370.1623 451.1442 457.0514 434.0868 82.0255 592.2436 220.7154 493.7227 298.2972 85.1914 590.3929 505.4431 470.8126 218.0007 707.3634 271.9193 396.4532 502.0962 560.4010 469.0290 412.2671 564.2281 77.7920 462.0729 316.0090 120.5631 555.3876 692.6437 349.6387 650.9577 529.3706 89.5483 211.7088 77.8063 365.5222 540.3745 535.1905 101.0933 614.9177 281.8288 443.7487 219.1642 720.5068 80.9391 464.7141 395.6994 564.8462 414.6730 610.2755 359.5041 271.8004 683.4058 431.5290 361.7466 322.4450 222.7639 385.8471 266.6307 114.8004 553.4360 182.4985 236.5843 125.3944 496.8374 155.0516 320.6180 453.7942 439.1317 485.7820 314.6853 440.8032 368.2646 606.7034 615.2317
188.0619 591.1479 0.0000 222.1917 297.6782 661.9483 191.4119 183.5384 629.7931 68.3243 681.5153 502.6991 366.7373 273.9909 214.9798 211.0399 677.2209 444.3987 622.4017 458.0126 161.9238 114.8019 379.5006 532.3779 452.7189 345.9722 454.6305 639.7191 561.7398 145.7413 427.7885 375.6832 255.0496 155.4003 185.7078 634.5228 611.6330 395.4897 543.9546 578.6883 500.6360 597.2901 434.7165 238.0549 248.9349 359.6103 532.4837 86.9623 357.0533 556.9140 438.8186 199.1231 541.1855 324.8648 508.4805 342.6885 537.3220 511.8382 190.5795 620.2077 638.1113 47.9991 101.6035 281.3516 481.3116 650.3809 404.5282 313.7433 605.3786 595.2651 253.0575 319.8918 103.5323 407.9494 391.3922 138.6608 288.4541 200.5817 158.8406 266.1019 515.2009 303.2480 403.5779 175.1733 497.8300 560.7814 173.7897 101.2581 167.7055 374.4383 337.2020 319.5059 211.4985 92.8141 294.6636 149.0259 298.0173 188.6552 651.6364 326.2188 487.3575 650.2865 199.6580 211.3504 245.9798 331.9274 289.0647 595.2344 419.1433 513.4204 231.6791 321.6708 59.0653 662.3015 204.5686 483.6487 544.6460 561.6152 330.2145 563.6401 134.4627 280.3023 425.3090 225.5717 111.5261 237.5616 585.0587 277.0961 429.2269 636.5291 349.6938 551.7633 246.5518 343.5976 573.1505 347.7595 613.0306 362.5773 553.0426 628.4026 458.9431 458.9393 352.7348 379.4782 360.1122 315.9823 357.9129 688.4515 82.7804 194.3091
410.0366 666.2062 222.1917 0.0000 508.1996 720.2358 402.3279 383.5753 684.1563 257.1380 645.8012 507.5341 177.8830 249.5293 240.0444 271.8620 600.2859 613.4031 706.4832 531.7416 130.9052 114.5840 358.3173 534.1040 540.4392 497.7655 348.7610 688.8554 653.5412 355.0503 309.9140 367.8537 373.6458 375.7242 356.0240 613.8883 675.0106 375.6464 494.7454 600.3441 441.7308 650.8479 455.8864 84.9925 43.7677 446.4226 592.0031 307.0685 281.7937 677.7587 492.9498 329.5168 558.2132 409.6759 632.8861 476.1257 476.9612 629.3889 248.9047 544.6640 614.1067 174.2605 315.5542 156.9764 625.6477 573.2021 411.9294 91.5520 585.8818 705.0056 67.0258 246.8191 325.4980 239.0705 549.9144 360.0732 297.7529 217.2233 229.3692 237.3838 605.4943 524.9930 532.8049 382.8248 663.1882 663.3181 395.9614 211.0224 364.5459 475.7062 117.0104 414.5082 372.6612 232.9288 514.6583 338.4452 489.9312 409.9653 738.8663 531.5035 451.9730 754.3933 420.1947 39.9367 335.7148 130.9291 505.9367 698.3284 459.1595 592.1389 319.8681 188.6822 254.9830 755.8619 51.3465 464.4087 451.7469 559.9011 108.1123 614.1061 243.8456 273.8946 273.6668 407.3759 111.6113 376.2720 562.4042 56.1442 344.9943 582.0581 354.1054 695.5134 281.4115 400.1186 685.0724 203.1549 741.3449 432.7896 588.3014 521.4975 570.6774 630.5538 556.2225 299.0031 255.5119 468.9052 281.5923 637.5316 139.5862 51.7251
139.0975 488.8240 297.6782 508.1996 0.0000 570.7117 106.6988 126.9114 550.2995 251.0615 714.8232 522.9351 613.2692 425.5149 363.5961 326.2353 762.1789 212.8143 499.7916 396.1375 403.2909 411.1641 474.4029 548.3891 370.6864 196.9700 612.3521 565.8848 440.0152 153.7714 603.1779 457.3203 247.7201 150.3868 177.5862 656.6849 522.5354 482.3899 619.9513 556.5761 598.0214 525.7539 456.5258 494.5756 524.2332 323.2351 468.1880 212.4916 514.7839 388.4498 413.7104 237.3162 534.6449 313.4293 345.5754 234.5787 627.7503 360.0507 329.4311 712.3225 663.9242 341.0459 196.3406 505.5124 289.2128 739.6090 455.8165 597.4760 631.7541 437.3437 519.3521 490.4540 213.3372 631.9591 201.9029 195.1587 397.7194 369.8793 321.3034 426.2410 408.1475 103.5042 269.3582 125.4034 261.5751 421.9431 160.0749 305.9692 146.4812 305.9401 614.5970 295.8869 180.9051 280.8333 71.8184 174.3045 78.4746 129.7182 518.8814 37.5082 561.3807 491.6203 115.5600 505.1225 291.1193 592.3071 41.3304 448.0626 421.9953 425.3000 292.8789 537.8804 253.6149 518.0592 476.4251 539.5839 669.9691 574.7503 612.4267 504.4890 288.8086 410.8336 631.4777 131.3277 398.2810 214.6888 619.6702 558.5604 572.2078 700.6380 429.5926 344.7386 358.5088 361.3547 416.1416 565.0911 421.5892 349.8998 518.3286 755.5669 334.0473 218.3656 63.2943 534.0916 542.3430 186.3555 516.2857 739.8304 373.0461 468.1975
656.5404 81.9312 661.9483 720.2358 570.7117 0.0000 580.3993 549.6564 36.6813 597.0853 288.2354 237.5313 669.5779 471.9880 486.5036 466.4780 408.1881 390.9716 87.2224 204.0098 598.7878 710.2710 376.4870 223.7573 214.0476 376.5117 490.4589 39.5344 133.8134 585.4664 521.3030 360.5488 409.7686 632.3498 500.2610 243.7642 50.9311 361.8207 338.4236 148.5352 375.1312 69.4572 267.7783 643.5670 697.5445 302.5470 130.8485 636.1273 474.8765 214.3541 229.6386 464.7571 184.7052 337.1711 238.5505 349.1650 367.3235 219.3805 491.0861 398.0085 253.0867 666.5106 610.8969 586.5752 303.7759 404.8775 314.1208 762.2988 245.3962 172.6060 673.5715 495.0990 667.3075 628.3226 371.4017 680.2249 422.5041 509.4807 521.2059 484.0042 163.1297 674.1083 302.2578 572.6930 374.0952 160.2225 669.7890 572.3796 548.7490 293.2742 751.1108 342.8804 473.2485 571.2131 642.2552 545.4581 494.0132 644.1647 95.5478 543.9900 329.7303 154.6449 635.6463 749.1368 417.2299 692.4072 611.2097 151.3604 261.1280 152.5325 432.5494 580.0203 607.3819 119.5208 668.9412 298.4700 445.9734 215.0496 765.8422 106.2607 532.3137 446.5686 591.0327 493.9985 672.8279 434.8336 259.1489 732.5113 454.8443 339.6061 368.2451 292.5256 444.3078 326.7280 183.2684 589.8707 238.2070 301.1139 139.1934 486.3011 236.7919 399.2558 535.5206 470.8666 519.9927 395.2584 476.0267 333.9577 671.5832 670.2794
76.2260 500.6600 191.4119 402.3279 106.6988 580.3993 0.0000 37.8298 554.6221 145.4962 680.8967 488.0705 515.1742 344.5052 279.0340 246.6481 711.7017 276.7220 520.6738 386.6517 302.3463 304.5022 412.2573 516.0114 368.2171 210.7135 536.4997 568.3719 458.4719 47.2932 522.2538 398.4713 198.1710 58.3763 103.4187 625.3562 529.9443 423.1489 569.2563 538.5642 539.8108 526.0767 418.0030 393.0775 419.9311 297.2769 463.3897 107.9193 436.1180 426.4307 390.3715 166.2224 510.0139 276.0651 379.0944 231.2970 572.5856 388.8841 243.9575 658.5774 631.4822 234.3516 89.8456 410.4911 334.7970 687.3291 406.9170 492.1877 598.2902 472.0432 416.4695 407.5365 116.4296 539.2113 240.0347 110.4126 326.5850 280.9087 229.4020 343.0684 418.7522 145.0710 283.5576 21.5333 330.1481 447.3760 90.1566 204.8596 52.6767 292.2078 510.4133 261.3809 121.5205 179.1928 123.0877 78.7268 119.2302 63.9682 544.7027 135.1393 509.5160 528.1976 57.4618 398.4938 228.8856 491.1583 106.2394 478.1954 388.4269 428.5042 225.2877 445.3278 147.3808 548.8819 372.2647 492.9470 604.9191 544.3140 507.4227 499.0662 194.3719 334.5513 543.0935 86.8351 291.9164 163.9605 582.9829 453.4887 499.4850 655.8644 369.6728 400.2837 283.3040 317.6472 449.7139 472.8327 471.6094 316.8418 503.7875 691.5685 348.6653 287.8966 161.9821 456.9281 458.1104 186.8439 437.4992 700.1667 266.4173 363.6763
110.2284 470.8055 183.5384 383.5753 126.9114 549.6564 37.8298 0.0000 522.8896 127.5827 643.6422 450.9680 487.0481 309.1933 244.4029 210.6462 673.8731 266.3775 492.8261 353.2995 276.3859 292.2469 374.6364 479.0667 336.3721 186.5677 500.5234 536.2214 430.4839 42.9022 487.2770 360.7078 160.9662 82.7443 65.6046 588.3485 498.9610 385.4128 531.4271 503.1567 502.0997 493.6955 380.7523 367.6648 397.9396 261.9938 430.3766 109.3335 400.5151 404.1209 354.8100 128.5895 473.8600 239.4702 356.0799 201.7318 534.7977 364.3812 209.4271 620.7787 594.3798 222.0438 85.5020 380.4005 316.3446 649.5126 369.1555 471.8823 561.1451 448.2865 392.5504 372.8494 128.5464 508.1423 222.0187 132.4180 289.5558 247.7429 197.2435 308.2844 389.2451 180.9922 256.9861 23.1543 320.2110 421.2759 120.7570 179.0731 19.5707 259.0613 488.1683 225.2520 84.4203 154.0320 156.8840 47.4982 114.6441 98.6187 517.9557 147.9316 471.6862 504.5275 94.1910 383.1782 191.0689 465.4227 136.1712 453.0907 351.6784 397.2886 187.6592 414.0551 131.8937 523.4429 350.1071 455.1979 567.6544 507.4934 486.5422 465.7587 163.3561 298.2707 510.2814 56.9151 275.3523 127.0532 545.6290 432.7951 462.9714 618.1056 331.9220 384.1056 246.6843 280.2777 425.8470 441.4654 452.6479 280.4697 468.9805 654.2689 320.9550 279.4302 172.9805 421.0720 423.8745 160.1871 401.9234 662.5733 251.8155 342.1144
630.8476 68.7703 629.7931 684.1563 550.2995 36.6813 554.6221 522.8896 0.0000 565.5981 268.0159 201.7534 632.9901 435.6600 451.2484 432.1394 383.7714 379.0664 93.2011 172.9462 563.3311 675.7556 339.8122 189.2743 186.5282 354.3509 455.1945 17.6044 123.2089 557.6195 485.5172 323.8806 379.2290 605.3795 471.5220 219.3121 30.6315 325.1790 306.2048 115.4725 341.0484 33.4683 231.1493 607.1788 661.1601 271.2445 97.3463 606.5715 438.2686 211.2141 194.8351 433.6736 149.5373 304.9671 228.2991 324.1379 334.8092 208.0730 456.6727 369.9185 228.8924 633.1402 581.5860 549.9428 293.2669 378.6400 277.4603 725.7039 217.6895 175.3125 637.1147 458.4187 638.3593 592.0951 353.7125 652.4434 386.4943 474.1630 487.0903 447.6956 142.6961 653.3333 280.9485 546.0089 367.0544 153.7029 643.4358 538.9645 521.0856 264.6924 714.4398 311.6542 444.8250 538.5352 621.4301 516.5788 472.7674 618.5491 112.2580 525.1096 294.8215 169.0192 610.5164 713.3369 384.3801 655.7263 590.3113 153.1024 225.2346 126.4251 399.4657 543.3460 575.9184 138.0366 632.8870 263.0414 413.5627 182.6562 729.1993 70.0569 499.1792 410.3789 555.0933 467.8973 638.1377 405.5053 229.5103 696.0279 419.0453 313.6576 331.7742 290.6667 409.1207 292.2175 181.7014 553.2667 244.6505 267.8552 102.8421 457.2354 216.8207 388.8197 518.2110 434.4149 483.4484 371.2432 439.4250 312.7919 637.4547 634.3410
168.2041 524.9806 68.3243 257.1380 251.0615 597.0853 145.4962 127.5827 565.5981 0.0000 632.4682 448.3980 375.9942 240.4485 175.4970 160.6401 638.2692 379.7885 555.3414 393.0968 161.8701 165.7340 335.7726 478.0491 386.3382 278.3450 430.4181 576.0994 494.3771 98.4047 408.6279 328.8026 188.3135 128.9441 118.3968 582.9332 546.5246 350.5613 500.8297 519.8382 461.2910 533.4507 378.9036 250.5505 274.6668 294.5523 468.4965 69.7922 329.7811 488.5911 376.9466 132.5877 483.7451 260.8853 440.1630 274.3653 497.2091 443.5433 144.7735 582.0055 587.1804 96.4164 64.3421 277.3342 413.6911 611.9937 352.6973 346.7075 554.0384 527.0324 272.2817 295.3768 103.9836 407.1249 324.7499 136.9873 243.4658 167.2598 116.9086 234.9614 448.1608 277.5334 335.2537 125.7012 432.8289 492.8361 160.8220 69.3507 109.3225 307.5637 365.1425 254.2054 143.5579 46.3794 262.4991 86.0394 239.0383 164.2801 584.2653 275.1605 442.5119 582.1358 171.5402 255.5983 184.3957 348.4565 250.5250 527.1963 360.1366 447.4143 171.4336 315.3036 10.3364 594.5458 227.1392 435.0912 513.1961 507.3991 361.9283 500.5241 83.7900 240.6306 417.3800 161.7223 147.8477 169.4307 534.7793 307.9930 399.8848 592.6138 301.2718 484.3045 198.9895 283.9022 504.8946 342.6421 544.8687 299.8688 492.2990 598.8715 390.8847 394.9560 300.5186 352.0512 341.3508 248.2637 330.8821 642.7900 124.4269 218.3554
752.1425 325.2802 681.5153 645.8012 714.8232 288.2354 680.8967 643.6422 268.0159 632.4682 0.0000 193.1357 529.7098 417.5348 467.6266 472.3312 127.3187 595.9891 360.2730 331.3738 558.0555 682.6531 304.1298 166.4968 363.4343 526.7260 317.8946 253.6749 371.9200 665.4295 358.8509 305.8892 482.7305 717.3608 579.7307 59.5134 292.7103 287.2765 151.2868 178.2731 205.0844 261.8780 262.8973 560.8126 609.8775 391.6518 281.7217 692.7607 364.0105 462.9166 302.1831 521.9841 184.4593 405.9192 463.4285 483.3806 172.3992 442.8357 491.1599 141.5326 51.2535 665.5572 672.5734 489.4995 521.4436 133.6549 280.2977 653.2100 83.1402 436.8939 583.4338 399.8450 728.5727 469.4534 549.1817 753.4324 393.2107 485.0473 522.6820 428.2438 364.0564 809.5560 468.7091 665.3679 600.4404 404.8703 758.2139 580.2739 634.0354 411.0599 630.4834 422.0274 559.3791 591.6405 779.0417 618.3186 638.0216 741.3271 379.9005 700.2642 197.8581 437.0081 737.8305 683.1954 458.4188 568.6021 749.2649 414.8271 293.9918 333.0898 467.1201 464.0462 642.0742 405.3912 600.0909 197.8894 228.4667 140.4336 650.2140 254.2167 550.0949 404.2680 424.5847 599.7588 644.4228 517.0016 98.4409 635.4331 305.2818 77.7589 332.0105 540.2595 435.2529 363.4085 437.8347 460.1743 507.7746 366.5452 218.1108 227.5184 422.2268 610.2884 702.2830 347.3926 394.3789 529.9810 364.2103 46.2648 655.5948 605.9041
559.9620 220.4863 502.6991 507.5341 522.9351 237.5313 488.0705 450.9680 201.7534 448.3980 193.1357 0.0000 435.3952 260.1213 295.7195 291.6970 251.7963 421.5996 265.9913 157.7937 399.4364 521.2483 149.7434 29.6934 191.1680 339.1759 253.8599 199.5313 245.5027 474.0673 283.7889 140.1568 290.0024 525.9130 387.5693 137.4974 207.1607 132.8952 126.0306 95.6151 145.2019 173.5689 70.7408 425.5788 478.8974 199.8894 144.7991 505.1620 242.2062 325.2054 115.7780 331.4144 54.0171 212.7838 309.8795 294.4387 149.6652 291.4289 313.1898 213.8161 143.4152 493.1378 483.8060 361.6904 357.7024 234.6658 100.0620 537.2682 110.2434 316.7183 453.4435 267.5765 540.5927 391.3043 367.6016 563.7799 221.6394 316.2501 345.4242 272.1271 216.9155 616.6479 288.6606 472.9000 435.6872 274.5843 566.7134 402.7072 441.8908 222.7830 522.4779 228.9594 366.6013 410.5721 586.2816 427.2508 446.9085 548.9739 296.3560 509.9603 95.5684 339.9803 545.1482 540.8479 268.7259 462.0266 556.6950 297.8888 101.0903 185.3589 278.9162 349.3409 458.3646 320.9923 457.5428 61.9085 225.2475 59.0178 538.8532 141.5886 368.6404 239.6370 353.5194 406.6231 482.4947 324.1139 96.7423 511.0451 217.3224 183.0010 158.8448 393.2566 257.9313 171.2266 308.8135 356.3079 383.7206 173.6112 99.6713 287.6286 254.6182 437.7022 513.6626 235.5851 285.6584 339.6275 243.1808 217.1740 488.6802 460.9723
543.3378 633.0607 366.7373 177.8830 613.2692 669.5779 515.1742 487.0481 632.9901 375.9942 529.7098 435.3952 0.0000 228.0360 265.5266 306.9036 459.2394 665.9916 677.6275 511.3594 214.1552 280.9855 294.2353 456.1004 530.2457 545.5950 212.2214 633.2034 635.1515 470.6366 170.9507 312.5141 416.2227 504.7424 439.9501 510.9554 631.7397 308.0111 381.9270 530.7397 328.2991 601.7208 404.9431 128.6824 134.8696 449.6244 553.1715 440.2603 194.7623 681.9587 462.3329 391.7041 489.3987 418.5725 643.6964 511.5918 357.7171 634.6354 293.7667 408.0710 508.6824 321.4975 440.2580 111.7366 654.5043 433.5912 358.4624 134.4399 486.1646 697.7100 118.8299 179.9585 466.9967 68.0154 598.0526 502.7396 281.0743 251.2413 293.7447 219.5930 590.2200 653.3474 557.5747 493.8108 708.8716 653.0585 533.5351 310.6330 467.5931 485.4323 104.6605 430.2797 446.7034 336.3764 636.7128 439.5903 574.8291 540.1290 710.3898 628.2836 355.8668 739.0609 547.5058 215.4739 367.3518 49.6411 621.2915 685.8745 422.8117 568.7716 355.4680 94.9279 378.1752 731.5607 166.5415 379.3579 311.0459 476.2871 126.2299 565.8370 324.5798 254.9634 111.4329 491.9801 261.0826 433.0549 462.5119 134.9858 228.4461 457.2435 313.0550 718.7929 292.5604 389.0278 681.0707 79.8134 747.8285 425.4826 530.5692 366.3415 576.6727 684.4893 649.3051 199.8586 149.8101 521.2873 193.5823 511.4578 289.1278 177.3236
396.4477 422.4528 273.9909 249.5293 425.5149 471.9880 344.5052 309.1933 435.6600 240.4485 417.5348 260.1213 228.0360 0.0000 66.5965 99.3575 403.3530 442.5866 464.7953 292.1890 141.3892 265.6285 114.7827 287.8430 307.0639 322.9578 192.9001 439.7741 416.4978 309.4379 178.2079 120.0200 197.0385 356.5321 248.6432 377.1392 428.1156 132.2857 273.1167 351.3790 227.2580 402.5308 206.3723 171.6777 225.6221 222.1476 345.6589 309.3227 91.8443 456.0674 248.1130 188.5312 309.4408 190.5371 416.4495 285.9601 264.1564 408.2458 101.2545 346.2661 378.9870 250.7864 296.7598 122.7000 426.6509 376.4444 162.6567 293.0354 348.1369 475.1337 202.1063 65.2360 344.3361 220.3917 374.3580 376.2274 54.2456 74.0054 123.8600 12.1495 369.7286 489.5701 329.7550 323.6183 483.1157 431.1854 394.4024 175.7174 291.9406 257.5532 286.7340 202.4840 245.7344 194.3910 466.0559 266.2843 371.8493 389.0293 497.5892 431.9797 219.8012 519.8899 391.5603 281.2852 146.6440 234.1085 443.8448 465.1153 211.8819 351.8607 138.3287 134.2057 248.0988 516.6225 198.6893 223.8555 272.9118 315.0060 298.6568 365.7277 159.1779 27.6407 209.8063 295.0638 227.1543 220.7509 325.7200 261.2069 159.6264 365.6674 104.5827 490.7786 70.2399 163.7490 457.3073 156.8107 521.8006 199.8027 338.8136 358.4248 349.7751 461.2487 448.8800 113.3114 117.4299 301.2577 93.1702 419.1388 238.2898 201.3947
329.8594 428.0027 214.9798 240.0444 363.5961 486.5036 279.0340 244.4029 451.2484 175.4970 467.6266 295.7195 265.5266 66.5965 0.0000 41.3995 463.9445 401.2617 467.2618 292.5357 112.7042 227.2416 164.5628 324.9614 300.3954 280.9143 259.4478 457.7861 413.5643 243.0388 243.2450 161.9912 151.1274 289.9358 186.0165 422.6660 439.3838 180.7485 329.0462 380.2523 286.9265 417.7817 232.5875 177.0839 227.3386 206.7787 356.3614 243.6566 158.2995 440.1085 257.0112 129.4886 339.8955 170.4791 396.7229 249.7326 323.2923 391.6634 35.0800 407.3245 425.6442 198.5865 230.3927 153.8345 397.0893 437.4124 195.6995 301.9543 393.4397 465.4862 208.6233 128.5161 278.9865 271.5516 333.6955 310.3063 74.9271 23.1417 58.6485 64.0477 365.4802 424.0667 301.0936 257.9590 445.7882 423.4315 327.8656 114.1458 226.6775 237.5871 303.3517 177.1205 186.5340 130.1052 401.2257 200.5067 314.6964 322.4968 499.4527 372.5880 272.4355 514.3988 325.1932 264.7151 103.8790 259.8036 379.9092 458.3844 227.0195 352.8509 90.5767 178.8867 183.6479 516.0133 189.3805 270.1848 337.9652 353.6247 311.0127 381.5383 92.9982 65.7398 267.9754 234.8318 188.7623 167.9982 372.3007 265.5895 225.8454 421.5763 137.8322 464.7494 42.2690 161.3853 445.8968 205.0200 504.6645 192.9463 361.2612 423.9590 332.6634 419.6433 391.0835 179.8986 179.5261 255.9128 159.5872 473.5150 193.0337 188.4570
302.8797 403.6586 211.0399 271.8620 326.2353 466.4780 246.6481 210.6462 432.1394 160.6401 472.3312 291.6970 306.9036 99.3575 41.3995 0.0000 479.4967 360.2837 441.0235 267.3892 141.3392 243.8447 176.0374 321.3658 271.5985 240.0362 289.9070 440.0141 385.1565 214.3779 277.4563 168.1866 110.2086 263.6640 149.3025 423.9575 417.9743 190.2781 340.6763 370.1118 303.0909 398.8260 224.3247 214.8159 263.1782 175.9974 335.6445 224.7130 189.9748 405.9194 237.4073 89.8264 331.4543 138.8037 361.3755 210.1801 338.3434 357.5350 24.7200 423.8495 427.8213 203.9478 208.0787 195.1915 358.5617 453.6121 193.6676 338.9289 394.8897 433.6963 246.0498 164.2233 260.6871 312.1032 292.9083 289.5423 84.2477 58.5771 55.4310 100.2289 336.9351 391.4954 263.3457 226.1450 405.3604 392.7408 303.0356 111.3417 193.9714 203.9097 342.1294 142.6644 147.1582 119.4990 367.3107 169.3679 274.6429 294.5543 472.6935 333.5622 282.0379 484.1325 295.8945 293.0558 64.9284 300.3142 344.6511 427.8986 212.1320 327.0311 50.2976 219.9437 170.0087 487.9673 222.4525 274.6677 361.2564 350.5858 348.7866 363.3529 77.7765 88.0380 306.7343 196.1544 206.7595 126.6980 375.0524 301.6727 253.1050 432.1565 140.6712 427.0057 39.0893 139.9475 413.4881 245.8111 469.7350 167.0799 347.3377 447.8854 298.8207 378.6130 351.3433 210.4257 216.1899 214.6863 191.4043 482.1505 205.4074 220.1858
777.3182 433.6129 677.2209 600.2859 762.1789 408.1881 711.7017 673.8731 383.7714 638.2692 127.3187 251.7963 459.2394 403.3530 463.9445 479.4967 0.0000 673.3755 472.8890 408.4074 534.7764 656.9174 303.5800 235.5210 441.8389 587.5873 252.4786 371.2707 474.4695 688.4196 293.0697 314.2865 517.5586 739.6677 608.2966 164.6104 405.0384 290.3754 142.7050 278.9756 177.0453 371.6459 308.7986 516.9328 560.1800 444.8429 376.4489 704.1385 328.3755 562.7166 367.2814 546.2037 268.6456 449.0307 555.2557 542.0061 141.1639 535.5819 493.5013 57.3076 155.1640 652.9959 687.2962 444.6052 607.3444 27.3557 306.7976 590.7325 169.0593 543.2840 534.2748 366.9791 740.0639 393.4351 618.7942 768.9009 395.3804 476.6798 522.3392 411.8390 457.4818 849.4486 540.3420 693.7494 685.9780 506.7395 780.0325 577.6925 661.2155 471.9405 563.6030 466.8809 592.3269 593.7811 820.6454 641.2900 689.1540 767.6678 495.8267 753.3117 202.2688 550.7117 766.4771 639.6294 482.8597 503.7137 792.5995 521.9018 346.1297 425.3344 487.6366 411.8031 646.9304 521.7052 560.1315 222.7308 149.4969 220.5919 584.7497 355.9410 554.5195 398.2260 348.3479 637.7339 620.6107 552.0695 165.4481 579.6687 257.9295 72.4025 343.1193 636.4798 440.4429 400.8366 540.8884 400.9284 613.8764 414.9706 313.9706 110.5038 504.6468 689.3817 759.5703 307.4737 345.3678 584.6912 327.9935 83.1853 636.7991 567.6960
339.5981 311.3454 444.3987 613.4031 212.8143 390.9716 276.7220 266.3775 379.0664 379.7885 595.9891 421.5996 665.9916 442.5866 401.2617 360.2837 673.3755 0.0000 309.8754 266.2652 486.7374 542.7441 437.7056 439.3821 233.2691 120.4090 593.7055 396.2888 257.4367 309.0344 599.1513 415.8230 250.1376 334.7007 263.1398 536.6154 348.7924 437.9027 541.2091 420.4200 537.7245 362.2029 371.8311 571.4911 615.0688 245.7240 318.5811 375.7108 513.3280 186.1877 306.6509 284.8155 412.4952 262.3878 152.5130 157.7794 558.0462 171.6791 376.9517 633.3884 545.4330 475.6055 351.5187 554.7015 87.6661 655.8782 392.8401 692.0066 517.4397 235.7168 601.6448 503.5063 391.9962 662.7611 68.2290 386.3166 395.3588 418.1724 387.5577 448.9476 240.9952 310.6076 134.4394 282.6398 53.8336 231.6711 358.9736 404.3216 278.7387 210.6376 699.4063 246.1473 242.2611 385.9147 281.1185 295.3809 157.8960 327.9493 322.5857 177.3148 490.7110 286.4794 315.0144 623.2036 298.6532 660.4528 253.0890 250.5250 333.4991 267.8718 310.7665 575.3752 387.1682 316.9616 569.7024 460.1943 619.6342 459.4626 703.7209 351.9470 369.5577 418.3905 647.6008 218.8270 517.4131 238.7019 512.4583 653.2053 549.0985 603.6625 395.3123 132.2377 374.2642 307.7934 216.7621 599.2057 209.9642 277.9021 379.8064 697.2567 174.1486 18.7001 159.3321 526.4604 553.3766 146.2846 514.9772 630.4676 499.6282 564.5539
595.9860 45.8299 622.4017 706.4832 499.7916 87.2224 520.6738 492.8261 93.2011 555.3414 360.2730 265.9913 677.6275 464.7953 467.2618 441.0235 472.8890 309.8754 0.0000 174.7725 579.6545 682.8905 384.4201 261.4464 170.9200 311.3498 517.0920 109.4235 62.3492 531.3016 543.0609 365.2254 367.3545 575.2862 449.8632 309.4499 67.9440 372.3813 383.0879 196.3137 410.8767 101.5418 273.9612 635.1333 688.5580 266.8587 125.8762 586.8375 484.4541 128.3603 217.0330 423.2816 220.5795 303.9076 157.9990 291.3523 410.3950 140.7714 465.6559 454.6806 319.1395 632.7758 561.0275 585.0695 222.2094 465.8610 319.7891 757.8174 304.6069 85.3921 666.1993 498.5115 615.7694 643.8557 298.0848 625.0619 411.9233 490.3682 493.4123 476.2821 107.2021 603.2069 237.3080 515.3970 289.1266 78.7726 610.8071 539.8908 494.4450 247.9747 750.5224 305.1757 422.2773 535.0268 571.6098 494.9006 425.2711 583.5098 32.8616 470.7079 361.5523 77.8948 573.8814 731.9330 384.5672 694.6676 540.8783 64.2417 255.3787 114.4116 400.6976 584.5722 565.4294 55.2635 655.3030 327.4718 488.5179 261.9829 763.2805 125.3621 498.9036 437.7763 610.4803 436.0789 646.9536 387.5161 313.3938 725.2371 477.3298 401.6228 366.1037 205.6226 425.3405 306.3652 96.8968 598.1079 152.3813 274.5857 169.6090 539.7827 172.0375 316.6947 459.9299 484.4833 530.8244 333.8326 485.7981 404.4790 642.0840 655.2433
462.6492 136.2789 458.0126 531.7416 396.1375 204.0098 386.6517 353.2995 172.9462 393.0968 331.3738 157.7937 511.3594 292.1890 292.5357 267.3892 408.4074 266.2652 174.7725 0.0000 405.0294 510.5865 225.2217 173.3739 33.4419 200.6235 373.9088 184.6075 124.4217 386.3280 392.5559 203.7460 206.2832 435.1509 299.4377 271.8604 153.6257 216.9361 282.0580 161.5691 289.4392 141.7436 124.4607 461.2363 514.4188 98.5449 77.2998 433.7882 322.7755 180.0416 53.2103 260.8845 146.9855 133.5414 155.5670 161.9420 302.7336 139.1197 292.1000 371.5716 280.3728 463.8072 408.9343 413.9261 199.9388 392.2386 162.9986 584.6755 251.4887 187.1683 492.4811 331.4110 465.8972 484.2255 217.9781 481.0444 238.5724 315.6550 320.8333 303.3680 78.9454 496.6145 137.4679 376.4482 277.9372 142.2200 474.0485 369.9241 350.1339 94.4488 578.8484 138.9110 273.1539 367.6689 464.9484 344.2892 317.6920 450.5483 207.1300 376.4366 239.0491 228.1724 443.4988 557.2410 214.1890 524.6556 434.0378 174.5189 92.8177 60.3986 229.8659 416.9358 403.3989 224.8522 480.5902 205.3026 372.7647 193.3246 590.7748 112.4671 329.4294 264.8125 455.4648 299.9185 473.9996 233.0331 246.2288 551.4014 330.4448 337.9045 198.4483 239.6118 250.5735 131.6380 172.3735 432.9415 244.2217 100.3370 122.3849 442.6196 96.8494 281.6181 375.1826 326.8015 369.0816 210.4391 324.2605 364.4471 470.6726 480.4749
329.6025 540.6669 161.9238 130.9052 403.2909 598.7878 302.3463 276.3859 563.3311 161.8701 558.0555 399.4364 214.1552 141.3892 112.7042 141.3392 534.7764 486.7374 579.6545 405.0294 0.0000 124.6014 256.1714 427.7974 411.7490 369.2926 298.7153 569.4272 525.2064 257.0308 268.7162 260.2307 243.3464 290.7276 236.9340 518.5116 551.9572 273.6653 411.3185 488.0205 362.4645 529.8664 340.6762 91.3192 128.4656 316.8359 468.8946 227.3718 206.8792 547.0184 369.5086 201.9226 446.7422 279.8215 502.0038 345.8363 399.4039 498.6842 118.0538 477.4996 520.2796 124.4319 226.1778 119.6303 495.3605 507.4769 300.1063 205.3791 489.5228 574.9865 117.8285 168.2730 256.2234 247.8680 421.8892 291.7526 179.5658 89.5726 99.6257 130.1382 477.0227 439.2052 402.0263 281.2014 535.3523 533.7840 320.6192 97.5790 256.8152 345.2361 215.5985 283.9690 249.6738 123.1633 422.9807 229.0122 373.2972 326.0983 611.7288 421.5628 360.2043 625.0799 333.3538 152.3644 204.8374 189.0791 408.5834 568.8955 338.4516 465.2693 188.9648 159.7771 164.3753 627.8647 83.3342 365.2438 394.3523 455.4784 217.6920 493.4594 120.0113 159.7995 263.4222 289.5214 86.6289 248.2365 467.0588 166.4720 278.9504 503.1639 240.9694 564.9789 154.9491 274.0764 554.8246 186.0770 610.4741 305.1090 471.4797 475.0888 440.0738 504.3104 444.3939 228.5730 201.7910 341.0583 207.4086 557.5184 102.5605 79.5582
301.6372 646.8050 114.8019 114.5840 411.1641 710.2710 304.5022 292.2469 675.7556 165.7340 682.6531 521.2483 280.9855 265.6285 227.2416 243.8447 656.9174 542.7441 682.8905 510.5865 124.6014 0.0000 380.2991 550.0391 512.2245 434.9806 414.6478 683.2198 625.1946 257.8089 380.7157 383.2794 324.0555 270.1240 279.6058 642.6933 661.8117 397.7231 535.6979 607.4300 486.3006 642.3808 459.7299 158.8589 149.8872 416.0979 579.4598 201.7627 328.5630 634.3074 480.9233 271.4575 566.8473 378.9845 586.9632 422.5508 523.1496 587.0802 219.1965 599.7751 644.6131 70.3435 214.8926 221.9580 568.8541 629.5679 421.3250 204.4836 613.6396 667.8143 162.1587 290.0089 215.3610 333.8524 484.3639 248.7986 299.7499 205.5192 189.7552 254.5803 577.1930 416.8843 482.6980 286.9477 595.0511 629.4452 286.0551 146.0009 274.6382 438.8388 231.5794 378.7855 301.5303 158.7346 409.2934 251.7085 404.7557 302.9487 713.9928 438.2348 484.7986 720.7324 314.2636 97.2203 298.5249 238.7761 403.7994 664.5990 453.3899 569.6409 282.3026 261.6513 160.4281 727.8240 115.3824 489.3094 513.7369 578.1408 221.5652 606.6369 186.6990 282.3559 360.7093 326.5839 38.7598 316.6390 591.3273 170.7235 399.5295 627.3124 362.4052 639.7831 268.2336 383.5751 646.4856 283.6225 694.5081 410.5266 588.1904 591.6243 530.5130 558.5547 464.2773 349.5350 316.7907 404.9111 328.9271 681.8393 43.4474 104.7725
475.0715 339.4220 379.5006 358.3173 474.4029 376.4870 412.2573 374.6364 339.8122 335.7726 304.1298 149.7434 294.2353 114.7827 164.5628 176.0374 303.5800 437.7056 384.4201 225.2217 256.1714 380.2991 0.0000 175.7952 249.7827 327.6878 156.6003 341.1797 345.6887 386.0408 168.7307 22.5013 226.9267 436.8587 309.2498 262.3964 337.5559 17.5752 165.1377 244.2605 128.0463 308.0110 110.7916 275.8913 329.1552 192.7405 259.2603 400.7504 100.0556 403.7288 173.0857 246.0502 201.9688 177.3683 372.4507 283.2246 162.5151 359.4071 191.2873 248.3505 264.3880 361.5471 383.7169 212.4887 399.5603 277.9120 64.6381 388.4708 233.3666 411.9472 303.7164 119.0987 436.7210 260.2463 372.1456 465.3222 92.3075 181.0438 221.5075 126.2003 303.4876 553.7804 308.1090 393.3292 468.1822 366.9561 476.9880 278.4410 360.6255 229.3979 375.2552 195.0739 296.6346 292.3077 526.6172 339.2529 408.0094 465.8333 417.0349 472.0719 107.8729 448.9703 465.4965 392.4112 184.8568 315.9910 500.4381 397.8799 132.8313 278.8615 186.9787 203.5339 344.7490 438.8985 308.7966 109.0729 195.5786 201.8168 390.7958 271.8544 252.0216 100.1908 230.2442 344.7355 341.7393 259.7565 211.0512 361.4680 111.8035 257.3438 45.2154 454.1723 137.0723 129.9516 397.5952 214.4391 468.8056 161.2933 238.3401 281.3163 305.9047 456.0614 483.4820 101.6556 146.4062 314.8598 101.3854 308.9565 351.7163 312.7423
588.3358 216.9487 532.3779 534.1040 548.3891 223.7573 516.0114 479.0667 189.2743 478.0491 166.4968 29.6934 456.1004 287.8430 324.9614 321.3658 235.5210 439.3821 261.4464 173.3739 427.7974 550.0391 175.7952 0.0000 206.7194 361.9563 267.2250 184.7015 247.9354 502.8099 299.7083 167.8513 318.1640 554.6046 416.0344 109.4020 198.8274 158.5478 122.1391 76.3648 151.8465 164.1496 99.8929 451.5305 504.5554 225.1755 146.7753 534.5793 264.7585 331.8269 137.1146 360.4673 40.9306 240.2047 320.6238 317.8892 148.9705 301.3618 342.7896 202.8115 115.9392 522.6063 513.0936 386.3822 371.8241 220.8049 129.2671 561.3363 83.3749 318.9377 478.8877 292.0509 569.9581 409.3154 387.8275 592.8991 250.6601 345.3002 375.0173 299.7683 224.4354 643.1586 308.0152 501.1409 450.4970 278.5831 595.3717 432.3371 470.3327 245.7246 545.4959 255.9260 394.6531 440.2647 612.5834 456.1082 471.7831 577.2564 290.3253 534.3472 106.1776 337.4751 573.2029 567.9298 298.0124 484.5601 582.7737 299.0498 127.8711 192.2950 308.3899 372.1701 488.0244 315.6236 484.4356 77.0674 227.1303 29.3509 562.3611 136.1384 398.3329 268.0514 370.0156 433.8701 511.2796 352.0756 73.4810 536.0396 233.6405 164.5587 187.7086 402.9096 287.4502 199.9508 313.0395 377.6757 387.6630 200.3136 91.8540 282.0680 269.1973 454.9405 537.1426 256.4188 306.8855 363.9584 265.6288 193.6929 517.8315 488.1299
444.4395 138.6949 452.7189 540.4392 370.6864 214.0476 368.2171 336.3721 186.5282 386.3382 363.4343 191.1680 530.2457 307.0639 300.3954 271.5985 441.8389 233.2691 170.9200 33.4419 411.7490 512.2245 249.7827 206.7194 0.0000 173.9026 401.4972 200.1658 113.5598 371.5191 418.2341 227.7357 198.0343 418.9060 286.2632 303.9446 163.1385 242.9830 315.0699 191.0623 320.9781 158.0440 154.3919 473.0928 525.5779 96.1501 97.5646 422.4384 345.1061 154.0513 82.7550 253.8029 179.3690 133.3780 124.9514 138.8496 335.3042 110.0812 296.0582 404.8981 312.6006 461.9468 397.0745 429.6573 166.6824 425.6675 189.7349 597.4887 284.2013 168.0861 504.5907 350.8026 453.3199 506.3865 186.9604 466.3175 252.8648 323.2782 323.0418 317.7196 65.3379 472.3167 106.7412 359.4862 244.5266 124.2444 456.9093 368.9709 334.8639 79.5053 593.4561 134.3002 259.2046 364.4000 440.4979 331.4837 292.2635 432.1710 201.7686 349.2521 270.9052 214.2815 424.3585 564.0708 213.7496 540.9415 409.4383 158.6429 119.9788 61.7016 229.9318 435.4107 396.5352 216.3704 489.6724 237.5321 404.3600 226.1942 604.4211 133.8845 327.9902 279.4384 479.4255 281.4376 476.5870 221.2175 279.4249 563.1280 357.5198 371.2711 219.1559 208.7238 259.3226 143.4933 150.8291 452.7974 219.4814 108.3599 150.9589 475.2995 63.6564 248.4220 346.6128 350.7078 391.0098 186.9095 346.6403 397.2199 471.2350 488.8400
285.1286 295.1154 345.9722 497.7655 196.9700 376.5117 210.7135 186.5677 354.3509 278.3450 526.7260 339.1759 545.5950 322.9578 280.9143 240.0362 587.5873 120.4090 311.3498 200.6235 369.2926 434.9806 327.6878 361.9563 173.9026 0.0000 481.4567 369.5923 249.6035 227.9889 483.8851 306.7167 129.8324 267.1528 160.2814 467.6254 327.3288 330.2605 449.0094 362.0544 437.6015 329.0280 279.0091 452.3421 497.1386 143.6072 271.2957 290.2766 396.6990 217.6454 224.8898 168.2938 343.4374 150.3461 169.5154 45.9541 462.0621 178.2746 257.2868 542.4487 475.4818 370.9999 264.4193 434.2934 135.3546 567.4327 290.7072 573.9900 444.4723 261.8629 482.8129 384.7925 314.2909 543.3280 52.9664 318.3703 277.1807 298.1241 269.6992 328.9886 213.3820 299.3062 74.4996 207.9633 166.2386 236.8293 300.7401 292.0237 192.3141 116.4015 580.2701 132.6526 134.9270 276.2958 267.4118 200.6241 118.7460 272.6485 334.3628 175.8141 394.0480 318.0984 262.6720 510.1445 178.2845 540.3213 236.2880 267.4935 241.4582 228.6618 190.3823 455.2281 287.0176 338.1684 452.5744 366.9016 516.9536 386.3846 585.2389 307.5770 254.8278 299.3673 529.5901 130.1734 406.6607 121.5048 435.0102 535.4770 437.3785 521.4400 283.5949 205.9967 254.1450 199.0020 239.4514 479.3049 268.6356 175.0840 322.9925 598.3124 140.3910 138.8963 175.6195 411.0774 435.3359 30.1759 398.3435 555.5733 391.5347 447.9783
589.2892 471.2636 454.6305 348.7610 612.3521 490.4589 536.4997 500.5234 455.1945 430.4181 317.8946 253.8599 212.2214 192.9001 259.4478 289.9070 252.4786 593.7055 517.0920 373.9088 298.7153 414.6478 156.6003 267.2250 401.4972 481.4567 0.0000 451.7128 487.4841 502.3043 41.4632 178.9433 370.4639 549.3211 438.0514 303.1400 460.8064 159.5050 173.1010 343.5212 121.8586 427.4235 250.5017 266.7189 307.9990 349.2860 392.0343 500.0173 101.2040 553.9485 320.6999 375.7054 305.7680 331.9649 525.8543 437.9440 146.9592 511.5708 294.1390 198.4029 299.9028 422.4361 488.8525 195.3288 555.7352 225.7588 211.7912 339.9111 280.4734 556.7829 282.2956 135.4095 534.2851 152.0400 527.5253 567.2038 214.8430 263.4929 315.4838 196.3415 449.4893 681.4017 464.7082 515.8477 624.7816 512.2389 586.8563 362.8289 483.8310 385.9977 314.6782 349.0909 431.4582 384.0388 656.9991 458.7149 552.1443 581.9281 548.4347 614.8429 161.0738 587.8559 584.3974 388.3940 322.7016 253.4946 633.5719 540.5671 281.6582 421.7099 319.5570 160.0988 437.2627 572.3544 311.0185 192.1852 103.1689 281.4175 335.1735 394.7224 351.3430 202.4184 108.0182 481.0248 380.7573 400.1501 257.4971 327.3017 44.8038 245.0395 198.4638 608.6000 254.5372 286.0175 544.6080 148.5119 617.8162 317.8920 353.5311 177.0090 460.2178 612.1462 628.9520 79.6637 97.8725 466.2396 99.9707 299.4433 400.7911 319.3302
644.5901 86.3535 639.7191 688.8554 565.8848 39.5344 568.3719 536.2214 17.6044 576.0994 253.6749 199.5313 633.2034 439.7741 457.7861 440.0141 371.2707 396.2888 109.4235 184.6075 569.4272 683.2198 341.1797 184.7015 200.1658 369.5923 451.7128 0.0000 140.7620 570.3991 483.0617 326.1064 390.6050 618.5623 483.8932 206.6603 48.2110 326.0534 298.8922 109.1297 335.8179 42.8676 234.0676 610.9528 664.9234 282.3050 107.7644 618.3629 438.7238 228.7761 202.6756 444.5958 146.1870 315.2281 245.7543 338.4356 327.7893 225.4730 464.4255 359.4202 216.1327 641.9436 593.5407 552.4139 310.6605 367.0617 279.8961 728.4034 206.8361 192.4172 640.5952 460.1491 650.4921 590.7627 370.0768 665.2012 391.5935 480.5729 495.1802 451.8647 158.9594 668.7738 296.5496 559.3625 384.6145 171.3067 656.8836 547.7843 533.9849 277.4911 716.3414 322.6691 457.3965 548.0668 636.8690 528.8312 488.1671 632.3305 126.2676 541.0941 290.8102 184.0282 624.5022 718.6837 393.9205 657.1348 605.7431 170.2557 230.9756 141.0962 408.7617 544.5356 586.4307 151.7174 637.6753 259.9785 406.4403 175.5197 731.4906 76.6682 508.3140 414.9618 552.9761 481.5734 645.3868 417.6112 219.9890 699.3645 416.6476 301.8814 335.4518 308.2127 415.8183 300.1091 199.1710 553.6278 261.4064 277.2462 102.8604 447.4050 232.9064 406.1758 534.5430 433.9810 483.4522 385.8494 439.8321 298.8522 645.4215 639.4126
533.8919 54.4933 561.7398 653.5412 440.0152 133.8134 458.4719 430.4839 123.2089 494.3771 371.9200 245.5027 635.1515 416.4978 413.5643 385.1565 474.4695 257.4367 62.3492 124.4217 525.2064 625.1946 345.6887 247.9354 113.5598 249.6035 487.4841 140.7620 0.0000 468.9714 509.9273 325.0761 306.8689 512.9622 387.8161 316.3221 92.5819 335.5292 369.3802 196.2528 389.6944 113.2544 238.1107 584.7991 637.6926 209.4861 101.2832 524.7700 444.7834 91.4323 173.1789 362.7454 209.0541 246.7720 105.4739 229.0098 394.6939 85.7603 409.6026 449.1239 325.9840 573.4265 498.9265 538.3456 170.7005 463.9988 281.6276 708.6416 305.8035 71.2371 616.1627 455.2156 553.5222 605.8594 239.0728 562.7128 362.7187 436.5248 436.3561 427.5924 48.2219 543.5169 175.3332 453.0686 243.8530 32.9668 548.5866 481.1641 432.1192 187.7820 703.2075 246.5040 360.2094 475.3327 511.7946 432.7922 364.6254 521.4200 89.8978 411.9644 339.0023 103.9176 511.9115 677.5532 326.6909 649.0575 480.9164 53.1193 213.2472 66.8276 342.9486 540.9606 504.4070 102.8278 602.6362 304.1979 470.7276 255.4420 714.9689 118.8594 440.0855 389.0576 575.1404 373.7496 589.8400 325.9879 309.9608 674.9505 445.6490 402.1098 322.0994 170.3564 372.1822 254.5790 66.4656 556.3650 140.0236 220.7976 160.7290 530.0017 109.8078 266.3442 402.4985 447.1780 491.2508 271.6310 446.2190 413.4052 583.8731 602.0118
