0.0000 1138.6986 1177.4734 1219.7811 1261.6183 1220.7615 1183.4058 1613.9300 1642.2244 1656.7745 1671.5840 1686.6459 1701.9537 1728.1556 1692.3454 1628.2634 1648.4257 1772.2292 1814.4646 1878.6132 1934.4195 1872.1840 1831.2803 1928.2488 1963.6996 1958.2802 1938.0126 1897.8479 1858.2039 1893.9439 1871.4390 1890.7144 1929.6906 1949.3830 2024.8148 1926.5211 1907.2693 1869.2064 2001.2029 1615.3898 1687.6260 1812.9466 1830.7240 1866.8078 1922.1812 1978.9397 2017.4907 2096.1596 2131.8445 2092.3173 2053.2860 2014.7795 1976.8285 1939.4655 1884.6001 1866.6445 1813.8458 1832.5046 1884.7807 1902.5651 1956.9269 1993.9627 2167.5372 2124.8894 2048.5848 1974.5607 1920.6980 1903.0830 1851.3238 1943.1231 1870.2986 1921.5468 1938.9940 1992.3621 2028.7511 2103.3221 2122.3154 2141.4415 2215.8675 2196.5083 2101.6428 2028.2828 2010.3269 1957.4486 1906.1503 1908.6964 1976.0574 2028.4506 2064.2036 2082.3146 2213.1079 2232.3231 2192.1143 2173.4341 2154.8914 2118.2327 2064.3684 2046.7291 1994.8160 1944.5037 2190.7976 2209.3310 2263.8864 2282.6742 2320.6277 2378.4570 2397.9616 2477.0489 2473.0157 2453.3189 2433.7278 2394.8730 2375.6146 2356.4726 2424.7273 2443.3346 2462.0633 2499.8740 2518.9508 2538.1383 2478.5799 2441.7607 2560.3482 2645.6171 2703.6538 2733.0067 2782.3995 2829.3500 2814.3206 2775.2150 2755.8053 2772.3140 2791.6090 2788.9563 2808.1370 2827.4156 2900.7671 2721.8593 2639.0550 2805.7299 2824.7966 2822.6324 2841.5857 2879.7902 2877.4431 2858.5018 2839.6614 2856.8148 2875.5428 2913.3020 2951.4526 2892.7064 2874.0903 2678.2581 2695.3550 2712.5819 2729.9364 2747.4162 2782.7419 2859.3928 2891.4857 2909.9905 3004.0270 3042.3122 3100.4143 3119.9548 2462.9339 2568.3399 2687.4435 2766.6507 2920.5393 2989.7789 3789.2665 3860.2521 3880.8920 3810.2909 3899.2702 3972.1515 4020.8073 3979.5718 3882.6108 3799.9199 3890.3677 3987.1401 4035.6152 4236.0461 4163.6499 3951.8486 3880.0413 3906.4327 3977.7636 4188.2546 4260.2328 4013.6240 4098.7287 4172.2516 4153.0600 4079.1912
1138.6986 0.0000 76.2000 152.4000 160.6437 91.5810 50.8000 485.2663 521.1644 540.0114 559.3770 579.2091 599.4615 772.5108 743.5739 736.6000 762.0000 914.4000 965.2000 1041.4000 1046.3444 970.5326 920.0271 1023.9067 1052.4921 1031.4402 1006.4299 956.4711 906.6057 936.7057 893.3437 917.9210 967.2032 991.9017 1071.9282 949.0223 924.5740 875.8397 1029.2486 622.6887 651.0531 773.7625 797.1716 844.3351 915.8100 987.9914 1036.4321 1133.9329 1165.3591 1116.7338 1068.3108 1020.1191 972.1931 924.5740 853.8330 830.4674 761.1529 772.5108 840.8896 863.9734 933.9466 981.1110 1197.0382 1132.7944 1037.6763 943.9099 874.7341 851.9419 784.5270 897.4642 797.1716 863.6000 886.0924 954.4453 1000.6440 1094.2655 1117.8886 1141.5880 1221.8430 1198.1156 1080.6200 988.3179 965.5342 898.0256 832.0196 824.2290 910.5112 977.1575 1022.3303 1045.1105 1207.5022 1231.0487 1170.8821 1147.7878 1124.7928 1079.1264 1011.5452 989.2966 923.5267 859.4814 1158.6967 1181.5779 1238.3640 1261.3344 1307.5450 1377.4671 1400.9200 1495.3677 1481.0618 1457.5705 1434.1444 1387.5004 1364.2898 1341.1585 1386.5702 1408.9561 1431.4427 1476.6993 1499.4608 1522.3057 1438.2995 1394.1106 1523.4178 1624.4089 1692.6770 1727.0599 1784.7002 1839.2432 1806.2597 1760.6799 1737.9986 1749.6526 1772.1848 1761.5958 1783.9771 1806.4383 1887.9266 1679.3319 1581.8511 1773.8222 1796.0512 1786.3262 1808.4015 1852.8077 1843.0321 1821.0224 1799.1019 1812.1436 1833.9081 1877.7112 1921.8587 1847.0534 1825.4455 1590.6972 1610.6484 1630.7512 1651.0000 1671.3895 1712.5704 1801.7529 1839.0021 1860.4525 1969.1144 2013.1803 2079.8552 2102.2241 1528.2275 1651.0000 1681.7792 1774.3677 1944.5153 1990.6258 3100.9312 3174.5304 3175.7784 3102.2087 3178.6555 3254.7699 3305.5151 3256.0581 3154.6146 3061.1517 3156.1480 3257.5438 3308.2464 3491.2401 3415.3556 3192.5691 3116.7473 3125.3414 3200.9596 3423.2001 3498.9145 3304.4414 3402.0933 3478.2672 3477.1278 3400.9284
1177.4734 76.2000 0.0000 76.2000 91.5810 50.8000 91.5810 436.9981 468.3529 485.2663 502.8943 521.1644 540.0114 697.4601 668.1697 660.4000 685.8000 838.2000 889.0000 965.2000 970.5326 894.7869 844.3351 948.3423 977.1575 956.4711 931.5257 881.7130 832.0196 862.4787 819.9126 844.3351 893.3437 917.9210 998.0616 875.8397 851.5632 803.2185 956.1337 548.3106 580.3219 704.3636 727.3453 773.7625 844.3351 915.8100 963.8622 1060.7351 1092.4953 1044.1841 996.1205 948.3423 900.8947 853.8330 784.1157 761.1529 693.2851 705.7362 772.5108 795.1458 863.9734 910.5112 1124.5059 1061.3432 967.2032 874.7341 806.8249 784.5270 718.8694 829.6612 732.6480 797.1716 819.1254 886.0924 931.5257 1023.9067 1047.2688 1070.7237 1150.8751 1127.3709 1011.2263 920.3777 898.0256 832.0196 767.9038 762.0000 845.4805 910.5112 954.7833 977.1575 1137.3415 1160.6438 1101.9034 1079.1264 1056.4690 1011.5452 945.2759 923.5267 859.4814 797.5762 1090.7223 1113.2620 1170.0553 1192.7187 1238.3640 1307.5450 1330.7758 1424.4396 1410.7865 1387.5004 1364.2898 1318.1107 1295.1510 1272.2839 1320.0671 1342.1202 1364.2898 1408.9561 1431.4427 1454.0252 1372.1878 1328.7138 1457.1832 1556.8770 1624.4089 1658.4566 1715.5815 1769.6843 1737.9986 1692.8676 1670.4242 1682.5463 1704.8301 1694.9624 1717.0851 1739.2973 1820.2290 1614.0996 1518.1680 1707.6660 1729.6262 1720.6508 1742.4474 1786.3262 1777.2741 1755.5425 1733.9105 1747.4388 1768.9053 1812.1436 1855.7651 1782.5299 1761.2295 1531.8116 1551.2726 1570.9032 1590.6972 1610.6484 1651.0000 1738.6080 1775.2765 1796.4104 1903.6449 1947.2045 2013.1803 2035.3310 1454.9124 1577.2561 1613.0500 1704.8301 1874.2164 1922.0141 3024.7319 3098.3312 3099.6098 3026.0417 3102.5453 3178.6555 3229.3980 3179.9745 3078.5387 2985.1240 3080.1100 3181.4958 3232.1937 3415.3556 3339.4855 3116.7473 3040.9445 3049.7521 3125.3414 3347.5077 3423.2001 3228.2990 3325.9206 3402.0933 3400.9284 3324.7291
1219.7811 152.4000 76.2000 0.0000 50.8000 91.5810 160.6437 397.5729 422.7403 436.9981 452.2341 468.3529 485.2663 622.6887 592.9690 584.2000 609.6000 762.0000 812.8000 889.0000 894.7869 819.1254 768.7435 872.8883 901.9683 881.7130 856.8501 807.2246 757.7548 788.6281 747.0364 771.2571 819.9126 844.3351 924.5740 803.2185 779.1634 731.3259 883.5404 474.5112 511.1651 636.5222 658.9330 704.3636 773.7625 844.3351 891.8981 987.9914 1020.1191 972.1931 924.5740 877.3117 830.4674 784.1157 715.7213 693.2851 627.3337 641.0670 705.7362 727.7887 795.1458 840.8896 1052.4921 990.6000 897.6663 806.8249 740.5309 718.8694 655.4972 763.4438 670.5792 732.6480 753.9138 819.1254 863.6000 954.4453 977.4876 1000.6440 1080.6200 1057.3846 942.8841 853.8330 832.0196 767.9038 706.1931 702.5293 782.4684 845.4805 888.6371 910.5112 1068.0088 1091.0180 1033.9391 1011.5452 989.2966 945.2759 880.6147 859.4814 797.5762 738.3496 1023.9067 1046.0360 1102.7813 1125.0795 1170.0553 1238.3640 1261.3344 1354.0845 1341.1585 1318.1107 1295.1510 1249.5148 1226.8489 1204.2922 1254.6674 1276.3342 1298.1363 1342.1202 1364.2898 1386.5702 1307.1749 1264.5272 1391.9687 1490.1814 1556.8770 1590.5451 1647.0877 1700.6946 1670.4242 1625.7984 1603.6233 1616.2465 1638.2508 1629.1680 1651.0000 1672.9328 1753.2294 1549.8684 1455.6882 1642.3806 1664.0393 1655.8774 1677.3618 1720.6508 1712.3820 1690.9610 1669.6516 1683.6962 1704.8301 1747.4388 1790.4748 1718.9627 1698.0047 1474.5132 1493.4250 1512.5268 1531.8116 1551.2726 1590.6972 1676.5486 1712.5704 1733.3523 1839.0021 1882.0012 1947.2045 1969.1144 1381.9094 1503.7572 1545.0217 1635.8862 1804.3967 1853.9953 2948.5328 3022.1320 3023.4428 2949.8763 3026.4396 3102.5453 3153.2849 3103.8966 3002.4691 2909.1054 3004.0802 3105.4551 3156.1480 3339.4855 3263.6307 3040.9445 2965.1620 2974.1941 3049.7521 3271.8390 3347.5077 3152.1594 3249.7493 3325.9206 3324.7291 3248.5297
1261.6183 160.6437 91.5810 50.8000 0.0000 76.2000 152.4000 352.8681 381.0000 396.7607 413.4820 431.0523 449.3719 614.3440 586.4045 586.4045 611.7130 763.6915 814.3860 890.4502 890.4502 814.3860 763.6915 866.9552 894.7869 872.8883 847.7666 797.5762 747.4681 777.0906 733.0882 757.7548 807.2246 832.0196 911.9272 788.6281 764.1137 715.2705 868.8137 463.5065 490.5555 613.8187 637.0288 683.9159 755.1963 827.3541 875.8397 973.5194 1004.8261 956.1337 907.6725 859.4814 811.6085 764.1137 693.7502 670.5792 602.1461 614.3440 681.5535 704.3636 773.7625 820.6991 1036.4321 972.1931 877.3117 784.1157 715.7213 693.2851 627.3337 738.5304 641.0670 705.7362 727.7887 795.1458 840.8896 933.9466 957.4823 981.1110 1061.3432 1037.6763 920.7281 829.3012 806.8249 740.5309 676.3272 670.5792 753.9138 819.1254 863.6000 886.0924 1047.2688 1070.7237 1011.2263 988.3179 965.5342 920.3777 853.8330 832.0196 767.9038 706.1931 999.6764 1022.3303 1079.1264 1101.9034 1147.7878 1217.3465 1240.7062 1334.8902 1320.8000 1297.3906 1274.0575 1227.6375 1204.5600 1181.5779 1228.6881 1250.8049 1273.0444 1317.8660 1340.4367 1363.1070 1280.7495 1237.1912 1365.7668 1465.7363 1533.4954 1567.6657 1625.0046 1679.3165 1647.0877 1601.8119 1579.3000 1591.3054 1613.6498 1603.6233 1625.7984 1648.0666 1729.1450 1522.5706 1426.5894 1616.2465 1638.2508 1629.1680 1651.0000 1694.9624 1685.8024 1664.0393 1642.3806 1655.8774 1677.3618 1720.6508 1764.3404 1690.9610 1669.6516 1440.8764 1460.2239 1479.7544 1499.4608 1519.3362 1559.5683 1647.0430 1683.6962 1704.8301 1812.1436 1855.7651 1921.8587 1944.0543 1367.8319 1490.8307 1522.3057 1614.4493 1784.2616 1831.2367 2948.7309 3022.3253 3022.3555 2948.7619 3024.3071 3100.4651 3151.2383 3101.4014 2999.8895 2905.9989 3001.0721 3102.5453 3153.2849 3335.0940 3259.1370 3036.1212 2960.2152 2967.9583 3043.6712 3266.1716 3341.9687 3150.5216 3248.7377 3324.9323 3324.9048 3248.7096
1220.7615 91.5810 50.8000 91.5810 76.2000 0.0000 76.2000 396.7607 431.0523 449.3719 468.3529 487.9181 508.0000 690.0203 662.3510 662.3510 687.6789 839.7380 890.4502 966.5359 966.5359 890.4502 839.7380 942.8841 970.5326 948.3423 923.1773 872.8883 822.6620 851.9419 807.2246 832.0196 881.7130 906.6057 986.3576 862.4787 837.8151 788.6281 942.5419 538.8154 562.2530 683.9159 707.5621 755.1963 827.3541 900.1783 949.0223 1047.2688 1078.2293 1029.2486 980.4532 931.8720 883.5404 835.5017 764.1137 740.5309 670.5792 681.5535 750.4830 773.7625 844.3351 891.8981 1109.4887 1044.1841 948.3423 853.8330 784.1157 761.1529 693.2851 806.7952 705.7362 772.5108 795.1458 863.9734 910.5112 1004.8261 1028.6216 1052.4921 1132.7944 1108.9071 990.6000 897.6663 874.7341 806.8249 740.5309 732.6480 819.1254 886.0924 931.5257 954.4453 1117.8886 1141.5880 1080.6200 1057.3846 1034.2511 988.3179 920.3777 898.0256 832.0196 767.9038 1068.0088 1091.0180 1147.7878 1170.8821 1217.3465 1287.6573 1311.2404 1406.2060 1391.4471 1367.8319 1344.2817 1297.3906 1274.0575 1250.8049 1295.4000 1317.8660 1340.4367 1385.8720 1408.7271 1431.6680 1347.0384 1302.7254 1432.1749 1533.4954 1602.0133 1636.5269 1694.3913 1749.1496 1715.5815 1669.8448 1647.0877 1658.6025 1681.2037 1670.4242 1692.8676 1715.3935 1797.0428 1587.9063 1490.2897 1682.5463 1704.8301 1694.9624 1717.0851 1761.5958 1751.6795 1729.6262 1707.6660 1720.6508 1742.4474 1786.3262 1830.5630 1755.5425 1733.9105 1499.4608 1519.3362 1539.3741 1559.5683 1579.9127 1621.0295 1710.1735 1747.4388 1768.9053 1877.7112 1921.8587 1988.6756 2011.0962 1441.5479 1564.9369 1591.3054 1684.2709 1854.8394 1900.0704 3024.9251 3098.5197 3098.5492 3024.9553 3100.4651 3176.6252 3227.3996 3177.5390 3076.0228 2982.0967 3077.1762 3178.6555 3229.3980 3411.0618 3335.0940 3112.0415 3036.1212 3043.6712 3119.4078 3341.9687 3417.7837 3226.6999 3324.9323 3401.1271 3401.1002 3324.9048
1183.4058 50.8000 91.5810 160.6437 152.4000 76.2000 0.0000 449.3719 487.9181 508.0000 528.5398 549.4860 570.7940 765.8005 738.3496 738.3496 763.6915 915.8100 966.5359 1042.6383 1042.6383 966.5359 915.8100 1018.8535 1046.3444 1023.9067 998.7078 948.3423 898.0256 927.0130 881.7130 906.6057 956.4711 981.4397 1061.0392 936.7057 911.9272 862.4787 1016.6348 614.3440 635.0000 755.1963 779.1634 827.3541 900.1783 973.5194 1022.6458 1121.3460 1151.9957 1102.7813 1053.7174 1004.8261 956.1337 907.6725 835.5017 811.6085 740.5309 750.4830 820.6991 844.3351 915.8100 963.8622 1182.9421 1116.7338 1020.1191 924.5740 853.8330 830.4674 761.1529 876.3690 772.5108 840.8896 863.9734 933.9466 981.1110 1076.4327 1100.4387 1124.5059 1204.8278 1180.7586 1061.3432 967.2032 943.9099 874.7341 806.8249 797.1716 886.0924 954.4453 1000.6440 1023.9067 1189.1975 1213.0993 1150.8751 1127.3709 1103.9507 1057.3846 988.3179 965.5342 898.0256 832.0196 1137.3415 1160.6438 1217.3465 1240.7062 1287.6573 1358.6032 1382.3762 1478.0094 1462.6519 1438.8601 1415.1242 1367.8319 1344.2817 1320.8000 1363.1070 1385.8720 1408.7271 1454.6906 1477.7911 1500.9659 1414.3262 1369.3639 1499.5146 1602.0133 1671.1965 1706.0123 1764.3404 1819.4938 1784.7002 1738.5553 1715.5815 1726.6396 1749.4682 1737.9986 1760.6799 1783.4346 1865.5820 1654.1720 1555.1149 1749.6526 1772.1848 1761.5958 1783.9771 1828.9764 1818.3633 1796.0512 1773.8222 1786.3262 1808.4015 1852.8077 1897.5347 1821.0224 1799.1019 1559.5683 1579.9127 1600.4016 1621.0295 1641.7912 1683.6962 1774.3306 1812.1436 1833.9081 1944.0543 1988.6756 2056.1453 2078.7693 1515.5097 1639.2350 1660.9347 1754.6235 1925.8457 1969.4467 3101.1195 3174.7145 3174.7433 3101.1490 3176.6252 3252.7871 3303.5627 3253.6795 3152.1594 3058.1997 3153.2849 3254.7699 3305.5151 3487.0397 3411.0618 3187.9752 3112.0415 3119.4078 3195.1665 3417.7837 3493.6154 3302.8791 3401.1271 3477.3221 3477.2958 3401.1002
1613.9300 485.2663 436.9981 397.5729 352.8681 396.7607 449.3719 0.0000 50.8000 76.2000 101.6000 127.0000 152.4000 488.5788 479.2462 540.0114 559.3770 683.9159 727.7887 795.1458 755.1963 683.9159 637.0288 722.8967 739.6592 708.4733 683.9159 635.0000 586.4045 603.7511 548.3106 573.0501 622.6887 647.5755 718.4205 592.9690 567.9613 518.0604 664.7816 361.0018 306.9094 384.3717 409.5627 460.0136 535.8136 611.7130 662.3510 763.6915 787.8096 737.0378 686.2702 635.5078 584.7519 534.0044 457.9050 432.5464 356.5060 355.6000 431.8000 457.2000 533.4000 584.2000 812.8000 737.0378 635.5078 534.0044 457.9050 432.5464 356.5060 477.8214 359.2102 434.7780 460.0136 535.8136 586.4045 687.6789 713.0120 738.3496 816.3641 791.0785 664.7816 563.9715 538.8154 463.5065 388.5453 369.8296 468.3529 542.9900 592.9690 618.0087 793.9278 819.1254 747.4681 722.4503 697.4601 647.5755 573.0501 548.3106 474.5112 401.6093 727.3453 752.2003 807.2246 832.0196 881.7130 956.4711 981.4397 1081.5152 1061.0392 1036.1208 1011.2263 961.5167 936.7057 911.9272 939.8000 963.8622 987.9914 1036.4321 1060.7351 1085.0885 988.4811 941.0006 1073.2064 1180.7586 1253.1239 1289.4722 1350.2674 1407.6424 1365.4715 1317.3763 1293.4063 1302.1062 1325.9189 1311.2404 1334.8902 1358.6032 1442.7814 1222.4368 1118.8981 1320.8000 1344.2817 1330.7758 1354.0845 1400.9200 1387.5004 1364.2898 1341.1585 1351.9387 1374.8887 1421.0386 1467.4959 1385.8720 1363.1070 1113.2620 1134.2174 1155.3510 1176.6535 1198.1156 1241.4859 1335.4325 1374.6540 1397.2309 1511.4601 1557.7056 1627.5832 1651.0000 1144.1283 1271.0156 1245.6363 1343.3215 1517.9912 1550.6316 2791.6908 2864.7515 2856.6646 2783.3916 2852.0479 2928.0593 2978.7389 2926.4063 2825.0007 2728.4595 2823.5159 2924.9730 2975.7051 3147.1763 3070.9831 2847.2054 2771.0138 2770.9148 2847.1090 3070.8938 3147.0891 2980.5793 3082.1565 3158.0801 3165.3971 3089.6533
1642.2244 521.1644 468.3529 422.7403 381.0000 431.0523 487.9181 50.8000 0.0000 25.4000 50.8000 76.2000 101.6000 444.3185 436.9981 502.8943 521.1644 641.0670 683.9159 750.0530 707.5621 637.0288 590.7889 674.8948 690.9547 659.4224 635.0000 586.4045 538.2164 554.7444 499.0308 523.6344 573.0501 597.8450 668.1697 542.9900 518.0604 468.3529 614.3440 323.2892 261.5090 334.0848 359.2102 409.5627 485.2663 561.1043 611.7130 713.0120 737.0378 686.2702 635.5078 584.7519 534.0044 483.2680 407.1930 381.8457 305.8565 304.8000 381.0000 406.4000 482.6000 533.4000 762.0000 686.2702 584.7519 483.2680 407.1930 381.8457 305.8565 427.2024 309.0043 384.3717 409.5627 485.2663 535.8136 637.0288 662.3510 687.6789 765.8005 740.5309 614.3440 513.6832 488.5788 413.4820 338.8783 321.2874 418.9075 493.1788 542.9900 567.9613 743.5739 768.7435 697.4601 672.5007 647.5755 597.8450 523.6344 499.0308 425.7816 353.7811 677.7565 702.5293 757.7548 782.4684 832.0196 906.6057 931.5257 1031.4402 1011.2263 986.3576 961.5167 911.9272 887.1839 862.4787 891.8981 915.8100 939.8000 987.9914 1012.1828 1036.4321 941.0006 893.8851 1025.8739 1132.7944 1204.8278 1241.0311 1301.6106 1358.8081 1317.3763 1269.4919 1245.6363 1254.6674 1278.3545 1264.1445 1287.6573 1311.2404 1395.1776 1176.1736 1073.5820 1274.0575 1297.3906 1284.3964 1307.5450 1354.0845 1341.1585 1318.1107 1295.1510 1306.3109 1329.0779 1374.8887 1421.0386 1340.4367 1317.8660 1071.9282 1092.4953 1113.2620 1134.2174 1155.3510 1198.1156 1290.9690 1329.8058 1352.1773 1465.5162 1511.4601 1580.9332 1604.2267 1093.3808 1220.2579 1197.0382 1294.4035 1468.8727 1502.5805 2741.2798 2814.3207 2806.0885 2732.8275 2801.3793 2877.3839 2928.0593 2875.7018 2774.3033 2677.7403 2772.7913 2874.2432 2924.9730 3096.3808 3020.1879 2796.4109 2720.2196 2720.1188 2796.3128 3020.0971 3096.2922 2929.9316 3031.5485 3107.4629 3114.8987 3039.1701
1656.7745 540.0114 485.2663 436.9981 396.7607 449.3719 508.0000 76.2000 25.4000 0.0000 25.4000 50.8000 76.2000 422.7403 416.5910 485.2663 502.8943 620.0930 662.3510 727.7887 683.9159 613.8187 567.9613 651.0531 666.7198 635.0000 610.6574 562.2530 514.3108 530.3676 474.5112 499.0308 548.3106 573.0501 643.0766 518.0604 493.1788 443.5919 589.1486 305.8565 239.6231 309.0043 334.0848 384.3717 460.0136 535.8136 586.4045 687.6789 711.6534 660.8883 610.1289 559.3770 508.6346 457.9050 381.8457 356.5060 280.5522 279.4000 355.6000 381.0000 457.2000 508.0000 736.6000 660.8883 559.3770 457.9050 381.8457 356.5060 280.5522 401.9100 283.9806 359.2102 384.3717 460.0136 510.5337 611.7130 637.0288 662.3510 740.5309 715.2705 589.1486 488.5788 463.5065 388.5453 314.1806 297.2994 394.3140 468.3529 518.0604 542.9900 718.4205 743.5739 672.5007 647.5755 622.6887 573.0501 499.0308 474.5112 401.6093 330.2000 653.0320 677.7565 733.0882 757.7548 807.2246 881.7130 906.6057 1006.4299 986.3576 961.5167 936.7057 887.1839 862.4787 837.8151 868.0708 891.8981 915.8100 963.8622 987.9914 1012.1828 917.3937 870.4829 1002.3350 1108.9071 1180.7586 1216.8827 1277.3448 1334.4460 1293.4063 1245.6363 1221.8430 1231.0487 1254.6674 1240.7062 1264.1445 1287.6573 1371.4617 1153.1852 1051.1120 1250.8049 1274.0575 1261.3344 1284.3964 1330.7758 1318.1107 1295.1510 1272.2839 1283.6427 1306.3109 1351.9387 1397.9233 1317.8660 1295.4000 1051.5723 1071.9282 1092.4953 1113.2620 1134.2174 1176.6535 1268.9157 1307.5450 1329.8058 1442.6663 1488.4487 1557.7056 1580.9332 1068.0088 1194.8804 1172.8091 1270.0000 1444.3570 1478.6238 2716.0797 2789.1103 2780.8035 2707.5488 2776.0469 2852.0479 2902.7211 2850.3508 2748.9560 2652.3819 2747.4301 2848.8792 2899.6078 3070.9831 2994.7903 2771.0138 2694.8227 2694.7209 2770.9148 2994.6987 3070.8938 2904.6097 3006.2469 3082.1565 3089.6533 3013.9325
1671.5840 559.3770 502.8943 452.2341 413.4820 468.3529 528.5398 101.6000 50.8000 25.4000 0.0000 25.4000 50.8000 401.6093 396.7607 468.3529 485.2663 599.4615 641.0670 705.7362 660.4000 590.7889 545.3611 627.3337 642.5748 610.6574 586.4045 538.2164 490.5555 506.0914 450.0891 474.5112 523.6344 548.3106 618.0087 493.1788 468.3529 418.9075 563.9715 289.6046 218.4991 283.9806 309.0043 359.2102 434.7780 510.5337 561.1043 662.3510 686.2702 635.5078 584.7519 534.0044 483.2680 432.5464 356.5060 331.1755 255.2668 254.0000 330.2000 355.6000 431.8000 482.6000 711.2000 635.5078 534.0044 432.5464 356.5060 331.1755 255.2668 376.6320 259.0302 334.0848 359.2102 434.7780 485.2663 586.4045 611.7130 637.0288 715.2705 690.0203 563.9715 463.5065 438.4720 363.6727 289.6046 273.5664 369.8296 443.5919 493.1788 518.0604 693.2851 718.4205 647.5755 622.6887 597.8450 548.3106 474.5112 450.0891 377.5981 306.9094 628.3613 653.0320 708.4733 733.0882 782.4684 856.8501 881.7130 981.4397 961.5167 936.7057 911.9272 862.4787 837.8151 813.1968 844.3351 868.0708 891.8981 939.8000 963.8622 987.9914 893.8851 847.1957 978.8891 1085.0885 1156.7462 1192.7863 1253.1239 1310.1234 1269.4919 1221.8430 1198.1156 1207.5022 1231.0487 1217.3465 1240.7062 1264.1445 1347.8072 1130.3000 1028.7784 1227.6375 1250.8049 1238.3640 1261.3344 1307.5450 1295.1510 1272.2839 1249.5148 1261.0787 1283.6427 1329.0779 1374.8887 1295.4000 1273.0444 1031.4402 1051.5723 1071.9282 1092.4953 1113.2620 1155.3510 1246.9897 1285.4006 1307.5450 1419.9032 1465.5162 1534.5468 1557.7056 1042.6383 1169.5038 1148.6306 1245.6363 1419.8725 1454.7161 2690.8834 2763.9034 2755.5206 2682.2724 2750.7156 2826.7130 2877.3839 2825.0007 2723.6097 2627.0243 2722.0695 2823.5159 2874.2432 3045.5855 2969.3928 2745.6167 2669.4257 2669.3230 2745.5168 2969.3004 3045.4954 2879.2891 2980.9470 3056.8517 3064.4104 2988.6977
1686.6459 579.2091 521.1644 468.3529 431.0523 487.9181 549.4860 127.0000 76.2000 50.8000 25.4000 0.0000 25.4000 381.0000 377.5981 452.2341 468.3529 579.2091 620.0930 683.9159 637.0288 567.9613 523.0180 603.7511 618.5304 586.4045 562.2530 514.3108 466.9733 481.9311 425.7816 450.0891 499.0308 523.6344 592.9690 468.3529 443.5919 394.3140 538.8154 274.7430 198.3803 259.0302 283.9806 334.0848 409.5627 485.2663 535.8136 637.0288 660.8883 610.1289 559.3770 508.6346 457.9050 407.1930 331.1755 305.8565 230.0068 228.6000 304.8000 330.2000 406.4000 457.2000 685.8000 610.1289 508.6346 407.1930 331.1755 305.8565 230.0068 351.3717 234.1764 309.0043 334.0848 409.5627 460.0136 561.1043 586.4045 611.7130 690.0203 664.7816 538.8154 438.4720 413.4820 338.8783 265.1838 250.1610 345.4774 418.9075 468.3529 493.1788 668.1697 693.2851 622.6887 597.8450 573.0501 523.6344 450.0891 425.7816 353.7811 283.9806 603.7511 628.3613 683.9159 708.4733 757.7548 832.0196 856.8501 956.4711 936.7057 911.9272 887.1839 837.8151 813.1968 788.6281 820.6991 844.3351 868.0708 915.8100 939.8000 963.8622 870.4829 824.0333 955.5431 1061.3432 1132.7944 1168.7451 1228.9506 1285.8424 1245.6363 1198.1156 1174.4582 1184.0324 1207.5022 1194.0702 1217.3465 1240.7062 1324.2174 1107.5245 1006.5902 1204.5600 1227.6375 1215.4902 1238.3640 1284.3964 1272.2839 1249.5148 1226.8489 1238.6244 1261.0787 1306.3109 1351.9387 1273.0444 1250.8049 1011.5452 1031.4402 1051.5723 1071.9282 1092.4953 1134.2174 1225.1979 1263.3787 1285.4006 1397.2309 1442.6663 1511.4601 1534.5468 1017.2692 1144.1283 1124.5059 1221.3148 1395.4206 1430.8598 2665.6910 2738.7001 2730.2398 2656.9983 2725.3857 2801.3793 2852.0479 2799.6516 2698.2644 2601.6675 2696.7098 2798.1533 2848.8792 3020.1879 2943.9953 2720.2196 2644.0289 2643.9251 2720.1188 2943.9022 3020.0971 2853.9700 2955.6488 3031.5485 3039.1701 2963.4656
1701.9537 599.4615 540.0114 485.2663 449.3719 508.0000 570.7940 152.4000 101.6000 76.2000 50.8000 25.4000 0.0000 361.0018 359.2102 436.9981 452.2341 559.3770 599.4615 662.3510 613.8187 545.3611 500.9663 580.3219 594.5988 562.2530 538.2164 490.5555 443.5919 457.9050 401.6093 425.7816 474.5112 499.0308 567.9613 443.5919 418.9075 369.8296 513.6832 261.5090 179.6051 234.1764 259.0302 309.0043 384.3717 460.0136 510.5337 611.7130 635.5078 584.7519 534.0044 483.2680 432.5464 381.8457 305.8565 280.5522 204.7813 203.2000 279.4000 304.8000 381.0000 431.8000 660.4000 584.7519 483.2680 381.8457 305.8565 280.5522 204.7813 326.1331 209.4538 283.9806 309.0043 384.3717 434.7780 535.8136 561.1043 586.4045 664.7816 639.5557 513.6832 413.4820 388.5453 314.1806 240.9656 227.1845 321.2874 394.3140 443.5919 468.3529 643.0766 668.1697 597.8450 573.0501 548.3106 499.0308 425.7816 401.6093 330.2000 261.5090 579.2091 603.7511 659.4224 683.9159 733.0882 807.2246 832.0196 931.5257 911.9272 887.1839 862.4787 813.1968 788.6281 764.1137 797.1716 820.6991 844.3351 891.8981 915.8100 939.8000 847.1957 801.0066 932.3046 1037.6763 1108.9071 1144.7625 1204.8278 1261.6054 1221.8430 1174.4582 1150.8751 1160.6438 1184.0324 1170.8821 1194.0702 1217.3465 1300.6957 1084.8655 984.5572 1181.5779 1204.5600 1192.7187 1215.4902 1261.3344 1249.5148 1226.8489 1204.2922 1216.2861 1238.6244 1283.6427 1329.0779 1250.8049 1228.6881 991.9017 1011.5452 1031.4402 1051.5723 1071.9282 1113.2620 1203.5476 1241.4859 1263.3787 1374.6540 1419.9032 1488.4487 1511.4601 991.9017 1118.7539 1100.4387 1197.0382 1371.0033 1407.0576 2640.5026 2713.5004 2704.9613 2631.7266 2700.0570 2776.0469 2826.7130 2774.3033 2672.9201 2576.3115 2671.3507 2772.7913 2823.5159 2994.7903 2918.5979 2694.8227 2618.6320 2618.5273 2694.7209 2918.5039 2994.6987 2828.6524 2930.3524 3006.2469 3013.9325 2938.2365
1728.1556 772.5108 697.4601 622.6887 614.3440 690.0203 765.8005 488.5788 444.3185 422.7403 401.6093 381.0000 361.0018 0.0000 35.9210 129.5151 127.0000 198.3803 239.6231 306.9094 280.5522 204.7813 154.5022 254.0000 280.5522 259.0302 234.1764 184.9148 136.7832 170.3884 143.6841 162.6394 204.7813 227.1845 306.9094 198.3803 179.6051 148.1062 274.7430 152.4000 183.1620 184.9148 179.6051 179.6051 204.7813 251.4472 289.6046 375.0265 409.5627 366.3240 325.2787 287.3682 254.0000 227.1845 204.7813 203.2000 217.0177 240.9656 228.6000 230.0068 250.1610 274.7430 444.3185 396.7607 325.2787 273.5664 255.2668 254.0000 265.1838 270.3870 289.6046 279.4000 280.5522 297.2994 318.2611 377.5981 395.1313 413.4820 487.9181 468.3529 381.0000 330.2000 321.2874 305.8565 309.0043 338.8783 331.1755 345.4774 363.6727 375.0265 485.2663 504.1756 468.3529 452.2341 436.9981 409.5627 377.5981 369.8296 356.5060 359.2102 472.4673 487.9181 540.0114 557.0655 592.9690 650.5574 670.5792 753.9138 747.0364 726.4578 706.1931 666.7198 647.5755 628.8745 702.5293 719.3180 736.6000 772.5108 791.0785 810.0171 756.2634 724.0114 835.5982 917.5695 975.8361 1005.8689 1057.0795 1106.3883 1087.1675 1047.2688 1027.6804 1044.1841 1063.4686 1061.0392 1080.0228 1099.2655 1173.2494 997.1724 922.3033 1078.2293 1096.9154 1095.7385 1114.1310 1151.7157 1150.0339 1131.6548 1113.5518 1131.6548 1149.4728 1185.9379 1223.4260 1167.5714 1150.0339 989.2966 1001.9326 1015.0471 1028.6216 1042.6383 1071.9282 1139.2339 1168.6761 1185.9379 1276.3342 1314.1892 1372.5404 1392.3742 764.1137 883.5404 960.1738 1042.6383 1203.4226 1265.1660 2341.6329 2415.1497 2412.7822 2339.1911 2413.1337 2489.3296 2540.1270 2489.7183 2388.1404 2293.6661 2388.8156 2490.3661 2541.1427 2721.5252 2645.5103 2422.3211 2346.3556 2353.6514 2429.3887 2651.9832 2727.8177 2540.0000 2639.1580 2715.3507 2717.4546 2641.3226
1692.3454 743.5739 668.1697 592.9690 586.4045 662.3510 738.3496 479.2462 436.9981 416.5910 396.7607 377.5981 359.2102 35.9210 0.0000 101.6000 104.7269 204.7813 250.1610 321.2874 304.8000 228.6000 177.8000 280.5522 309.0043 289.6046 265.1838 217.0177 170.3884 204.7813 179.6051 198.3803 239.6231 261.5090 340.7768 234.1764 215.5261 183.1620 310.0465 129.5151 179.6051 204.7813 203.2000 209.4538 239.6231 287.3682 325.2787 409.5627 444.3185 401.6093 361.0018 323.2892 289.6046 261.5090 234.1764 230.0068 234.1764 259.0302 255.2668 259.0302 283.9806 310.0465 479.2462 432.5464 361.0018 306.9094 283.9806 280.5522 283.9806 300.3472 309.0043 305.8565 309.0043 330.2000 352.8681 413.4820 431.0523 449.3719 523.6344 504.1756 416.5910 363.6727 353.7811 334.0848 331.1755 359.2102 359.2102 377.5981 397.5729 409.5627 521.1644 540.0114 504.1756 487.9181 472.4673 444.3185 410.3496 401.6093 384.3717 381.8457 508.0000 523.6344 575.8578 592.9690 628.8745 686.2702 706.1931 789.0370 782.4684 762.0000 741.8366 702.5293 683.4441 664.7816 738.3496 755.1963 772.5108 808.4226 826.9641 845.8620 792.0973 759.6681 871.5014 953.4309 1011.5452 1041.4774 1092.4953 1141.6027 1122.7834 1083.0055 1063.4686 1080.0228 1099.2655 1096.9154 1115.8668 1135.0703 1208.9178 1033.0808 957.9875 1114.1310 1132.7944 1131.6548 1150.0339 1187.5688 1185.9379 1167.5714 1149.4728 1167.5714 1185.3938 1221.8430 1259.2868 1203.4883 1185.9379 1023.9067 1036.7432 1050.0374 1063.7719 1077.9300 1107.4517 1175.0573 1204.5600 1221.8430 1312.2241 1350.0285 1408.2691 1428.0584 797.1716 915.8100 995.7966 1077.9300 1238.2221 1300.5458 2365.9260 2439.4769 2437.9271 2364.3280 2438.9291 2515.1131 2565.9029 2515.7543 2414.2029 2320.0257 2415.1380 2516.6517 2567.4111 2748.7109 2672.7450 2449.7166 2373.8125 2381.8368 2457.4931 2679.8744 2755.6438 2565.5257 2664.3248 2740.5241 2741.9029 2665.7430
1628.2634 736.6000 660.4000 584.2000 586.4045 662.3510 738.3496 540.0114 502.8943 485.2663 468.3529 452.2341 436.9981 129.5151 101.6000 0.0000 25.4000 177.8000 228.6000 304.8000 321.2874 250.1610 204.7813 306.9094 340.7768 331.1755 310.0465 270.0057 234.1764 270.0057 261.5090 274.7430 305.8565 323.2892 396.7607 310.0465 296.2124 273.5664 377.5981 179.6051 261.5090 305.8565 304.8000 309.0043 330.2000 366.3240 396.7607 468.3529 504.1756 466.9733 432.5464 401.6093 375.0265 353.7811 334.0848 331.1755 334.0848 359.2102 356.5060 359.2102 377.5981 397.5729 540.0114 504.1756 444.3185 401.6093 384.3717 381.8457 384.3717 399.8571 409.5627 407.1930 409.5627 425.7816 443.5919 493.1788 508.0000 523.6344 592.9690 575.8578 500.9663 457.9050 450.0891 434.7780 432.5464 460.0136 460.0136 474.5112 490.5555 500.3220 595.1410 611.7130 584.7519 570.7940 557.6443 534.0044 506.0914 499.0308 485.2663 483.2680 592.4247 605.8845 655.4972 670.5792 702.5293 754.3415 772.5108 848.9074 845.8620 826.9641 808.4226 772.5108 755.1963 738.3496 817.9431 833.1819 848.9074 881.7130 898.7437 916.1622 871.2237 841.8481 948.0871 1023.9067 1078.2293 1106.3588 1154.5131 1201.0875 1187.5688 1150.0339 1131.6548 1149.4728 1167.5714 1167.5714 1185.3938 1203.4883 1274.3871 1108.9798 1039.3846 1185.9379 1203.4883 1204.5600 1221.8430 1257.2359 1257.7489 1240.4461 1223.4260 1242.5248 1259.2868 1293.6557 1329.0779 1278.3545 1261.8458 1113.2620 1125.0795 1137.3415 1150.0339 1163.1425 1190.5530 1253.6853 1281.3790 1297.6392 1383.0761 1418.9941 1474.5132 1493.4250 841.2732 954.4453 1061.0392 1138.4755 1293.2705 1361.6166 2364.3409 2437.9396 2439.5644 2366.0162 2443.1579 2519.2139 2569.9227 2520.8780 2419.5417 2326.6902 2421.5407 2522.7967 2573.4349 2758.4187 2682.7277 2460.6043 2385.0467 2396.2664 2471.4810 2692.7073 2768.1254 2568.5416 2665.8230 2741.9807 2740.5353 2664.3363
1648.4257 762.0000 685.8000 609.6000 611.7130 687.6789 763.6915 559.3770 521.1644 502.8943 485.2663 468.3529 452.2341 127.0000 104.7269 25.4000 0.0000 152.4000 203.2000 279.4000 297.2994 227.1845 183.1620 283.9806 318.2611 310.0465 289.6046 251.4472 218.4991 254.0000 250.1610 261.5090 289.6046 305.8565 377.5981 296.2124 283.9806 265.1838 361.0018 198.3803 274.7430 309.0043 305.8565 305.8565 321.2874 352.8681 381.0000 449.3719 485.2663 449.3719 416.5910 387.7142 363.6727 345.4774 331.1755 330.2000 338.8783 363.6727 355.6000 356.5060 369.8296 386.8813 521.1644 487.9181 431.8000 394.3140 381.8457 381.0000 388.5453 396.2069 413.4820 406.4000 407.1930 418.9075 434.0354 479.2462 493.1788 508.0000 575.8578 559.3770 488.5788 450.0891 443.5919 432.5464 434.7780 463.5065 457.9050 468.3529 481.9311 490.5555 579.2091 595.1410 570.7940 557.6443 545.3611 523.6344 499.0308 493.1788 483.2680 485.2663 579.7658 592.4247 641.0670 655.4972 686.2702 736.6000 754.3415 829.3012 826.9641 808.4226 790.2625 755.1963 738.3496 722.0037 803.2185 817.9431 833.1819 865.0928 881.7130 898.7437 856.2852 827.9387 932.3046 1006.4299 1059.8224 1087.5383 1135.0703 1181.1276 1168.6761 1131.6548 1113.5518 1131.6548 1149.4728 1150.0339 1167.5714 1185.3938 1255.5930 1092.8643 1025.0088 1168.6761 1185.9379 1187.5688 1204.5600 1239.4055 1240.4461 1223.4260 1206.7005 1226.0599 1242.5248 1276.3342 1311.2404 1261.8458 1245.6363 1101.9034 1113.2620 1125.0795 1137.3415 1150.0339 1176.6535 1238.2800 1265.4197 1281.3790 1365.4715 1400.9200 1455.7990 1474.5132 819.1254 931.5257 1042.3289 1118.7539 1272.4753 1341.8810 2338.9413 2412.5400 2414.1819 2340.6348 2417.8078 2493.8609 2544.5679 2495.5419 2394.2111 2301.3883 2396.2312 2497.4801 2548.1150 2733.1852 2657.5038 2435.4140 2359.8700 2371.2088 2446.4027 2667.5778 2742.9812 2543.1730 2640.4377 2716.5946 2715.1356 2638.9366
1772.2292 914.4000 838.2000 762.0000 763.6915 839.7380 915.8100 683.9159 641.0670 620.0930 599.4615 579.2091 559.3770 198.3803 204.7813 177.8000 152.4000 0.0000 50.8000 127.0000 162.6394 113.5923 101.6000 162.6394 198.3803 204.7813 193.4406 179.6051 179.6051 203.2000 234.1764 230.0068 230.0068 234.1764 283.9806 254.0000 255.2668 265.1838 289.6046 330.2000 381.0000 366.3240 352.8681 330.2000 309.0043 305.8565 314.1806 352.8681 387.7142 363.6727 345.4774 334.0848 330.2000 334.0848 353.7811 363.6727 401.6093 422.7403 386.8813 377.5981 359.2102 355.6000 422.7403 410.3496 384.3717 384.3717 401.6093 410.3496 444.3185 408.2182 466.2820 434.0354 425.7816 409.5627 406.4000 418.9075 425.7816 434.0354 488.5788 477.2227 438.4720 432.5464 434.7780 450.0891 477.2227 511.1651 474.5112 460.0136 457.2000 457.9050 500.3220 511.1651 506.0914 499.0308 493.1788 485.2663 483.2680 485.2663 499.0308 523.6344 523.6344 530.3676 570.7940 580.3219 602.1461 641.0670 655.4972 719.3180 722.0037 706.1931 690.9547 662.3510 649.0682 636.5222 727.3453 738.3496 750.0530 775.4283 789.0370 803.2185 778.1277 757.1160 847.4812 909.4477 956.1337 980.8643 1023.9067 1066.2394 1061.0392 1027.6804 1011.5452 1031.4402 1047.2688 1051.5723 1067.1023 1083.0055 1148.1801 1004.2641 948.5123 1071.9282 1087.1675 1092.4953 1107.4517 1138.4755 1143.0000 1127.9430 1113.2620 1134.2174 1148.6306 1178.5709 1209.9041 1169.5038 1155.3510 1044.1841 1052.4921 1061.3432 1070.7237 1080.6200 1101.9034 1153.2982 1176.6535 1190.5530 1265.4197 1297.6392 1348.1156 1365.4715 690.9547 797.1716 936.7057 1005.7887 1151.5896 1227.8476 2186.5442 2260.1427 2261.8952 2188.3556 2265.7313 2341.7643 2392.4589 2343.5544 2242.2604 2149.6256 2244.4174 2345.6181 2396.2312 2581.8529 2506.2353 2284.3696 2208.9173 2221.0268 2296.0813 2516.9148 2592.2209 2390.9753 2488.1319 2564.2834 2562.7377 2486.5389
1814.4646 965.2000 889.0000 812.8000 814.3860 890.4502 966.5359 727.7887 683.9159 662.3510 641.0670 620.0930 599.4615 239.6231 250.1610 228.6000 203.2000 50.8000 0.0000 76.2000 127.0000 101.6000 113.5923 136.7832 170.3884 184.9148 179.6051 179.6051 193.4406 209.4538 250.1610 240.9656 230.0068 228.6000 265.1838 259.0302 265.1838 283.9806 280.5522 377.5981 422.7403 396.7607 381.0000 352.8681 321.2874 305.8565 305.8565 330.2000 363.6727 345.4774 334.0848 330.2000 334.0848 345.4774 375.0265 387.7142 432.5464 452.2341 409.5627 397.5729 369.8296 359.2102 397.5729 394.3140 381.0000 394.3140 420.4448 431.8000 472.4673 424.4825 493.1788 454.3690 443.5919 418.9075 409.5627 409.5627 413.4820 418.9075 466.9733 457.9050 432.5464 438.4720 443.5919 466.9733 500.9663 535.8136 490.5555 468.3529 460.0136 457.9050 481.9311 490.5555 493.1788 488.5788 485.2663 482.6000 488.5788 493.1788 514.3108 545.3611 513.6832 518.0604 554.7444 562.2530 580.3219 614.3440 627.3337 686.2702 690.9547 676.3272 662.3510 636.5222 624.7574 613.8187 707.5621 717.0722 727.3453 750.0530 762.4232 775.4283 757.1160 739.0047 823.5438 880.6147 924.5740 948.0871 989.2966 1030.1085 1027.6804 995.7966 980.4532 1000.9663 1016.0000 1021.6990 1036.4321 1051.5723 1114.7084 978.2298 927.1870 1042.6383 1057.0795 1063.7719 1077.9300 1107.4517 1113.2620 1098.9720 1085.0885 1106.5775 1120.1947 1148.6306 1178.5709 1141.5880 1128.2290 1029.2486 1036.4321 1044.1841 1052.4921 1061.3432 1080.6200 1128.1278 1150.0339 1163.1425 1234.4505 1265.4197 1314.1892 1331.0182 650.5574 753.9138 904.4683 970.5326 1113.0152 1191.7442 2135.7452 2209.3437 2211.1365 2137.5997 2215.0489 2291.0744 2341.7643 2292.9040 2191.6241 2099.0586 2193.8308 2295.0133 2345.6181 2531.4373 2455.8436 2234.0624 2158.6449 2171.0349 2246.0364 2466.7413 2542.0109 2340.2485 2437.3659 2513.5154 2511.9385 2435.7397
1878.6132 1041.4000 965.2000 889.0000 890.4502 966.5359 1042.6383 795.1458 750.0530 727.7887 705.7362 683.9159 662.3510 306.9094 321.2874 304.8000 279.4000 127.0000 76.2000 0.0000 101.6000 127.0000 162.6394 129.5151 152.4000 179.6051 184.9148 204.7813 234.1764 239.6231 289.6046 274.7430 250.1610 240.9656 254.0000 283.9806 296.2124 325.2787 283.9806 450.0891 488.5788 449.3719 431.0523 396.7607 352.8681 321.2874 309.0043 309.0043 338.8783 331.1755 331.1755 338.8783 353.7811 375.0265 416.5910 432.5464 485.2663 502.8943 452.2341 436.9981 397.5729 377.5981 369.8296 381.8457 388.5453 420.4448 457.9050 472.4673 521.1644 458.4514 540.0114 493.1788 479.2462 443.5919 425.7816 407.1930 406.4000 407.1930 443.5919 438.4720 434.7780 457.9050 466.9733 500.9663 543.5837 579.2091 523.0180 490.5555 474.5112 468.3529 463.5065 468.3529 483.2680 482.6000 483.2680 488.5788 506.0914 514.3108 545.3611 584.7519 508.0000 508.6346 538.8154 542.9900 554.7444 580.3219 590.7889 641.0670 649.0682 636.5222 624.7574 603.7511 594.5988 586.4045 683.9159 690.9547 698.8463 717.0722 727.3453 738.3496 731.1054 717.7467 792.4027 841.2732 880.6147 902.0577 940.1432 978.3592 980.4532 951.0596 937.0500 958.4925 972.1931 980.1241 993.5264 1007.3910 1067.0698 942.9697 899.6406 1001.9326 1015.0471 1023.9067 1036.7432 1063.7719 1071.6272 1058.6042 1046.0360 1068.3108 1080.6200 1106.5775 1134.2174 1102.7813 1090.7223 1011.2263 1016.6348 1022.6458 1029.2486 1036.4321 1052.4921 1093.7154 1113.2620 1125.0795 1190.5530 1219.4646 1265.4197 1281.3790 592.9690 690.9547 859.4814 920.3777 1057.0936 1139.6921 2059.5469 2133.1453 2135.0020 2061.4699 2139.0359 2215.0489 2265.7313 2216.9413 2115.6843 2023.2299 2117.9701 2219.1229 2269.7142 2455.8436 2380.2885 2158.6449 2083.2843 2096.1198 2171.0349 2391.5305 2466.7413 2264.1646 2361.2197 2437.3659 2435.7397 2359.5409
1934.4195 1046.3444 970.5326 894.7869 890.4502 966.5359 1042.6383 755.1963 707.5621 683.9159 660.4000 637.0288 613.8187 280.5522 304.8000 321.2874 297.2994 162.6394 127.0000 101.6000 0.0000 76.2000 127.0000 35.9210 50.8000 80.3219 91.5810 127.0000 170.3884 162.6394 218.4991 198.3803 162.6394 148.1062 152.4000 198.3803 215.5261 254.0000 184.9148 432.5464 450.0891 387.7142 366.3240 325.2787 270.0057 227.1845 209.4538 209.4538 240.9656 230.0068 230.0068 240.9656 261.5090 289.6046 341.7221 361.0018 422.7403 436.9981 377.5981 359.2102 310.0465 283.9806 273.5664 280.5522 289.6046 331.1755 377.5981 395.1313 452.2341 374.8339 468.3529 413.4820 396.7607 352.8681 330.2000 305.8565 304.8000 305.8565 345.4774 338.8783 334.0848 363.6727 375.0265 416.5910 466.9733 502.8943 436.9981 397.5729 377.5981 369.8296 363.6727 369.8296 381.8457 381.0000 381.8457 388.5453 410.3496 420.4448 457.9050 504.1756 406.4000 407.1930 438.4720 443.5919 457.9050 488.5788 500.9663 559.3770 563.9715 549.4860 535.8136 511.1651 500.3220 490.5555 586.4045 594.5988 603.7511 624.7574 636.5222 649.0682 634.7459 619.3122 698.9617 753.9138 797.5762 821.1903 862.8526 904.3408 900.8947 868.8137 853.4551 873.9962 889.0000 894.7869 909.4477 924.5740 987.9563 852.4151 804.2219 915.8100 930.1395 937.0500 951.0596 980.4532 986.3576 972.1931 958.4925 980.1241 993.5264 1021.6990 1051.5723 1015.0471 1001.9326 911.9272 917.9210 924.5740 931.8720 939.8000 957.4823 1002.6195 1023.9067 1036.7432 1107.4517 1138.4755 1187.5688 1204.5600 528.5398 636.5222 777.5056 844.3351 988.9855 1065.9820 2061.3664 2134.9021 2133.1310 2059.5321 2134.2047 2210.3838 2261.1707 2211.1134 2109.5767 2015.5623 2110.6468 2212.1344 2262.8820 2444.9347 2369.0318 2146.2259 2070.4134 2079.6087 2155.0978 2377.0723 2452.7264 2260.7427 2359.5280 2435.7271 2437.2784 2361.1293
