0.0000 633.0000 257.0000 91.0000 412.0000 150.0000 80.0000 134.0000 259.0000 505.0000 353.0000 324.0000 70.0000 211.0000 268.0000 246.0000 121.0000
633.0000 0.0000 390.0000 661.0000 227.0000 488.0000 572.0000 530.0000 555.0000 289.0000 282.0000 638.0000 567.0000 466.0000 420.0000 745.0000 518.0000
257.0000 390.0000 0.0000 228.0000 169.0000 112.0000 196.0000 154.0000 372.0000 262.0000 110.0000 437.0000 191.0000 74.0000 53.0000 472.0000 142.0000
91.0000 661.0000 228.0000 0.0000 383.0000 120.0000 77.0000 105.0000 175.0000 476.0000 324.0000 240.0000 27.0000 182.0000 239.0000 237.0000 84.0000
412.0000 227.0000 169.0000 383.0000 0.0000 267.0000 351.0000 309.0000 338.0000 196.0000 61.0000 421.0000 346.0000 243.0000 199.0000 528.0000 297.0000
150.0000 488.0000 112.0000 120.0000 267.0000 0.0000 63.0000 34.0000 264.0000 360.0000 208.0000 329.0000 83.0000 105.0000 123.0000 364.0000 35.0000
80.0000 572.0000 196.0000 77.0000 351.0000 63.0000 0.0000 29.0000 232.0000 444.0000 292.0000 297.0000 47.0000 150.0000 207.0000 332.0000 29.0000
134.0000 530.0000 154.0000 105.0000 309.0000 34.0000 29.0000 0.0000 249.0000 402.0000 250.0000 314.0000 68.0000 108.0000 165.0000 349.0000 36.0000
259.0000 555.0000 372.0000 175.0000 338.0000 264.0000 232.0000 249.0000 0.0000 495.0000 352.0000 95.0000 189.0000 326.0000 383.0000 202.0000 236.0000
505.0000 289.0000 262.0000 476.0000 196.0000 360.0000 444.0000 402.0000 495.0000 0.0000 154.0000 578.0000 439.0000 336.0000 240.0000 685.0000 390.0000
353.0000 282.0000 110.0000 324.0000 61.0000 208.0000 292.0000 250.0000 352.0000 154.0000 0.0000 435.0000 287.0000 184.0000 140.0000 542.0000 238.0000
324.0000 638.0000 437.0000 240.0000 421.0000 329.0000 297.0000 314.0000 95.0000 578.0000 435.0000 0.0000 254.0000 391.0000 448.0000 157.0000 301.0000
70.0000 567.0000 191.0000 27.0000 346.0000 83.0000 47.0000 68.0000 189.0000 439.0000 287.0000 254.0000 0.0000 145.0000 202.0000 289.0000 55.0000
211.0000 466.0000 74.0000 182.0000 243.0000 105.0000 150.0000 108.0000 326.0000 336.0000 184.0000 391.0000 145.0000 0.0000 57.0000 426.0000 96.0000
268.0000 420.0000 53.0000 239.0000 199.0000 123.0000 207.0000 165.0000 383.0000 240.0000 140.0000 448.0000 202.0000 57.0000 0.0000 483.0000 153.0000
246.0000 745.0000 472.0000 237.0000 528.0000 364.0000 332.0000 349.0000 202.0000 685.0000 542.0000 157.0000 289.0000 426.0000 483.0000 0.0000 336.0000
121.0000 518.0000 142.0000 84.0000 297.0000 35.0000 29.0000 36.0000 236.0000 390.0000 238.0000 301.0000 55.0000 96.0000 153.0000 336.0000 0.0000
