0.0000 510.0000 635.0000 91.0000 385.0000 155.0000 110.0000 130.0000 490.0000 370.0000 155.0000 68.0000 610.0000 655.0000 480.0000 265.0000 255.0000 450.0000 170.0000 240.0000 380.0000
510.0000 0.0000 355.0000 415.0000 585.0000 475.0000 480.0000 500.0000 605.0000 320.0000 380.0000 440.0000 360.0000 235.0000 81.0000 480.0000 440.0000 270.0000 445.0000 290.0000 140.0000
635.0000 355.0000 0.0000 605.0000 390.0000 495.0000 570.0000 540.0000 295.0000 700.0000 640.0000 575.0000 705.0000 585.0000 435.0000 420.0000 755.0000 625.0000 750.0000 590.0000 495.0000
91.0000 415.0000 605.0000 0.0000 350.0000 120.0000 78.0000 97.0000 460.0000 280.0000 63.0000 27.0000 520.0000 555.0000 380.0000 235.0000 235.0000 345.0000 160.0000 140.0000 280.0000
385.0000 585.0000 390.0000 350.0000 0.0000 240.0000 320.0000 285.0000 120.0000 590.0000 430.0000 320.0000 835.0000 750.0000 575.0000 125.0000 650.0000 660.0000 495.0000 480.0000 480.0000
155.0000 475.0000 495.0000 120.0000 240.0000 0.0000 96.0000 36.0000 350.0000 365.0000 200.0000 91.0000 605.0000 615.0000 440.0000 125.0000 370.0000 430.0000 265.0000 255.0000 340.0000
110.0000 480.0000 570.0000 78.0000 320.0000 96.0000 0.0000 29.0000 425.0000 350.0000 160.0000 48.0000 590.0000 625.0000 455.0000 200.0000 320.0000 420.0000 220.0000 205.0000 350.0000
130.0000 500.0000 540.0000 97.0000 285.0000 36.0000 29.0000 0.0000 390.0000 370.0000 175.0000 67.0000 610.0000 645.0000 465.0000 165.0000 350.0000 440.0000 240.0000 220.0000 370.0000
490.0000 605.0000 295.0000 460.0000 120.0000 350.0000 425.0000 390.0000 0.0000 625.0000 535.0000 430.0000 865.0000 775.0000 600.0000 230.0000 680.0000 690.0000 600.0000 515.0000 505.0000
370.0000 320.0000 700.0000 280.0000 590.0000 365.0000 350.0000 370.0000 625.0000 0.0000 240.0000 300.0000 250.0000 285.0000 245.0000 475.0000 150.0000 77.0000 235.0000 150.0000 185.0000
155.0000 380.0000 640.0000 63.0000 430.0000 200.0000 160.0000 175.0000 535.0000 240.0000 0.0000 90.0000 480.0000 515.0000 345.0000 310.0000 175.0000 310.0000 125.0000 100.0000 240.0000
68.0000 440.0000 575.0000 27.0000 320.0000 91.0000 48.0000 67.0000 430.0000 300.0000 90.0000 0.0000 545.0000 585.0000 415.0000 205.0000 265.0000 380.0000 170.0000 170.0000 310.0000
610.0000 360.0000 705.0000 520.0000 835.0000 605.0000 590.0000 610.0000 865.0000 250.0000 480.0000 545.0000 0.0000 190.0000 295.0000 715.0000 400.0000 180.0000 485.0000 390.0000 345.0000
655.0000 235.0000 585.0000 555.0000 750.0000 615.0000 625.0000 645.0000 775.0000 285.0000 515.0000 585.0000 190.0000 0.0000 170.0000 650.0000 435.0000 215.0000 525.0000 425.0000 280.0000
480.0000 81.0000 435.0000 380.0000 575.0000 440.0000 455.0000 465.0000 600.0000 245.0000 345.0000 415.0000 295.0000 170.0000 0.0000 475.0000 385.0000 190.0000 405.0000 255.0000 105.0000
265.0000 480.0000 420.0000 235.0000 125.0000 125.0000 200.0000 165.0000 230.0000 475.0000 310.0000 205.0000 715.0000 650.0000 475.0000 0.0000 485.0000 545.0000 375.0000 395.0000 380.0000
255.0000 440.0000 755.0000 235.0000 650.0000 370.0000 320.0000 350.0000 680.0000 150.0000 175.0000 265.0000 400.0000 435.0000 385.0000 485.0000 0.0000 225.0000 87.0000 205.0000 280.0000
450.0000 270.0000 625.0000 345.0000 660.0000 430.0000 420.0000 440.0000 690.0000 77.0000 310.0000 380.0000 180.0000 215.0000 190.0000 545.0000 225.0000 0.0000 315.0000 220.0000 165.0000
170.0000 445.0000 750.0000 160.0000 495.0000 265.0000 220.0000 240.0000 600.0000 235.0000 125.0000 170.0000 485.0000 525.0000 405.0000 375.0000 87.0000 315.0000 0.0000 155.0000 305.0000
240.0000 290.0000 590.0000 140.0000 480.0000 255.0000 205.0000 220.0000 515.0000 150.0000 100.0000 170.0000 390.0000 425.0000 255.0000 395.0000 205.0000 220.0000 155.0000 0.0000 150.0000
380.0000 140.0000 495.0000 280.0000 480.0000 340.0000 350.0000 370.0000 505.0000 185.0000 240.0000 310.0000 345.0000 280.0000 105.0000 380.0000 280.0000 165.0000 305.0000 150.0000 0.0000
