0.0000 1690.0000 2083.0000 2440.0000 2632.0000 2709.0000 2834.0000 2922.0000 3243.0000 3583.0000 3177.0000 3825.0000 4127.0000 4075.0000 4207.0000 4803.0000 5706.0000 5934.0000 5948.0000 5823.0000 5969.0000 6448.0000 6002.0000 5793.0000 5264.0000 6681.0000 6803.0000 7208.0000 882.0000 656.0000 759.0000 925.0000 2205.0000 1697.0000 1624.0000 1224.0000 1328.0000 1691.0000 2386.0000 2565.0000 2754.0000 2875.0000 3006.0000 2396.0000 2770.0000 3479.0000 3984.0000 4182.0000 3088.0000 3512.0000 3703.0000 3753.0000 4032.0000 4758.0000 3971.0000 4783.0000 4786.0000 4885.0000 5573.0000 5592.0000 6175.0000 6193.0000 6361.0000 6881.0000 7688.0000 7278.0000 7304.0000 7338.0000 4840.0000 5314.0000 6353.0000 6483.0000 6624.0000 6911.0000 7010.0000 7286.0000 7469.0000 7590.0000 3956.0000 5922.0000 5914.0000 6084.0000 6237.0000 6950.0000 7200.0000 7217.0000 7250.0000 7680.0000 7636.0000 7533.0000 7018.0000 8461.0000 8646.0000 8575.0000 9682.0000 8972.0000
1690.0000 0.0000 525.0000 816.0000 969.0000 1049.0000 1198.0000 1250.0000 1624.0000 1980.0000 2174.0000 2262.0000 2581.0000 2585.0000 2785.0000 3430.0000 4366.0000 4592.0000 4638.0000 4513.0000 4818.0000 5401.0000 5110.0000 5000.0000 4509.0000 5744.0000 6050.0000 6339.0000 1115.0000 1511.0000 1635.0000 1810.0000 1791.0000 1884.0000 2073.0000 2077.0000 2194.0000 2476.0000 2807.0000 2794.0000 2980.0000 3010.0000 3066.0000 2270.0000 2436.0000 3065.0000 3479.0000 3630.0000 3121.0000 3408.0000 3889.0000 3731.0000 3926.0000 4462.0000 4067.0000 4879.0000 4883.0000 4756.0000 5550.0000 5303.0000 5936.0000 5897.0000 5955.0000 6458.0000 7060.0000 6894.0000 6988.0000 7038.0000 5135.0000 5654.0000 6397.0000 6545.0000 6755.0000 7160.0000 7154.0000 7304.0000 7597.0000 7911.0000 5015.0000 7282.0000 6532.0000 6634.0000 6915.0000 7364.0000 7595.0000 7626.0000 7761.0000 8123.0000 8198.0000 8153.0000 7768.0000 8542.0000 8558.0000 8286.0000 9502.0000 8405.0000
2083.0000 525.0000 0.0000 847.0000 876.0000 948.0000 1123.0000 1085.0000 1528.0000 1880.0000 2450.0000 2192.0000 2513.0000 2566.0000 2807.0000 3459.0000 4389.0000 4608.0000 4671.0000 4549.0000 4925.0000 5541.0000 5315.0000 5242.0000 4773.0000 5921.0000 6285.0000 6530.0000 1621.0000 2001.0000 2134.0000 2318.0000 2252.0000 2403.0000 2597.0000 2595.0000 2713.0000 3000.0000 3322.0000 3296.0000 3478.0000 3498.0000 3545.0000 2749.0000 2875.0000 3463.0000 3842.0000 3977.0000 3594.0000 3854.0000 4368.0000 4183.0000 4360.0000 4848.0000 4530.0000 5331.0000 5335.0000 5171.0000 5974.0000 5676.0000 6310.0000 6259.0000 6290.0000 6781.0000 7318.0000 7222.0000 7330.0000 7384.0000 5613.0000 6132.0000 6822.0000 6972.0000 7193.0000 7613.0000 7590.0000 7716.0000 8026.0000 8370.0000 5539.0000 7794.0000 7035.0000 7130.0000 7421.0000 7839.0000 8067.0000 8100.0000 8247.0000 8598.0000 8688.0000 8650.0000 8278.0000 8955.0000 8935.0000 8620.0000 9850.0000 8664.0000
2440.0000 816.0000 847.0000 0.0000 228.0000 289.0000 395.0000 509.0000 814.0000 1167.0000 1648.0000 1447.0000 1767.0000 1780.0000 1996.0000 2647.0000 3583.0000 3806.0000 3860.0000 3736.0000 4087.0000 4698.0000 4471.0000 4405.0000 3945.0000 5075.0000 5444.0000 5684.0000 1706.0000 2119.0000 2207.0000 2336.0000 1730.0000 2114.0000 2370.0000 2532.0000 2633.0000 2836.0000 2959.0000 2857.0000 3015.0000 2997.0000 3010.0000 2246.0000 2267.0000 2765.0000 3093.0000 3210.0000 3045.0000 3232.0000 3815.0000 3567.0000 3705.0000 4114.0000 3935.0000 4698.0000 4702.0000 4473.0000 5281.0000 4920.0000 5552.0000 5489.0000 5497.0000 5978.0000 6482.0000 6420.0000 6539.0000 6596.0000 5038.0000 5554.0000 6127.0000 6279.0000 6515.0000 6963.0000 6907.0000 6996.0000 7330.0000 7727.0000 5303.0000 7683.0000 6537.0000 6601.0000 6938.0000 7240.0000 7456.0000 7493.0000 7675.0000 7993.0000 8125.0000 8112.0000 7804.0000 8230.0000 8170.0000 7819.0000 9055.0000 7828.0000
2632.0000 969.0000 876.0000 228.0000 0.0000 81.0000 249.0000 293.0000 670.0000 1028.0000 1749.0000 1329.0000 1651.0000 1692.0000 1932.0000 2583.0000 3514.0000 3733.0000 3796.0000 3673.0000 4059.0000 4685.0000 4492.0000 4446.0000 4002.0000 5078.0000 5477.0000 5693.0000 1922.0000 2335.0000 2427.0000 2560.0000 1935.0000 2339.0000 2597.0000 2760.0000 2860.0000 3063.0000 3176.0000 3066.0000 3220.0000 3196.0000 3203.0000 2449.0000 2447.0000 2912.0000 3215.0000 3321.0000 3234.0000 3402.0000 4000.0000 3737.0000 3863.0000 4240.0000 4109.0000 4859.0000 4863.0000 4612.0000 5421.0000 5032.0000 5661.0000 5591.0000 5584.0000 6056.0000 6523.0000 6498.0000 6625.0000 6683.0000 5214.0000 5728.0000 6264.0000 6416.0000 6658.0000 7115.0000 7047.0000 7120.0000 7464.0000 7879.0000 5526.0000 7910.0000 6726.0000 6784.0000 7129.0000 7406.0000 7618.0000 7656.0000 7846.0000 8155.0000 8299.0000 8291.0000 7996.0000 8350.0000 8270.0000 7896.0000 9136.0000 7864.0000
2709.0000 1049.0000 948.0000 289.0000 81.0000 0.0000 176.0000 221.0000 591.0000 949.0000 1726.0000 1252.0000 1574.0000 1619.0000 1862.0000 2513.0000 3443.0000 3661.0000 3725.0000 3602.0000 3995.0000 4624.0000 4440.0000 4399.0000 3960.0000 5021.0000 5427.0000 5637.0000 1992.0000 2405.0000 2495.0000 2624.0000 1960.0000 2384.0000 2645.0000 2819.0000 2918.0000 3114.0000 3211.0000 3093.0000 3244.0000 3216.0000 3219.0000 2472.0000 2457.0000 2906.0000 3198.0000 3299.0000 3248.0000 3406.0000 4011.0000 3741.0000 3860.0000 4222.0000 4114.0000 4857.0000 4861.0000 4601.0000 5409.0000 5009.0000 5636.0000 5564.0000 5551.0000 6020.0000 6476.0000 6462.0000 6592.0000 6651.0000 5219.0000 5732.0000 6250.0000 6402.0000 6646.0000 7107.0000 7035.0000 7101.0000 7449.0000 7872.0000 5566.0000 7958.0000 6739.0000 6793.0000 7143.0000 7405.0000 7615.0000 7654.0000 7848.0000 8153.0000 8302.0000 8297.0000 8010.0000 8329.0000 8241.0000 7859.0000 9099.0000 7815.0000
2834.0000 1198.0000 1123.0000 395.0000 249.0000 176.0000 0.0000 205.0000 428.0000 786.0000 1606.0000 1082.0000 1404.0000 1444.0000 1687.0000 2338.0000 3267.0000 3486.0000 3550.0000 3427.0000 3822.0000 4452.0000 4275.0000 4241.0000 3808.0000 4852.0000 5265.0000 5469.0000 2089.0000 2500.0000 2582.0000 2701.0000 1938.0000 2406.0000 2676.0000 2878.0000 2973.0000 3151.0000 3204.0000 3070.0000 3214.0000 3176.0000 3170.0000 2443.0000 2399.0000 2812.0000 3083.0000 3177.0000 3195.0000 3331.0000 3950.0000 3665.0000 3772.0000 4107.0000 4041.0000 4769.0000 4774.0000 4495.0000 5302.0000 4883.0000 5508.0000 5432.0000 5411.0000 5875.0000 6316.0000 6317.0000 6451.0000 6510.0000 5146.0000 5656.0000 6140.0000 6292.0000 6540.0000 7007.0000 6926.0000 6981.0000 7336.0000 7772.0000 5571.0000 7980.0000 6679.0000 6725.0000 7085.0000 7318.0000 7524.0000 7565.0000 7767.0000 8062.0000 8221.0000 8223.0000 7952.0000 8206.0000 8105.0000 7712.0000 8953.0000 7654.0000
2922.0000 1250.0000 1085.0000 509.0000 293.0000 221.0000 205.0000 0.0000 455.0000 797.0000 1798.0000 1114.0000 1433.0000 1505.0000 1767.0000 2412.0000 3331.0000 3545.0000 3616.0000 3495.0000 3919.0000 4559.0000 4409.0000 4388.0000 3967.0000 4972.0000 5404.0000 5591.0000 2212.0000 2626.0000 2716.0000 2844.0000 2137.0000 2588.0000 2853.0000 3036.0000 3134.0000 3325.0000 3399.0000 3270.0000 3415.0000 3379.0000 3374.0000 2644.0000 2603.0000 3013.0000 3276.0000 3365.0000 3399.0000 3535.0000 4155.0000 3869.0000 3974.0000 4299.0000 4246.0000 4971.0000 4975.0000 4691.0000 5497.0000 5068.0000 5691.0000 5611.0000 5582.0000 6041.0000 6458.0000 6482.0000 6621.0000 6681.0000 5350.0000 5859.0000 6334.0000 6486.0000 6735.0000 7205.0000 7120.0000 7169.0000 7527.0000 7970.0000 5762.0000 8163.0000 6884.0000 6930.0000 7290.0000 7520.0000 7725.0000 7765.0000 7970.0000 8262.0000 8424.0000 8426.0000 8157.0000 8391.0000 8281.0000 7875.0000 9117.0000 7792.0000
3243.0000 1624.0000 1528.0000 814.0000 670.0000 591.0000 428.0000 455.0000 0.0000 359.0000 1545.0000 664.0000 986.0000 1050.0000 1315.0000 1958.0000 2876.0000 3091.0000 3161.0000 3041.0000 3471.0000 4115.0000 3987.0000 3984.0000 3583.0000 4536.0000 4987.0000 5156.0000 2470.0000 2876.0000 2947.0000 3050.0000 2122.0000 2671.0000 2951.0000 3201.0000 3287.0000 3433.0000 3402.0000 3234.0000 3359.0000 3300.0000 3273.0000 2601.0000 2488.0000 2799.0000 3002.0000 3069.0000 3286.0000 3364.0000 4014.0000 3691.0000 3763.0000 4014.0000 4072.0000 4754.0000 4759.0000 4430.0000 5227.0000 4750.0000 5363.0000 5274.0000 5223.0000 5667.0000 6044.0000 6107.0000 6255.0000 6317.0000 5168.0000 5667.0000 6051.0000 6202.0000 6461.0000 6946.0000 6838.0000 6858.0000 7232.0000 7708.0000 5776.0000 8214.0000 6729.0000 6755.0000 7139.0000 7292.0000 7487.0000 7530.0000 7755.0000 8023.0000 8211.0000 8229.0000 8003.0000 8067.0000 7926.0000 7492.0000 8734.0000 7371.0000
3583.0000 1980.0000 1880.0000 1167.0000 1028.0000 949.0000 786.0000 797.0000 359.0000 0.0000 1560.0000 323.0000 636.0000 734.0000 1022.0000 1644.0000 2546.0000 2757.0000 2833.0000 2715.0000 3176.0000 3830.0000 3745.0000 3771.0000 3400.0000 4267.0000 4750.0000 4888.0000 2791.0000 3192.0000 3253.0000 3344.0000 2308.0000 2905.0000 3191.0000 3475.0000 3554.0000 3674.0000 3577.0000 3384.0000 3493.0000 3418.0000 3374.0000 2757.0000 2592.0000 2813.0000 2955.0000 2997.0000 3378.0000 3407.0000 4076.0000 3724.0000 3766.0000 3943.0000 4106.0000 4744.0000 4748.0000 4379.0000 5162.0000 4639.0000 5239.0000 5139.0000 5062.0000 5488.0000 5809.0000 5924.0000 6083.0000 6147.0000 5185.0000 5672.0000 5970.0000 6120.0000 6387.0000 6884.0000 6755.0000 6745.0000 7133.0000 7641.0000 5943.0000 8396.0000 6762.0000 6770.0000 7174.0000 7259.0000 7443.0000 7489.0000 7731.0000 7976.0000 8188.0000 8219.0000 8030.0000 7936.0000 7762.0000 7296.0000 8535.0000 7123.0000
3177.0000 2174.0000 2450.0000 1648.0000 1749.0000 1726.0000 1606.0000 1798.0000 1545.0000 1560.0000 0.0000 1500.0000 1608.0000 1410.0000 1342.0000 1762.0000 2581.0000 2805.0000 2800.0000 2679.0000 2794.0000 3307.0000 2951.0000 2827.0000 2337.0000 3603.0000 3877.0000 4183.0000 2298.0000 2582.0000 2565.0000 2553.0000 1125.0000 1831.0000 2105.0000 2535.0000 2568.0000 2546.0000 2213.0000 1962.0000 2031.0000 1926.0000 1858.0000 1392.0000 1108.0000 1258.0000 1478.0000 1573.0000 1849.0000 1847.0000 2520.0000 2165.0000 2220.0000 2501.0000 2547.0000 3210.0000 3214.0000 2897.0000 3701.0000 3284.0000 3912.0000 3844.0000 3850.0000 4335.0000 4888.0000 4776.0000 4892.0000 4948.0000 3632.0000 4126.0000 4536.0000 4688.0000 4939.0000 5413.0000 5322.0000 5376.0000 5730.0000 6178.0000 4498.0000 6961.0000 5205.0000 5219.0000 5616.0000 5749.0000 5946.0000 5988.0000 6210.0000 6483.0000 6667.0000 6685.0000 6474.0000 6604.0000 6525.0000 6175.0000 7409.0000 6235.0000
3825.0000 2262.0000 2192.0000 1447.0000 1329.0000 1252.0000 1082.0000 1114.0000 664.0000 323.0000 1500.0000 0.0000 323.0000 418.0000 715.0000 1324.0000 2224.0000 2435.0000 2511.0000 2393.0000 2860.0000 3517.0000 3453.0000 3495.0000 3146.0000 3960.0000 4458.0000 4581.0000 3006.0000 3397.0000 3447.0000 3522.0000 2381.0000 3019.0000 3308.0000 3627.0000 3698.0000 3788.0000 3624.0000 3409.0000 3501.0000 3411.0000 3352.0000 2794.0000 2584.0000 2720.0000 2808.0000 2829.0000 3347.0000 3332.0000 4012.0000 3638.0000 3653.0000 3768.0000 4017.0000 4613.0000 4617.0000 4217.0000 4986.0000 4430.0000 5017.0000 4910.0000 4816.0000 5228.0000 5517.0000 5661.0000 5827.0000 5892.0000 5076.0000 5551.0000 5778.0000 5927.0000 6199.0000 6704.0000 6559.0000 6528.0000 6925.0000 7456.0000 5967.0000 8430.0000 6660.0000 6653.0000 7071.0000 7100.0000 7276.0000 7323.0000 7579.0000 7805.0000 8034.0000 8076.0000 7919.0000 7705.0000 7509.0000 7024.0000 8260.0000 6823.0000
4127.0000 2581.0000 2513.0000 1767.0000 1651.0000 1574.0000 1404.0000 1433.0000 986.0000 636.0000 1608.0000 323.0000 0.0000 237.0000 514.0000 1046.0000 1920.0000 2126.0000 2208.0000 2092.0000 2588.0000 3252.0000 3232.0000 3301.0000 2989.0000 3708.0000 4234.0000 4328.0000 3297.0000 3681.0000 3724.0000 3789.0000 2582.0000 3244.0000 3533.0000 3876.0000 3941.0000 4009.0000 3793.0000 3560.0000 3637.0000 3534.0000 3462.0000 2961.0000 2714.0000 2766.0000 2794.0000 2791.0000 3449.0000 3391.0000 4076.0000 3683.0000 3669.0000 3712.0000 4055.0000 4603.0000 4607.0000 4174.0000 4922.0000 4328.0000 4896.0000 4780.0000 4663.0000 5054.0000 5290.0000 5481.0000 5657.0000 5723.0000 5087.0000 5546.0000 5692.0000 5839.0000 6116.0000 6629.0000 6466.0000 6408.0000 6816.0000 7372.0000 6105.0000 8569.0000 6671.0000 6649.0000 7081.0000 7049.0000 7215.0000 7264.0000 7534.0000 7737.0000 7986.0000 8041.0000 7919.0000 7563.0000 7338.0000 6827.0000 8056.0000 6581.0000
4075.0000 2585.0000 2566.0000 1780.0000 1692.0000 1619.0000 1444.0000 1505.0000 1050.0000 734.0000 1410.0000 418.0000 237.0000 0.0000 303.0000 912.0000 1827.0000 2043.0000 2112.0000 1991.0000 2443.0000 3100.0000 3044.0000 3097.0000 2770.0000 3543.0000 4048.0000 4164.0000 3227.0000 3600.0000 3633.0000 3685.0000 2426.0000 3103.0000 3392.0000 3754.0000 3813.0000 3862.0000 3612.0000 3370.0000 3440.0000 3332.0000 3255.0000 2782.0000 2518.0000 2542.0000 2560.0000 2555.0000 3239.0000 3167.0000 3853.0000 3456.0000 3438.0000 3476.0000 3827.0000 4368.0000 4372.0000 3938.0000 4687.0000 4096.0000 4669.0000 4554.0000 4444.0000 4843.0000 5106.0000 5272.0000 5444.0000 5510.0000 4854.0000 5311.0000 5459.0000 5606.0000 5883.0000 6395.0000 6234.0000 6181.0000 6587.0000 7139.0000 5906.0000 8368.0000 6438.0000 6414.0000 6848.0000 6813.0000 6979.0000 7028.0000 7298.0000 7502.0000 7751.0000 7805.0000 7684.0000 7341.0000 7126.0000 6626.0000 7859.0000 6409.0000
4207.0000 2785.0000 2807.0000 1996.0000 1932.0000 1862.0000 1687.0000 1767.0000 1315.0000 1022.0000 1342.0000 715.0000 514.0000 303.0000 0.0000 652.0000 1587.0000 1810.0000 1866.0000 1743.0000 2158.0000 2809.0000 2741.0000 2796.0000 2475.0000 3247.0000 3745.0000 3868.0000 3342.0000 3699.0000 3719.0000 3753.0000 2424.0000 3119.0000 3404.0000 3794.0000 3844.0000 3863.0000 3553.0000 3294.0000 3347.0000 3228.0000 3138.0000 2733.0000 2433.0000 2376.0000 2344.0000 2322.0000 3114.0000 3004.0000 3688.0000 3278.0000 3237.0000 3226.0000 3641.0000 4144.0000 4148.0000 3694.0000 4429.0000 3821.0000 4385.0000 4267.0000 4150.0000 4544.0000 4804.0000 4972.0000 5146.0000 5212.0000 4643.0000 5088.0000 5189.0000 5335.0000 5614.0000 6130.0000 5960.0000 5896.0000 6306.0000 6869.0000 5798.0000 8252.0000 6223.0000 6189.0000 6631.0000 6559.0000 6720.0000 6770.0000 7047.0000 7240.0000 7498.0000 7558.0000 7459.0000 7049.0000 6828.0000 6324.0000 7556.0000 6109.0000
4803.0000 3430.0000 3459.0000 2647.0000 2583.0000 2513.0000 2338.0000 2412.0000 1958.0000 1644.0000 1762.0000 1324.0000 1046.0000 912.0000 652.0000 0.0000 938.0000 1163.0000 1214.0000 1091.0000 1542.0000 2207.0000 2231.0000 2349.0000 2127.0000 2669.0000 3221.0000 3287.0000 3928.0000 4265.0000 4271.0000 4285.0000 2886.0000 3592.0000 3867.0000 4291.0000 4328.0000 4302.0000 3898.0000 3614.0000 3633.0000 3494.0000 3380.0000 3115.0000 2763.0000 2534.0000 2365.0000 2285.0000 3341.0000 3144.0000 3806.0000 3371.0000 3270.0000 3094.0000 3705.0000 4082.0000 4086.0000 3573.0000 4240.0000 3561.0000 4073.0000 3937.0000 3771.0000 4116.0000 4270.0000 4529.0000 4720.0000 4789.0000 4613.0000 5014.0000 4938.0000 5078.0000 5364.0000 5890.0000 5683.0000 5566.0000 5993.0000 6602.0000 6016.0000 8432.0000 6163.0000 6096.0000 6561.0000 6362.0000 6500.0000 6552.0000 6856.0000 7001.0000 7296.0000 7381.0000 7354.0000 6666.0000 6391.0000 5840.0000 7057.0000 5546.0000
5706.0000 4366.0000 4389.0000 3583.0000 3514.0000 3443.0000 3267.0000 3331.0000 2876.0000 2546.0000 2581.0000 2224.0000 1920.0000 1827.0000 1587.0000 938.0000 0.0000 229.0000 289.0000 182.0000 845.0000 1485.0000 1758.0000 2006.0000 2011.0000 1989.0000 2640.0000 2573.0000 4826.0000 5145.0000 5139.0000 5133.0000 3694.0000 4394.0000 4655.0000 5106.0000 5129.0000 5060.0000 4566.0000 4264.0000 4246.0000 4090.0000 3956.0000 3843.0000 3455.0000 3066.0000 2757.0000 2616.0000 3900.0000 3615.0000 4216.0000 3773.0000 3602.0000 3214.0000 4053.0000 4243.0000 4246.0000 3677.0000 4207.0000 3454.0000 3851.0000 3691.0000 3449.0000 3690.0000 3632.0000 4059.0000 4276.0000 4347.0000 4795.0000 5119.0000 4780.0000 4904.0000 5193.0000 5719.0000 5460.0000 5259.0000 5705.0000 6371.0000 6484.0000 8805.0000 6252.0000 6140.0000 6626.0000 6244.0000 6343.0000 6399.0000 6736.0000 6805.0000 7151.0000 7269.0000 7350.0000 6248.0000 5889.0000 5264.0000 6434.0000 4825.0000
5934.0000 4592.0000 4608.0000 3806.0000 3733.0000 3661.0000 3486.0000 3545.0000 3091.0000 2757.0000 2805.0000 2435.0000 2126.0000 2043.0000 1810.0000 1163.0000 229.0000 0.0000 147.0000 169.0000 802.0000 1388.0000 1745.0000 2025.0000 2088.0000 1896.0000 2570.0000 2458.0000 5054.0000 5372.0000 5364.0000 5357.0000 3915.0000 4613.0000 4872.0000 5326.0000 5348.0000 5272.0000 4765.0000 4462.0000 4438.0000 4279.0000 4143.0000 4053.0000 3662.0000 3252.0000 2922.0000 2772.0000 4085.0000 3786.0000 4373.0000 3931.0000 3748.0000 3321.0000 4198.0000 4349.0000 4352.0000 3776.0000 4269.0000 3506.0000 3870.0000 3706.0000 3446.0000 3655.0000 3533.0000 4009.0000 4232.0000 4303.0000 4902.0000 5207.0000 4808.0000 4927.0000 5215.0000 5738.0000 5468.0000 5246.0000 5694.0000 6372.0000 6643.0000 8939.0000 6331.0000 6209.0000 6698.0000 6273.0000 6363.0000 6420.0000 6764.0000 6813.0000 7170.0000 7296.0000 7403.0000 6200.0000 5819.0000 5175.0000 6328.0000 4692.0000
5948.0000 4638.0000 4671.0000 3860.0000 3796.0000 3725.0000 3550.0000 3616.0000 3161.0000 2833.0000 2800.0000 2511.0000 2208.0000 2112.0000 1866.0000 1214.0000 289.0000 147.0000 0.0000 126.0000 656.0000 1246.0000 1600.0000 1884.0000 1964.0000 1754.0000 2425.0000 2320.0000 5067.0000 5376.0000 5364.0000 5350.0000 3900.0000 4594.0000 4849.0000 5309.0000 5327.0000 5240.0000 4716.0000 4411.0000 4380.0000 4219.0000 4080.0000 4020.0000 3623.0000 3188.0000 2842.0000 2686.0000 4020.0000 3709.0000 4285.0000 3845.0000 3653.0000 3207.0000 4103.0000 4233.0000 4235.0000 3657.0000 4137.0000 3372.0000 3729.0000 3563.0000 3301.0000 3509.0000 3393.0000 3863.0000 4085.0000 4156.0000 4786.0000 5083.0000 4667.0000 4786.0000 5073.0000 5596.0000 5324.0000 5100.0000 5548.0000 6227.0000 6555.0000 8834.0000 6203.0000 6078.0000 6568.0000 6133.0000 6221.0000 6278.0000 6622.0000 6669.0000 7027.0000 7155.0000 7267.0000 6054.0000 5674.0000 5033.0000 6189.0000 4561.0000
5823.0000 4513.0000 4549.0000 3736.0000 3673.0000 3602.0000 3427.0000 3495.0000 3041.0000 2715.0000 2679.0000 2393.0000 2092.0000 1991.0000 1743.0000 1091.0000 182.0000 169.0000 126.0000 0.0000 684.0000 1309.0000 1614.0000 1881.0000 1926.0000 1815.0000 2473.0000 2395.0000 4942.0000 5253.0000 5242.0000 5229.0000 3781.0000 4477.0000 4733.0000 5191.0000 5210.0000 5127.0000 4611.0000 4307.0000 4280.0000 4120.0000 3982.0000 3907.0000 3513.0000 3091.0000 2756.0000 2605.0000 3924.0000 3621.0000 4205.0000 3764.0000 3579.0000 3155.0000 4030.0000 4183.0000 4185.0000 3611.0000 4112.0000 3352.0000 3728.0000 3565.0000 3313.0000 3538.0000 3458.0000 3901.0000 4120.0000 4192.0000 4736.0000 5044.0000 4662.0000 4784.0000 5072.0000 5596.0000 5331.0000 5119.0000 5565.0000 6238.0000 6475.0000 8770.0000 6170.0000 6050.0000 6539.0000 6128.0000 6221.0000 6278.0000 6619.0000 6676.0000 7028.0000 7151.0000 7249.0000 6092.0000 5724.0000 5093.0000 6258.0000 4644.0000
5969.0000 4818.0000 4925.0000 4087.0000 4059.0000 3995.0000 3822.0000 3919.0000 3471.0000 3176.0000 2794.0000 2860.0000 2588.0000 2443.0000 2158.0000 1542.0000 845.0000 802.0000 656.0000 684.0000 0.0000 671.0000 946.0000 1246.0000 1408.0000 1159.0000 1795.0000 1764.0000 5092.0000 5360.0000 5326.0000 5283.0000 3822.0000 4485.0000 4716.0000 5197.0000 5197.0000 5063.0000 4468.0000 4157.0000 4098.0000 3930.0000 3780.0000 3852.0000 3440.0000 2904.0000 2488.0000 2306.0000 3711.0000 3352.0000 3867.0000 3438.0000 3214.0000 2678.0000 3654.0000 3688.0000 3691.0000 3105.0000 3526.0000 2754.0000 3082.0000 2915.0000 2647.0000 2856.0000 2799.0000 3218.0000 3437.0000 3508.0000 4239.0000 4501.0000 4024.0000 4140.0000 4426.0000 4947.0000 4671.0000 4445.0000 4892.0000 5572.0000 6120.0000 8319.0000 5604.0000 5467.0000 5959.0000 5488.0000 5571.0000 5628.0000 5976.0000 6016.0000 6377.0000 6508.0000 6638.0000 5408.0000 5044.0000 4423.0000 5603.0000 4026.0000
6448.0000 5401.0000 5541.0000 4698.0000 4685.0000 4624.0000 4452.0000 4559.0000 4115.0000 3830.0000 3307.0000 3517.0000 3252.0000 3100.0000 2809.0000 2207.0000 1485.0000 1388.0000 1246.0000 1309.0000 671.0000 0.0000 670.0000 1037.0000 1432.0000 508.0000 1195.0000 1095.0000 5583.0000 5819.0000 5769.0000 5704.0000 4260.0000 4886.0000 5093.0000 5583.0000 5570.0000 5395.0000 4743.0000 4434.0000 4346.0000 4175.0000 4017.0000 4216.0000 3801.0000 3188.0000 2717.0000 2515.0000 3940.0000 3538.0000 3959.0000 3559.0000 3297.0000 2642.0000 3710.0000 3584.0000 3586.0000 3003.0000 3272.0000 2501.0000 2702.0000 2526.0000 2212.0000 2328.0000 2149.0000 2649.0000 2879.0000 2950.0000 4115.0000 4301.0000 3644.0000 3744.0000 4022.0000 4526.0000 4224.0000 3949.0000 4398.0000 5100.0000 6145.0000 8200.0000 5347.0000 5182.0000 5674.0000 5089.0000 5145.0000 5203.0000 5565.0000 5556.0000 5941.0000 6090.0000 6287.0000 4834.0000 4435.0000 3788.0000 4950.0000 3357.0000
6002.0000 5110.0000 5315.0000 4471.0000 4492.0000 4440.0000 4275.0000 4409.0000 3987.0000 3745.0000 2951.0000 3453.0000 3232.0000 3044.0000 2741.0000 2231.0000 1758.0000 1745.0000 1600.0000 1614.0000 946.0000 670.0000 0.0000 368.0000 805.0000 682.0000 1005.0000 1232.0000 5159.0000 5359.0000 5295.0000 5211.0000 3798.0000 4382.0000 4568.0000 5062.0000 5038.0000 4837.0000 4156.0000 3851.0000 3749.0000 3577.0000 3418.0000 3692.0000 3283.0000 2628.0000 2135.0000 1929.0000 3338.0000 2921.0000 3306.0000 2917.0000 2647.0000 1974.0000 3051.0000 2917.0000 2918.0000 2335.0000 2641.0000 1865.0000 2142.0000 1973.0000 1702.0000 1938.0000 2064.0000 2325.0000 2532.0000 2603.0000 3451.0000 3655.0000 3087.0000 3199.0000 3485.0000 4004.0000 3726.0000 3505.0000 3951.0000 4628.0000 5477.0000 7540.0000 4723.0000 4570.0000 5063.0000 4550.0000 4628.0000 4685.0000 5035.0000 5071.0000 5433.0000 5566.0000 5714.0000 4503.0000 4179.0000 3610.0000 4829.0000 3385.0000
5793.0000 5000.0000 5242.0000 4405.0000 4446.0000 4399.0000 4241.0000 4388.0000 3984.0000 3771.0000 2827.0000 3495.0000 3301.0000 3097.0000 2796.0000 2349.0000 2006.0000 2025.0000 1884.0000 1881.0000 1246.0000 1037.0000 368.0000 0.0000 530.0000 966.0000 1050.0000 1418.0000 4968.0000 5142.0000 5069.0000 4973.0000 3593.0000 4144.0000 4314.0000 4807.0000 4776.0000 4558.0000 3860.0000 3558.0000 3446.0000 3275.0000 3116.0000 3445.0000 3043.0000 2363.0000 1859.0000 1652.0000 3034.0000 2606.0000 2959.0000 2581.0000 2303.0000 1612.0000 2698.0000 2550.0000 2551.0000 1968.0000 2293.0000 1517.0000 1847.0000 1685.0000 1453.0000 1768.0000 2079.0000 2185.0000 2372.0000 2441.0000 3085.0000 3296.0000 2784.0000 2903.0000 3191.0000 3716.0000 3455.0000 3268.0000 3709.0000 4366.0000 5114.0000 7175.0000 4375.0000 4230.0000 4723.0000 4249.0000 4340.0000 4397.0000 4739.0000 4799.0000 5148.0000 5272.0000 5392.0000 4323.0000 4047.0000 3530.0000 4766.0000 3423.0000
5264.0000 4509.0000 4773.0000 3945.0000 4002.0000 3960.0000 3808.0000 3967.0000 3583.0000 3400.0000 2337.0000 3146.0000 2989.0000 2770.0000 2475.0000 2127.0000 2011.0000 2088.0000 1964.0000 1926.0000 1408.0000 1432.0000 805.0000 530.0000 0.0000 1471.0000 1560.0000 1947.0000 4442.0000 4613.0000 4540.0000 4445.0000 3065.0000 3615.0000 3788.0000 4281.0000 4252.0000 4041.0000 3353.0000 3049.0000 2945.0000 2773.0000 2614.0000 2917.0000 2514.0000 1838.0000 1338.0000 1131.0000 2534.0000 2118.0000 2531.0000 2128.0000 1869.0000 1272.0000 2291.0000 2283.0000 2285.0000 1701.0000 2199.0000 1463.0000 1946.0000 1812.0000 1675.0000 2088.0000 2552.0000 2526.0000 2683.0000 2747.0000 2834.0000 3120.0000 2827.0000 2962.0000 3251.0000 3778.0000 3559.0000 3443.0000 3867.0000 4478.0000 4746.0000 6912.0000 4244.0000 4130.0000 4617.0000 4274.0000 4395.0000 4450.0000 4770.0000 4886.0000 5199.0000 5300.0000 5345.0000 4576.0000 4364.0000 3911.0000 5153.0000 3899.0000
6681.0000 5744.0000 5921.0000 5075.0000 5078.0000 5021.0000 4852.0000 4972.0000 4536.0000 4267.0000 3603.0000 3960.0000 3708.0000 3543.0000 3247.0000 2669.0000 1989.0000 1896.0000 1754.0000 1815.0000 1159.0000 508.0000 682.0000 966.0000 1471.0000 0.0000 706.0000 622.0000 5834.0000 6039.0000 5976.0000 5892.0000 4478.0000 5064.0000 5249.0000 5743.0000 5717.0000 5511.0000 4821.0000 4518.0000 4409.0000 4238.0000 4079.0000 4374.0000 3965.0000 3305.0000 2808.0000 2601.0000 3997.0000 3571.0000 3909.0000 3541.0000 3259.0000 2536.0000 3639.0000 3396.0000 3397.0000 2834.0000 2981.0000 2234.0000 2333.0000 2156.0000 1817.0000 1864.0000 1643.0000 2160.0000 2394.0000 2465.0000 3902.0000 4030.0000 3259.0000 3347.0000 3617.0000 4108.0000 3791.0000 3491.0000 3938.0000 4649.0000 6012.0000 7948.0000 5024.0000 4842.0000 5330.0000 4680.0000 4719.0000 4777.0000 5145.0000 5110.0000 5506.0000 5665.0000 5899.0000 4338.0000 3929.0000 3280.0000 4446.0000 2877.0000
6803.0000 6050.0000 6285.0000 5444.0000 5477.0000 5427.0000 5265.0000 5404.0000 4987.0000 4750.0000 3877.0000 4458.0000 4234.0000 4048.0000 3745.0000 3221.0000 2640.0000 2570.0000 2425.0000 2473.0000 1795.0000 1195.0000 1005.0000 1050.0000 1560.0000 706.0000 0.0000 555.0000 5995.0000 6149.0000 6068.0000 5958.0000 4614.0000 5131.0000 5280.0000 5769.0000 5726.0000 5479.0000 4750.0000 4463.0000 4328.0000 4162.0000 4004.0000 4426.0000 4037.0000 3336.0000 2827.0000 2625.0000 3918.0000 3473.0000 3687.0000 3374.0000 3075.0000 2297.0000 3396.0000 3002.0000 3003.0000 2488.0000 2464.0000 1783.0000 1734.0000 1560.0000 1201.0000 1167.0000 1060.0000 1456.0000 1689.0000 1760.0000 3462.0000 3515.0000 2623.0000 2698.0000 2957.0000 3434.0000 3108.0000 2792.0000 3238.0000 3951.0000 5640.0000 7419.0000 4439.0000 4239.0000 4720.0000 4011.0000 4038.0000 4096.0000 4467.0000 4415.0000 4817.0000 4982.0000 5245.0000 3640.0000 3251.0000 2635.0000 3838.0000 2389.0000
7208.0000 6339.0000 6530.0000 5684.0000 5693.0000 5637.0000 5469.0000 5591.0000 5156.0000 4888.0000 4183.0000 4581.0000 4328.0000 4164.0000 3868.0000 3287.0000 2573.0000 2458.0000 2320.0000 2395.0000 1764.0000 1095.0000 1232.0000 1418.0000 1947.0000 622.0000 555.0000 0.0000 6376.0000 6559.0000 6487.0000 6390.0000 5006.0000 5560.0000 5726.0000 6218.0000 6183.0000 5953.0000 5237.0000 4943.0000 4817.0000 4648.0000 4489.0000 4860.0000 4459.0000 3774.0000 3267.0000 3061.0000 4404.0000 3964.0000 4216.0000 3887.0000 3591.0000 2824.0000 3929.0000 3556.0000 3556.0000 3036.0000 3012.0000 2338.0000 2261.0000 2091.0000 1728.0000 1597.0000 1094.0000 1785.0000 2027.0000 2093.0000 4016.0000 4060.0000 3117.0000 3180.0000 3425.0000 3878.0000 3537.0000 3178.0000 3614.0000 4336.0000 6194.0000 7954.0000 4957.0000 4748.0000 5223.0000 4459.0000 4464.0000 4522.0000 4897.0000 4804.0000 5223.0000 5400.0000 5707.0000 3892.0000 3431.0000 2743.0000 3871.0000 2263.0000
882.0000 1115.0000 1621.0000 1706.0000 1922.0000 1992.0000 2089.0000 2212.0000 2470.0000 2791.0000 2298.0000 3006.0000 3297.0000 3227.0000 3342.0000 3928.0000 4826.0000 5054.0000 5067.0000 4942.0000 5092.0000 5583.0000 5159.0000 4968.0000 4442.0000 5834.0000 5995.0000 6376.0000 0.0000 414.0000 522.0000 697.0000 1382.0000 1047.0000 1119.0000 986.0000 1108.0000 1429.0000 1925.0000 2012.0000 2209.0000 2292.0000 2395.0000 1676.0000 2001.0000 2713.0000 3204.0000 3394.0000 2469.0000 2852.0000 3174.0000 3133.0000 3386.0000 4058.0000 3408.0000 4237.0000 4241.0000 4248.0000 4990.0000 4907.0000 5516.0000 5514.0000 5646.0000 6166.0000 6918.0000 6580.0000 6629.0000 6669.0000 4388.0000 4892.0000 5808.0000 5948.0000 6120.0000 6465.0000 6517.0000 6741.0000 6973.0000 7186.0000 3954.0000 6173.0000 5648.0000 5783.0000 6009.0000 6586.0000 6829.0000 6853.0000 6939.0000 7338.0000 7356.0000 7285.0000 6840.0000 7954.0000 8070.0000 7921.0000 9078.0000 8229.0000
656.0000 1511.0000 2001.0000 2119.0000 2335.0000 2405.0000 2500.0000 2626.0000 2876.0000 3192.0000 2582.0000 3397.0000 3681.0000 3600.0000 3699.0000 4265.0000 5145.0000 5372.0000 5376.0000 5253.0000 5360.0000 5819.0000 5359.0000 5142.0000 4613.0000 6039.0000 6149.0000 6559.0000 414.0000 0.0000 159.0000 373.0000 1563.0000 1045.0000 1005.0000 702.0000 825.0000 1182.0000 1799.0000 1947.0000 2141.0000 2251.0000 2374.0000 1742.0000 2115.0000 2824.0000 3328.0000 3527.0000 2455.0000 2870.0000 3102.0000 3122.0000 3395.0000 4110.0000 3359.0000 4180.0000 4184.0000 4252.0000 4959.0000 4948.0000 5539.0000 5552.0000 5712.0000 6233.0000 7033.0000 6634.0000 6665.0000 6701.0000 4276.0000 4766.0000 5755.0000 5889.0000 6043.0000 6356.0000 6435.0000 6689.0000 6893.0000 7057.0000 3645.0000 5803.0000 5449.0000 5600.0000 5795.0000 6435.0000 6682.0000 6703.0000 6764.0000 7179.0000 7168.0000 7083.0000 6607.0000 7882.0000 8040.0000 7943.0000 9067.0000 8320.0000
759.0000 1635.0000 2134.0000 2207.0000 2427.0000 2495.0000 2582.0000 2716.0000 2947.0000 3253.0000 2565.0000 3447.0000 3724.0000 3633.0000 3719.0000 4271.0000 5139.0000 5364.0000 5364.0000 5242.0000 5326.0000 5769.0000 5295.0000 5069.0000 4540.0000 5976.0000 6068.0000 6487.0000 522.0000 159.0000 0.0000 215.0000 1511.0000 943.0000 871.0000 544.0000 667.0000 1025.0000 1656.0000 1815.0000 2007.0000 2122.0000 2250.0000 1647.0000 2032.0000 2735.0000 3242.0000 3443.0000 2332.0000 2754.0000 2964.0000 2998.0000 3275.0000 4000.0000 3226.0000 4044.0000 4047.0000 4129.0000 4827.0000 4833.0000 5418.0000 5435.0000 5603.0000 6123.0000 6937.0000 6520.0000 6547.0000 6581.0000 4130.0000 4617.0000 5617.0000 5751.0000 5901.0000 6209.0000 6292.0000 6552.0000 6750.0000 6906.0000 3490.0000 5663.0000 5292.0000 5445.0000 5637.0000 6283.0000 6530.0000 6550.0000 6609.0000 7025.0000 7012.0000 6926.0000 6449.0000 7740.0000 7906.0000 7820.0000 8936.0000 8215.0000
925.0000 1810.0000 2318.0000 2336.0000 2560.0000 2624.0000 2701.0000 2844.0000 3050.0000 3344.0000 2553.0000 3522.0000 3789.0000 3685.0000 3753.0000 4285.0000 5133.0000 5357.0000 5350.0000 5229.0000 5283.0000 5704.0000 5211.0000 4973.0000 4445.0000 5892.0000 5958.0000 6390.0000 697.0000 373.0000 215.0000 0.0000 1462.0000 830.0000 706.0000 331.0000 453.0000 813.0000 1465.0000 1642.0000 1830.0000 1953.0000 2087.0000 1533.0000 1931.0000 2623.0000 3131.0000 3335.0000 2171.0000 2601.0000 2780.0000 2833.0000 3115.0000 3853.0000 3047.0000 3860.0000 3863.0000 3964.0000 4649.0000 4679.0000 5256.0000 5278.0000 5456.0000 5976.0000 6807.0000 6366.0000 6387.0000 6419.0000 3932.0000 4416.0000 5431.0000 5563.0000 5708.0000 6009.0000 6098.0000 6365.0000 6557.0000 6702.0000 3281.0000 5476.0000 5080.0000 5234.0000 5424.0000 6076.0000 6324.0000 6343.0000 6399.0000 6817.0000 6800.0000 6713.0000 6235.0000 7547.0000 7723.0000 7653.0000 8758.0000 8073.0000
2205.0000 1791.0000 2252.0000 1730.0000 1935.0000 1960.0000 1938.0000 2137.0000 2122.0000 2308.0000 1125.0000 2381.0000 2582.0000 2426.0000 2424.0000 2886.0000 3694.0000 3915.0000 3900.0000 3781.0000 3822.0000 4260.0000 3798.0000 3593.0000 3065.0000 4478.0000 4614.0000 5006.0000 1382.0000 1563.0000 1511.0000 1462.0000 0.0000 706.0000 984.0000 1413.0000 1443.0000 1440.0000 1280.0000 1134.0000 1286.0000 1271.0000 1299.0000 516.0000 660.0000 1350.0000 1829.0000 2015.0000 1345.0000 1618.0000 2120.0000 1940.0000 2141.0000 2733.0000 2280.0000 3088.0000 3092.0000 2985.0000 3769.0000 3585.0000 4209.0000 4190.0000 4295.0000 4813.0000 5539.0000 5235.0000 5300.0000 5345.0000 3362.0000 3881.0000 4613.0000 4760.0000 4966.0000 5370.0000 5365.0000 5528.0000 5810.0000 6123.0000 3655.0000 6096.0000 4820.0000 4897.0000 5217.0000 5588.0000 5815.0000 5848.0000 6000.0000 6347.0000 6444.0000 6415.0000 6082.0000 6763.0000 6810.0000 6600.0000 7787.0000 6857.0000
1697.0000 1884.0000 2403.0000 2114.0000 2339.0000 2384.0000 2406.0000 2588.0000 2671.0000 2905.0000 1831.0000 3019.0000 3244.0000 3103.0000 3119.0000 3592.0000 4394.0000 4613.0000 4594.0000 4477.0000 4485.0000 4886.0000 4382.0000 4144.0000 3615.0000 5064.0000 5131.0000 5560.0000 1047.0000 1045.0000 943.0000 830.0000 706.0000 0.0000 290.0000 716.0000 738.0000 771.0000 926.0000 968.0000 1165.0000 1245.0000 1353.0000 706.0000 1102.0000 1796.0000 2304.0000 2507.0000 1429.0000 1831.0000 2128.0000 2097.0000 2360.0000 3066.0000 2362.0000 3191.0000 3195.0000 3221.0000 3949.0000 3906.0000 4501.0000 4510.0000 4667.0000 5188.0000 5994.0000 5590.0000 5625.0000 5662.0000 3350.0000 3858.0000 4763.0000 4902.0000 5074.0000 5422.0000 5470.0000 5696.0000 5927.0000 6149.0000 3194.0000 5575.0000 4665.0000 4782.0000 5041.0000 5560.0000 5800.0000 5826.0000 5929.0000 6315.0000 6355.0000 6296.0000 5889.0000 6907.0000 7031.0000 6907.0000 8047.0000 7276.0000
1624.0000 2073.0000 2597.0000 2370.0000 2597.0000 2645.0000 2676.0000 2853.0000 2951.0000 3191.0000 2105.0000 3308.0000 3533.0000 3392.0000 3404.0000 3867.0000 4655.0000 4872.0000 4849.0000 4733.0000 4716.0000 5093.0000 4568.0000 4314.0000 3788.0000 5249.0000 5280.0000 5726.0000 1119.0000 1005.0000 871.0000 706.0000 984.0000 290.0000 0.0000 494.0000 482.0000 484.0000 810.0000 944.0000 1137.0000 1252.0000 1382.0000 878.0000 1292.0000 1952.0000 2459.0000 2665.0000 1466.0000 1896.0000 2098.0000 2129.0000 2410.0000 3149.0000 2356.0000 3176.0000 3180.0000 3261.0000 3956.0000 3974.0000 4552.0000 4573.0000 4751.0000 5271.0000 6110.0000 5661.0000 5682.0000 5715.0000 3286.0000 3783.0000 4751.0000 4886.0000 5042.0000 5366.0000 5435.0000 5686.0000 5894.0000 6077.0000 2959.0000 5314.0000 4532.0000 4664.0000 4897.0000 5470.0000 5714.0000 5738.0000 5820.0000 6221.0000 6238.0000 6168.0000 5735.0000 6881.0000 7036.0000 6951.0000 8066.0000 7369.0000
1224.0000 2077.0000 2595.0000 2532.0000 2760.0000 2819.0000 2878.0000 3036.0000 3201.0000 3475.0000 2535.0000 3627.0000 3876.0000 3754.0000 3794.0000 4291.0000 5106.0000 5326.0000 5309.0000 5191.0000 5197.0000 5583.0000 5062.0000 4807.0000 4281.0000 5743.0000 5769.0000 6218.0000 986.0000 702.0000 544.0000 331.0000 1413.0000 716.0000 494.0000 0.0000 125.0000 483.0000 1167.0000 1374.0000 1554.0000 1690.0000 1832.0000 1371.0000 1784.0000 2445.0000 2952.0000 3158.0000 1918.0000 2358.0000 2486.0000 2569.0000 2859.0000 3614.0000 2761.0000 3565.0000 3568.0000 3697.0000 4361.0000 4426.0000 4990.0000 5020.0000 5212.0000 5730.0000 6586.0000 6111.0000 6122.0000 6153.0000 3617.0000 4096.0000 5132.0000 5261.0000 5400.0000 5692.0000 5787.0000 6064.0000 6246.0000 6380.0000 2970.0000 5208.0000 4750.0000 4905.0000 5093.0000 5750.0000 5998.0000 6017.0000 6070.0000 6489.0000 6471.0000 6382.0000 5906.0000 7237.0000 7427.0000 7378.0000 8467.0000 7832.0000
1328.0000 2194.0000 2713.0000 2633.0000 2860.0000 2918.0000 2973.0000 3134.0000 3287.0000 3554.0000 2568.0000 3698.0000 3941.0000 3813.0000 3844.0000 4328.0000 5129.0000 5348.0000 5327.0000 5210.0000 5197.0000 5570.0000 5038.0000 4776.0000 4252.0000 5717.0000 5726.0000 6183.0000 1108.0000 825.0000 667.0000 453.0000 1443.0000 738.0000 482.0000 125.0000 0.0000 367.0000 1079.0000 1304.0000 1477.0000 1619.0000 1766.0000 1355.0000 1769.0000 2414.0000 2918.0000 3125.0000 1852.0000 2296.0000 2396.0000 2495.0000 2789.0000 3551.0000 2675.0000 3472.0000 3476.0000 3620.0000 4272.0000 4356.0000 4913.0000 4946.0000 5145.0000 5661.0000 6529.0000 6038.0000 6045.0000 6074.0000 3513.0000 3988.0000 5036.0000 5164.0000 5299.0000 5584.0000 5684.0000 5967.0000 6143.0000 6268.0000 2847.0000 5094.0000 4630.0000 4787.0000 4972.0000 5636.0000 5885.0000 5903.0000 5952.0000 6373.0000 6351.0000 6262.0000 5783.0000 7134.0000 7332.0000 7295.0000 8374.0000 7765.0000
1691.0000 2476.0000 3000.0000 2836.0000 3063.0000 3114.0000 3151.0000 3325.0000 3433.0000 3674.0000 2546.0000 3788.0000 4009.0000 3862.0000 3863.0000 4302.0000 5060.0000 5272.0000 5240.0000 5127.0000 5063.0000 5395.0000 4837.0000 4558.0000 4041.0000 5511.0000 5479.0000 5953.0000 1429.0000 1182.0000 1025.0000 813.0000 1440.0000 771.0000 484.0000 483.0000 367.0000 0.0000 756.0000 1019.0000 1173.0000 1329.0000 1483.0000 1222.0000 1626.0000 2212.0000 2703.0000 2910.0000 1570.0000 2018.0000 2057.0000 2189.0000 2488.0000 3262.0000 2343.0000 3127.0000 3131.0000 3302.0000 3931.0000 4049.0000 4592.0000 4633.0000 4845.0000 5357.0000 6246.0000 5725.0000 5723.0000 5750.0000 3152.0000 3624.0000 4685.0000 4811.0000 4940.0000 5220.0000 5325.0000 5613.0000 5783.0000 5902.0000 2540.0000 4852.0000 4268.0000 4422.0000 4613.0000 5269.0000 5518.0000 5537.0000 5587.0000 6008.0000 5988.0000 5901.0000 5429.0000 6775.0000 6981.0000 6961.0000 8027.0000 7461.0000
2386.0000 2807.0000 3322.0000 2959.0000 3176.0000 3211.0000 3204.0000 3399.0000 3402.0000 3577.0000 2213.0000 3624.0000 3793.0000 3612.0000 3553.0000 3898.0000 4566.0000 4765.0000 4716.0000 4611.0000 4468.0000 4743.0000 4156.0000 3860.0000 3353.0000 4821.0000 4750.0000 5237.0000 1925.0000 1799.0000 1656.0000 1465.0000 1280.0000 926.0000 810.0000 1167.0000 1079.0000 756.0000 0.0000 311.0000 424.0000 589.0000 748.0000 833.0000 1136.0000 1567.0000 2028.0000 2231.0000 833.0000 1278.0000 1320.0000 1433.0000 1733.0000 2511.0000 1597.0000 2399.0000 2402.0000 2547.0000 3194.0000 3294.0000 3839.0000 3878.0000 4090.0000 4602.0000 5496.0000 4970.0000 4970.0000 4999.0000 2479.0000 2974.0000 3968.0000 4099.0000 4246.0000 4559.0000 4637.0000 4901.0000 5095.0000 5268.0000 2375.0000 4820.0000 3742.0000 3864.0000 4116.0000 4661.0000 4905.0000 4929.0000 5017.0000 5413.0000 5438.0000 5375.0000 4964.0000 6085.0000 6262.0000 6216.0000 7300.0000 6706.0000
2565.0000 2794.0000 3296.0000 2857.0000 3066.0000 3093.0000 3070.0000 3270.0000 3234.0000 3384.0000 1962.0000 3409.0000 3560.0000 3370.0000 3294.0000 3614.0000 4264.0000 4462.0000 4411.0000 4307.0000 4157.0000 4434.0000 3851.0000 3558.0000 3049.0000 4518.0000 4463.0000 4943.0000 2012.0000 1947.0000 1815.0000 1642.0000 1134.0000 968.0000 944.0000 1374.0000 1304.0000 1019.0000 311.0000 0.0000 197.0000 316.0000 466.0000 633.0000 862.0000 1256.0000 1719.0000 1924.0000 552.0000 1000.0000 1164.0000 1195.0000 1486.0000 2250.0000 1412.0000 2236.0000 2240.0000 2325.0000 3012.0000 3053.0000 3618.0000 3646.0000 3842.0000 4358.0000 5232.0000 4738.0000 4750.0000 4781.0000 2383.0000 2892.0000 3811.0000 3947.0000 4112.0000 4455.0000 4507.0000 4746.0000 4964.0000 5181.0000 2561.0000 5021.0000 3739.0000 3841.0000 4126.0000 4597.0000 4836.0000 4863.0000 4976.0000 5355.0000 5408.0000 5360.0000 4986.0000 5948.0000 6093.0000 6012.0000 7122.0000 6462.0000
2754.0000 2980.0000 3478.0000 3015.0000 3220.0000 3244.0000 3214.0000 3415.0000 3359.0000 3493.0000 2031.0000 3501.0000 3637.0000 3440.0000 3347.0000 3633.0000 4246.0000 4438.0000 4380.0000 4280.0000 4098.0000 4346.0000 3749.0000 3446.0000 2945.0000 4409.0000 4328.0000 4817.0000 2209.0000 2141.0000 2007.0000 1830.0000 1286.0000 1165.0000 1137.0000 1554.0000 1477.0000 1173.0000 424.0000 197.0000 0.0000 172.0000 331.0000 773.0000 924.0000 1198.0000 1631.0000 1831.0000 413.0000 855.0000 967.0000 1019.0000 1316.0000 2090.0000 1219.0000 2041.0000 2045.0000 2144.0000 2820.0000 2880.0000 3437.0000 3470.0000 3674.0000 4187.0000 5074.0000 4562.0000 4569.0000 4599.0000 2187.0000 2698.0000 3616.0000 3752.0000 3915.0000 4258.0000 4310.0000 4550.0000 4768.0000 4986.0000 2469.0000 4933.0000 3558.0000 3655.0000 3949.0000 4404.0000 4642.0000 4670.0000 4786.0000 5162.0000 5220.0000 5175.0000 4810.0000 5752.0000 5900.0000 5826.0000 6930.0000 6292.0000
2875.0000 3010.0000 3498.0000 2997.0000 3196.0000 3216.0000 3176.0000 3379.0000 3300.0000 3418.0000 1926.0000 3411.0000 3534.0000 3332.0000 3228.0000 3494.0000 4090.0000 4279.0000 4219.0000 4120.0000 3930.0000 4175.0000 3577.0000 3275.0000 2773.0000 4238.0000 4162.0000 4648.0000 2292.0000 2251.0000 2122.0000 1953.0000 1271.0000 1245.0000 1252.0000 1690.0000 1619.0000 1329.0000 589.0000 316.0000 172.0000 0.0000 160.0000 757.0000 828.0000 1033.0000 1460.0000 1660.0000 245.0000 691.0000 891.0000 881.0000 1170.0000 1936.0000 1117.0000 1946.0000 1950.0000 2012.0000 2710.0000 2738.0000 3304.0000 3331.0000 3527.0000 4042.0000 4919.0000 4422.0000 4436.0000 4467.0000 2132.0000 2648.0000 3519.0000 3657.0000 3830.0000 4189.0000 4227.0000 4452.0000 4683.0000 4925.0000 2574.0000 5036.0000 3550.0000 3634.0000 3946.0000 4358.0000 4592.0000 4622.0000 4752.0000 5117.0000 5191.0000 5154.0000 4811.0000 5662.0000 5793.0000 5701.0000 6817.0000 6146.0000
