0.0000 273.0000 1272.0000 744.0000 1138.0000 1972.0000 1580.0000 1878.0000 1539.0000 1457.0000 429.0000 1129.0000 1251.0000 1421.0000 588.0000 334.0000 837.0000 1364.0000 229.0000 961.0000 754.0000 1169.0000 1488.0000 720.0000 1280.0000 816.0000 664.0000 1178.0000 939.0000 1698.0000 983.0000 1119.0000 1029.0000 1815.0000 721.0000 1753.0000 330.0000 1499.0000 1107.0000 1576.0000 942.0000 484.0000 617.0000 896.0000 1184.0000 1030.0000 1718.0000 604.0000
273.0000 0.0000 999.0000 809.0000 866.0000 1722.0000 1338.0000 1640.0000 1226.0000 1185.0000 440.0000 894.0000 992.0000 1173.0000 334.0000 358.0000 626.0000 1124.0000 358.0000 847.0000 533.0000 915.0000 1219.0000 481.0000 1009.0000 543.0000 937.0000 915.0000 667.0000 1441.0000 812.0000 848.0000 776.0000 1560.0000 526.0000 1494.0000 598.0000 1244.0000 1304.0000 1306.0000 685.0000 668.0000 444.0000 1157.0000 1359.0000 1176.0000 1475.0000 335.0000
1272.0000 999.0000 0.0000 1519.0000 140.0000 937.0000 697.0000 951.0000 267.0000 227.0000 1229.0000 587.0000 369.0000 554.0000 721.0000 1212.0000 739.0000 596.0000 1291.0000 1114.0000 701.0000 426.0000 285.0000 676.0000 155.0000 456.0000 1936.0000 319.0000 337.0000 604.0000 907.0000 214.0000 424.0000 748.0000 817.0000 666.0000 1592.0000 521.0000 2172.0000 356.0000 467.0000 1583.0000 882.0000 2139.0000 2182.0000 1961.0000 781.0000 678.0000
744.0000 809.0000 1519.0000 0.0000 1425.0000 1861.0000 1473.0000 1713.0000 1761.0000 1617.0000 370.0000 1073.0000 1304.0000 1369.0000 1092.0000 453.0000 798.0000 1283.0000 973.0000 565.0000 1315.0000 1204.0000 1796.0000 846.0000 1447.0000 1143.0000 959.0000 1275.0000 1213.0000 2085.0000 742.0000 1309.0000 1479.0000 1760.0000 703.0000 1727.0000 872.0000 1479.0000 686.0000 1698.0000 1057.0000 387.0000 1252.0000 904.0000 668.0000 443.0000 1600.0000 930.0000
1138.0000 866.0000 140.0000 1425.0000 0.0000 1052.0000 776.0000 1049.0000 402.0000 361.0000 1119.0000 578.0000 406.0000 618.0000 581.0000 1095.0000 670.0000 641.0000 1152.0000 1060.0000 567.0000 443.0000 374.0000 579.0000 235.0000 325.0000 1802.0000 331.0000 217.0000 665.0000 862.0000 182.0000 312.0000 864.0000 732.0000 783.0000 1456.0000 608.0000 2066.0000 491.0000 400.0000 1466.0000 744.0000 2013.0000 2082.0000 1865.0000 875.0000 552.0000
1972.0000 1722.0000 937.0000 1861.0000 1052.0000 0.0000 400.0000 182.0000 820.0000 721.0000 1735.0000 851.0000 740.0000 551.0000 1551.0000 1769.0000 1159.0000 613.0000 2072.0000 1300.0000 1605.0000 807.0000 1017.0000 1251.0000 818.0000 1259.0000 2596.0000 826.0000 1137.0000 1255.0000 1123.0000 943.0000 1359.0000 188.0000 1282.0000 271.0000 2300.0000 483.0000 2540.0000 609.0000 1038.0000 2099.0000 1776.0000 2699.0000 2493.0000 2266.0000 264.0000 1398.0000
1580.0000 1338.0000 697.0000 1473.0000 776.0000 400.0000 0.0000 304.0000 699.0000 538.0000 1335.0000 454.0000 393.0000 173.0000 1198.0000 1370.0000 760.0000 216.0000 1692.0000 919.0000 1286.0000 435.0000 879.0000 861.0000 548.0000 913.0000 2198.0000 483.0000 803.0000 1181.0000 731.0000 627.0000 1086.0000 292.0000 883.0000 279.0000 1906.0000 178.0000 2156.0000 490.0000 662.0000 1699.0000 1430.0000 2300.0000 2117.0000 1888.0000 138.0000 1023.0000
1878.0000 1640.0000 951.0000 1713.0000 1049.0000 182.0000 304.0000 0.0000 884.0000 755.0000 1612.0000 749.0000 690.0000 476.0000 1501.0000 1654.0000 1049.0000 516.0000 1995.0000 1149.0000 1580.0000 739.0000 1079.0000 1161.0000 815.0000 1214.0000 2485.0000 780.0000 1100.0000 1347.0000 985.0000 916.0000 1361.0000 260.0000 1171.0000 328.0000 2202.0000 445.0000 2385.0000 665.0000 966.0000 1969.0000 1729.0000 2568.0000 2333.0000 2108.0000 177.0000 1327.0000
1539.0000 1226.0000 267.0000 1761.0000 402.0000 820.0000 699.0000 884.0000 0.0000 177.0000 1486.0000 757.0000 506.0000 609.0000 981.0000 1474.0000 967.0000 681.0000 1552.0000 1317.0000 936.0000 594.0000 197.0000 928.0000 316.0000 723.0000 2203.0000 500.0000 604.0000 482.0000 1104.0000 455.0000 630.0000 641.0000 1058.0000 562.0000 1857.0000 528.0000 2425.0000 220.0000 704.0000 1845.0000 1122.0000 2405.0000 2428.0000 2204.0000 738.0000 945.0000
1457.0000 1185.0000 227.0000 1617.0000 361.0000 721.0000 538.0000 755.0000 177.0000 0.0000 1362.0000 587.0000 335.0000 435.0000 930.0000 1358.0000 819.0000 504.0000 1496.0000 1153.0000 927.0000 428.0000 341.0000 803.0000 180.0000 649.0000 2119.0000 343.0000 521.0000 652.0000 939.0000 340.0000 649.0000 533.0000 918.0000 451.0000 1783.0000 362.0000 2290.0000 130.0000 568.0000 1727.0000 1105.0000 2301.0000 2285.0000 2059.0000 595.0000 853.0000
429.0000 440.0000 1229.0000 370.0000 1119.0000 1735.0000 1335.0000 1612.0000 1486.0000 1362.0000 0.0000 891.0000 1082.0000 1199.0000 726.0000 96.0000 583.0000 1125.0000 653.0000 563.0000 947.0000 986.0000 1493.0000 560.0000 1183.0000 813.0000 882.0000 1033.0000 902.0000 1763.0000 642.0000 1032.0000 1131.0000 1604.0000 463.0000 1556.0000 663.0000 1298.0000 947.0000 1461.0000 795.0000 371.0000 882.0000 967.0000 973.0000 768.0000 1472.0000 588.0000
1129.0000 894.0000 587.0000 1073.0000 578.0000 851.0000 454.0000 749.0000 757.0000 587.0000 891.0000 0.0000 252.0000 308.0000 803.0000 920.0000 309.0000 238.0000 1252.0000 569.0000 940.0000 165.0000 863.0000 414.0000 454.0000 552.0000 1745.0000 269.0000 482.0000 1188.0000 355.0000 397.0000 833.0000 713.0000 432.0000 666.0000 1453.0000 410.0000 1758.0000 642.0000 262.0000 1260.0000 1051.0000 1858.0000 1737.0000 1508.0000 592.0000 598.0000
1251.0000 992.0000 369.0000 1304.0000 406.0000 740.0000 393.0000 690.0000 506.0000 335.0000 1082.0000 252.0000 0.0000 222.0000 814.0000 1094.0000 510.0000 235.0000 1335.0000 820.0000 892.0000 100.0000 626.0000 541.0000 219.0000 524.0000 1897.0000 90.0000 410.0000 952.0000 805.0000 238.0000 706.0000 570.0000 622.0000 503.0000 1581.0000 257.0000 1985.0000 396.0000 309.0000 1453.0000 1039.0000 2043.0000 1972.0000 1744.0000 514.0000 661.0000
1421.0000 1173.0000 554.0000 1369.0000 618.0000 551.0000 173.0000 476.0000 609.0000 435.0000 1199.0000 308.0000 222.0000 0.0000 1025.0000 1227.0000 617.0000 90.0000 1525.0000 835.0000 1114.0000 263.0000 770.0000 700.0000 400.0000 740.0000 2049.0000 311.0000 630.0000 1087.0000 630.0000 459.0000 924.0000 405.0000 739.0000 360.0000 1749.0000 115.0000 2055.0000 428.0000 492.0000 1568.0000 1256.0000 2166.0000 2026.0000 1796.0000 303.0000 853.0000
588.0000 334.0000 721.0000 1092.0000 581.0000 1551.0000 1198.0000 1501.0000 981.0000 930.0000 726.0000 803.0000 814.0000 1025.0000 0.0000 663.0000 632.0000 999.0000 572.0000 972.0000 225.0000 763.0000 908.0000 451.0000 767.0000 293.0000 1240.0000 726.0000 420.0000 1111.0000 862.0000 617.0000 443.0000 1374.0000 586.0000 1299.0000 887.0000 1070.0000 1633.0000 1057.0000 547.0000 999.0000 252.0000 1483.0000 1681.0000 1489.0000 1326.0000 236.0000
334.0000 358.0000 1212.0000 453.0000 1095.0000 1769.0000 1370.0000 1654.0000 1474.0000 1358.0000 96.0000 920.0000 1094.0000 1227.0000 663.0000 0.0000 610.0000 1156.0000 557.0000 642.0000 879.0000 1000.0000 1467.0000 558.0000 1178.0000 780.0000 831.0000 1038.0000 879.0000 1726.0000 700.0000 1023.0000 1082.0000 1631.0000 488.0000 1579.0000 586.0000 1320.0000 982.0000 1463.0000 796.0000 371.0000 802.0000 940.0000 1021.0000 826.0000 1508.0000 550.0000
837.0000 626.0000 739.0000 798.0000 670.0000 1159.0000 760.0000 1049.0000 967.0000 819.0000 583.0000 309.0000 510.0000 617.0000 632.0000 610.0000 0.0000 546.0000 983.0000 397.0000 821.0000 411.0000 1023.0000 180.0000 651.0000 478.0000 1438.0000 476.0000 485.0000 1333.0000 235.0000 525.0000 827.0000 1022.0000 123.0000 973.0000 1155.0000 715.0000 1475.0000 902.0000 273.0000 953.0000 882.0000 1550.0000 1467.0000 1240.0000 898.0000 396.0000
1364.0000 1124.0000 596.0000 1283.0000 641.0000 613.0000 216.0000 516.0000 681.0000 504.0000 1125.0000 238.0000 235.0000 90.0000 999.0000 1156.0000 546.0000 0.0000 1479.0000 745.0000 1105.0000 240.0000 831.0000 645.0000 442.0000 723.0000 1983.0000 316.0000 623.0000 1152.0000 543.0000 470.0000 939.0000 482.0000 669.0000 443.0000 1690.0000 205.0000 1969.0000 510.0000 455.0000 1492.0000 1238.0000 2091.0000 1938.0000 1709.0000 354.0000 813.0000
229.0000 358.0000 1291.0000 973.0000 1152.0000 2072.0000 1692.0000 1995.0000 1552.0000 1496.0000 653.0000 1252.0000 1335.0000 1525.0000 572.0000 557.0000 983.0000 1479.0000 0.0000 1163.0000 676.0000 1264.0000 1473.0000 839.0000 1326.0000 847.0000 801.0000 1254.0000 976.0000 1643.0000 1157.0000 1169.0000 983.0000 1905.0000 878.0000 1836.0000 346.0000 1590.0000 1286.0000 1621.0000 1034.0000 689.0000 503.0000 995.0000 1376.0000 1239.0000 1828.0000 674.0000
961.0000 847.0000 1114.0000 565.0000 1060.0000 1300.0000 919.0000 1149.0000 1317.0000 1153.0000 563.0000 569.0000 820.0000 835.0000 972.0000 642.0000 397.0000 745.0000 1163.0000 0.0000 1183.0000 725.0000 1399.0000 549.0000 1004.0000 869.0000 1427.0000 818.0000 882.0000 1716.0000 214.0000 902.0000 1222.0000 1210.0000 390.0000 1184.0000 1225.0000 949.0000 1239.0000 1210.0000 660.0000 863.0000 1207.0000 1446.0000 1197.0000 969.0000 1042.0000 741.0000
754.0000 533.0000 701.0000 1315.0000 567.0000 1605.0000 1286.0000 1580.0000 936.0000 927.0000 947.0000 940.0000 892.0000 1114.0000 225.0000 879.0000 821.0000 1105.0000 676.0000 1183.0000 0.0000 865.0000 821.0000 644.0000 790.0000 388.0000 1374.0000 803.0000 484.0000 968.0000 1056.0000 655.0000 318.0000 1420.0000 794.0000 1341.0000 1017.0000 1137.0000 1836.0000 1056.0000 679.0000 1200.0000 189.0000 1645.0000 1891.0000 1704.0000 1403.0000 442.0000
1169.0000 915.0000 426.0000 1204.0000 443.0000 807.0000 435.0000 739.0000 594.0000 428.0000 986.0000 165.0000 100.0000 263.0000 763.0000 1000.0000 411.0000 240.0000 1264.0000 725.0000 865.0000 0.0000 699.0000 453.0000 290.0000 483.0000 1809.0000 107.0000 384.0000 1024.0000 511.0000 251.0000 712.0000 646.0000 525.0000 585.0000 1499.0000 330.0000 1885.0000 495.0000 231.0000 1356.0000 999.0000 1949.0000 1872.0000 1644.0000 567.0000 591.0000
1488.0000 1219.0000 285.0000 1796.0000 374.0000 1017.0000 879.0000 1079.0000 197.0000 341.0000 1493.0000 863.0000 626.0000 770.0000 908.0000 1467.0000 1023.0000 831.0000 1473.0000 1399.0000 821.0000 699.0000 0.0000 950.0000 410.0000 690.0000 2147.0000 594.0000 590.0000 326.0000 1191.0000 499.0000 504.0000 838.0000 1098.0000 758.0000 1794.0000 703.0000 2439.0000 414.0000 751.0000 1837.0000 1011.0000 2374.0000 2455.0000 2237.0000 928.0000 921.0000
720.0000 481.0000 676.0000 846.0000 579.0000 1251.0000 861.0000 1161.0000 928.0000 803.0000 560.0000 414.0000 541.0000 700.0000 451.0000 558.0000 180.0000 645.0000 839.0000 549.0000 644.0000 453.0000 950.0000 0.0000 624.0000 325.0000 1356.0000 480.0000 369.0000 1241.0000 413.0000 473.0000 680.0000 1097.0000 166.0000 1038.0000 1049.0000 781.0000 1497.0000 905.0000 238.0000 925.0000 702.0000 1506.0000 1506.0000 1287.0000 998.0000 216.0000
1280.0000 1009.0000 155.0000 1447.0000 235.0000 818.0000 548.0000 815.0000 316.0000 180.0000 1183.0000 454.0000 219.0000 400.0000 767.0000 1178.0000 651.0000 442.0000 1326.0000 1004.0000 790.0000 290.0000 410.0000 624.0000 0.0000 479.0000 1941.0000 188.0000 350.0000 736.0000 792.0000 161.0000 547.0000 632.0000 745.0000 552.0000 1607.0000 375.0000 2115.0000 296.0000 392.0000 1547.0000 959.0000 2121.0000 2114.0000 1890.0000 641.0000 676.0000
816.0000 543.0000 456.0000 1143.0000 325.0000 1259.0000 913.0000 1214.0000 723.0000 649.0000 813.0000 552.0000 524.0000 740.0000 293.0000 780.0000 478.0000 723.0000 847.0000 869.0000 388.0000 483.0000 690.0000 325.0000 479.0000 0.0000 1480.0000 435.0000 129.0000 949.0000 708.0000 325.0000 355.0000 1081.0000 492.0000 1007.0000 1137.0000 779.0000 1759.0000 774.0000 291.0000 1148.0000 516.0000 1688.0000 1785.0000 1573.0000 1038.0000 231.0000
664.0000 937.0000 1936.0000 959.0000 1802.0000 2596.0000 2198.0000 2485.0000 2203.0000 2119.0000 882.0000 1745.0000 1897.0000 2049.0000 1240.0000 831.0000 1438.0000 1983.0000 801.0000 1427.0000 1374.0000 1809.0000 2147.0000 1356.0000 1941.0000 1480.0000 0.0000 1829.0000 1603.0000 2339.0000 1524.0000 1780.0000 1673.0000 2421.0000 1315.0000 2394.0000 357.0000 2136.0000 825.0000 2237.0000 1589.0000 579.0000 1204.0000 347.0000 959.0000 940.0000 2336.0000 1266.0000
1178.0000 915.0000 319.0000 1275.0000 331.0000 826.0000 483.0000 780.0000 500.0000 343.0000 1033.0000 269.0000 90.0000 311.0000 726.0000 1038.0000 476.0000 316.0000 1254.0000 818.0000 803.0000 107.0000 594.0000 480.0000 188.0000 435.0000 1829.0000 0.0000 320.0000 919.0000 605.0000 154.0000 623.0000 652.0000 580.0000 582.0000 1508.0000 344.0000 1950.0000 429.0000 242.0000 1402.0000 949.0000 1986.0000 1943.0000 1717.0000 603.0000 582.0000
939.0000 667.0000 337.0000 1213.0000 217.0000 1137.0000 803.0000 1100.0000 604.0000 521.0000 902.0000 482.0000 410.0000 630.0000 420.0000 879.0000 485.0000 623.0000 976.0000 882.0000 484.0000 384.0000 590.0000 369.0000 350.0000 129.0000 1603.0000 320.0000 0.0000 872.0000 699.0000 197.0000 358.0000 957.0000 529.0000 881.0000 1263.0000 660.0000 1849.0000 645.0000 240.0000 1250.0000 631.0000 1802.0000 1867.0000 1650.0000 923.0000 341.0000
1698.0000 1441.0000 604.0000 2085.0000 665.0000 1255.0000 1181.0000 1347.0000 482.0000 652.0000 1763.0000 1188.0000 952.0000 1087.0000 1111.0000 1726.0000 1333.0000 1152.0000 1643.0000 1716.0000 968.0000 1024.0000 326.0000 1241.0000 736.0000 949.0000 2339.0000 919.0000 872.0000 0.0000 1511.0000 815.0000 669.0000 1092.0000 1397.0000 1019.0000 1982.0000 1010.0000 2708.0000 695.0000 1061.0000 2089.0000 1148.0000 2594.0000 2734.0000 2520.0000 1212.0000 1176.0000
983.0000 812.0000 907.0000 742.0000 862.0000 1123.0000 731.0000 985.0000 1104.0000 939.0000 642.0000 355.0000 805.0000 630.0000 862.0000 700.0000 235.0000 543.0000 1157.0000 214.0000 1056.0000 511.0000 1191.0000 413.0000 792.0000 708.0000 1524.0000 605.0000 699.0000 1511.0000 0.0000 697.0000 1051.0000 1018.0000 290.0000 985.0000 1280.0000 743.0000 1427.0000 996.0000 466.0000 987.0000 1110.0000 1584.0000 1395.0000 1166.0000 861.0000 626.0000
1119.0000 848.0000 214.0000 1309.0000 182.0000 943.0000 627.0000 916.0000 455.0000 340.0000 1032.0000 397.0000 238.0000 459.0000 617.0000 1023.0000 525.0000 470.0000 1169.0000 902.0000 655.0000 251.0000 499.0000 473.0000 161.0000 325.0000 1780.0000 154.0000 197.0000 815.0000 697.0000 0.0000 469.0000 761.0000 607.0000 685.0000 1446.0000 472.0000 1969.0000 457.0000 254.0000 1393.0000 823.0000 1963.0000 1975.0000 1752.0000 739.0000 515.0000
1029.0000 776.0000 424.0000 1479.0000 312.0000 1359.0000 1086.0000 1361.0000 630.0000 649.0000 1131.0000 833.0000 706.0000 924.0000 443.0000 1082.0000 827.0000 939.0000 983.0000 1222.0000 318.0000 712.0000 504.0000 680.0000 547.0000 355.0000 1673.0000 623.0000 358.0000 669.0000 1051.0000 469.0000 0.0000 1171.0000 847.0000 1089.0000 1316.0000 919.0000 2063.0000 776.0000 598.0000 1434.0000 507.0000 1926.0000 2101.0000 1898.0000 1187.0000 548.0000
1815.0000 1560.0000 748.0000 1760.0000 864.0000 188.0000 292.0000 260.0000 641.0000 533.0000 1604.0000 713.0000 570.0000 405.0000 1374.0000 1631.0000 1022.0000 482.0000 1905.0000 1210.0000 1420.0000 646.0000 838.0000 1097.0000 632.0000 1081.0000 2421.0000 652.0000 957.0000 1092.0000 1018.0000 761.0000 1171.0000 0.0000 1144.0000 83.0000 2145.0000 317.0000 2445.0000 426.0000 875.0000 1972.0000 1584.0000 2571.0000 2408.0000 2179.0000 194.0000 1231.0000
721.0000 526.0000 817.0000 703.0000 732.0000 1282.0000 883.0000 1171.0000 1058.0000 918.0000 463.0000 432.0000 622.0000 739.0000 586.0000 488.0000 123.0000 669.0000 878.0000 390.0000 794.0000 525.0000 1098.0000 166.0000 745.0000 492.0000 1315.0000 580.0000 529.0000 1397.0000 290.0000 607.0000 847.0000 1144.0000 0.0000 1094.0000 1036.0000 836.0000 1371.0000 1008.0000 354.0000 833.0000 828.0000 1429.0000 1369.0000 1146.0000 1021.0000 352.0000
1753.0000 1494.0000 666.0000 1727.0000 783.0000 271.0000 279.0000 328.0000 562.0000 451.0000 1556.0000 666.0000 503.0000 360.0000 1299.0000 1579.0000 973.0000 443.0000 1836.0000 1184.0000 1341.0000 585.0000 758.0000 1038.0000 552.0000 1007.0000 2394.0000 582.0000 881.0000 1019.0000 985.0000 685.0000 1089.0000 83.0000 1094.0000 0.0000 2083.0000 259.0000 2412.0000 345.0000 811.0000 1925.0000 1507.0000 2523.0000 2380.0000 2151.0000 220.0000 1163.0000
330.0000 598.0000 1592.0000 872.0000 1456.0000 2300.0000 1906.0000 2202.0000 1857.0000 1783.0000 663.0000 1453.0000 1581.0000 1749.0000 887.0000 586.0000 1155.0000 1690.0000 346.0000 1225.0000 1017.0000 1499.0000 1794.0000 1049.0000 1607.0000 1137.0000 357.0000 1508.0000 1263.0000 1982.0000 1280.0000 1446.0000 1316.0000 2145.0000 1036.0000 2083.0000 0.0000 1828.0000 1005.0000 1903.0000 1272.0000 504.0000 849.0000 653.0000 1114.0000 1019.0000 2044.0000 932.0000
1499.0000 1244.0000 521.0000 1479.0000 608.0000 483.0000 178.0000 445.0000 528.0000 362.0000 1298.0000 410.0000 257.0000 115.0000 1070.0000 1320.0000 715.0000 205.0000 1590.0000 949.0000 1137.0000 330.0000 703.0000 781.0000 375.0000 779.0000 2136.0000 344.0000 660.0000 1010.0000 743.0000 472.0000 919.0000 317.0000 836.0000 259.0000 1828.0000 0.0000 2165.0000 330.0000 559.0000 1668.0000 1291.0000 2264.0000 2138.0000 1908.0000 268.0000 917.0000
1107.0000 1304.0000 2172.0000 686.0000 2066.0000 2540.0000 2156.0000 2385.0000 2425.0000 2290.0000 947.0000 1758.0000 1985.0000 2055.0000 1633.0000 982.0000 1475.0000 1969.0000 1286.0000 1239.0000 1836.0000 1885.0000 2439.0000 1497.0000 2115.0000 1759.0000 825.0000 1950.0000 1849.0000 2708.0000 1427.0000 1969.0000 2063.0000 2445.0000 1371.0000 2412.0000 1005.0000 2165.0000 0.0000 2377.0000 1723.0000 636.0000 1720.0000 534.0000 145.0000 290.0000 2281.0000 1531.0000
1576.0000 1306.0000 356.0000 1698.0000 491.0000 609.0000 490.0000 665.0000 220.0000 130.0000 1461.0000 642.0000 396.0000 428.0000 1057.0000 1463.0000 902.0000 510.0000 1621.0000 1210.0000 1056.0000 495.0000 414.0000 905.0000 296.0000 774.0000 2237.0000 429.0000 645.0000 695.0000 996.0000 457.0000 776.0000 426.0000 1008.0000 345.0000 1903.0000 330.0000 2377.0000 0.0000 667.0000 1829.0000 1235.0000 2410.0000 2367.0000 2139.0000 519.0000 972.0000
942.0000 685.0000 467.0000 1057.0000 400.0000 1038.0000 662.0000 966.0000 704.0000 568.0000 795.0000 262.0000 309.0000 492.0000 547.0000 796.0000 273.0000 455.0000 1034.0000 660.0000 679.0000 231.0000 751.0000 238.0000 392.0000 291.0000 1589.0000 242.0000 240.0000 1061.0000 466.0000 254.0000 598.0000 875.0000 354.0000 811.0000 1272.0000 559.0000 1723.0000 667.0000 0.0000 1162.0000 792.0000 1744.0000 1724.0000 1500.0000 796.0000 361.0000
484.0000 668.0000 1583.0000 387.0000 1466.0000 2099.0000 1699.0000 1969.0000 1845.0000 1727.0000 371.0000 1260.0000 1453.0000 1568.0000 999.0000 371.0000 953.0000 1492.0000 689.0000 863.0000 1200.0000 1356.0000 1837.0000 925.0000 1547.0000 1148.0000 579.0000 1402.0000 1250.0000 2089.0000 987.0000 1393.0000 1434.0000 1972.0000 833.0000 1925.0000 504.0000 1668.0000 636.0000 1829.0000 1162.0000 0.0000 1087.0000 600.0000 701.0000 550.0000 1835.0000 917.0000
617.0000 444.0000 882.0000 1252.0000 744.0000 1776.0000 1430.0000 1729.0000 1122.0000 1105.0000 882.0000 1051.0000 1039.0000 1256.0000 252.0000 802.0000 882.0000 1238.0000 503.0000 1207.0000 189.0000 999.0000 1011.0000 702.0000 959.0000 516.0000 1204.0000 949.0000 631.0000 1148.0000 1110.0000 823.0000 507.0000 1584.0000 828.0000 1507.0000 849.0000 1291.0000 1720.0000 1235.0000 792.0000 1087.0000 0.0000 1490.0000 1787.0000 1614.0000 1553.0000 486.0000
896.0000 1157.0000 2139.0000 904.0000 2013.0000 2699.0000 2300.0000 2568.0000 2405.0000 2301.0000 967.0000 1858.0000 2043.0000 2166.0000 1483.0000 940.0000 1550.0000 2091.0000 995.0000 1446.0000 1645.0000 1949.0000 2374.0000 1506.0000 2121.0000 1688.0000 347.0000 1986.0000 1802.0000 2594.0000 1584.0000 1963.0000 1926.0000 2571.0000 1429.0000 2523.0000 653.0000 2264.0000 534.0000 2410.0000 1744.0000 600.0000 1490.0000 0.0000 678.0000 727.0000 2435.0000 1461.0000
1184.0000 1359.0000 2182.0000 668.0000 2082.0000 2493.0000 2117.0000 2333.0000 2428.0000 2285.0000 973.0000 1737.0000 1972.0000 2026.0000 1681.0000 1021.0000 1467.0000 1938.0000 1376.0000 1197.0000 1891.0000 1872.0000 2455.0000 1506.0000 2114.0000 1785.0000 959.0000 1943.0000 1867.0000 2734.0000 1395.0000 1975.0000 2101.0000 2408.0000 1369.0000 2380.0000 1114.0000 2138.0000 145.0000 2367.0000 1724.0000 701.0000 1787.0000 678.0000 0.0000 229.0000 2238.0000 1560.0000
1030.0000 1176.0000 1961.0000 443.0000 1865.0000 2266.0000 1888.0000 2108.0000 2204.0000 2059.0000 768.0000 1508.0000 1744.0000 1796.0000 1489.0000 826.0000 1240.0000 1709.0000 1239.0000 969.0000 1704.0000 1644.0000 2237.0000 1287.0000 1890.0000 1573.0000 940.0000 1717.0000 1650.0000 2520.0000 1166.0000 1752.0000 1898.0000 2179.0000 1146.0000 2151.0000 1019.0000 1908.0000 290.0000 2139.0000 1500.0000 550.0000 1614.0000 727.0000 229.0000 0.0000 2010.0000 1353.0000
1718.0000 1475.0000 781.0000 1600.0000 875.0000 264.0000 138.0000 177.0000 738.0000 595.0000 1472.0000 592.0000 514.0000 303.0000 1326.0000 1508.0000 898.0000 354.0000 1828.0000 1042.0000 1403.0000 567.0000 928.0000 998.0000 641.0000 1038.0000 2336.0000 603.0000 923.0000 1212.0000 861.0000 739.0000 1187.0000 194.0000 1021.0000 220.0000 2044.0000 268.0000 2281.0000 519.0000 796.0000 1835.0000 1553.0000 2435.0000 2238.0000 2010.0000 0.0000 1157.0000
604.0000 335.0000 678.0000 930.0000 552.0000 1398.0000 1023.0000 1327.0000 945.0000 853.0000 588.0000 598.0000 661.0000 853.0000 236.0000 550.0000 396.0000 813.0000 674.0000 741.0000 442.0000 591.0000 921.0000 216.0000 676.0000 231.0000 1266.0000 582.0000 341.0000 1176.0000 626.0000 515.0000 548.0000 1231.0000 352.0000 1163.0000 932.0000 917.0000 1531.0000 972.0000 361.0000 917.0000 486.0000 1461.0000 1560.0000 1353.0000 1157.0000 0.0000
