0.0000 1692.8299 2252.2709 1103.6095 2522.8145 396.8526 1446.7654 424.5374 1424.0593 749.1061 902.2694 1546.9922 2553.8451 2378.3702 1014.7537 1259.3562 1017.5289 1167.4695 813.7057 1404.8434 885.1130 1329.5311 882.2205 1206.0667 1194.0205 1510.6386 1571.5597 415.6369 2080.5040 2144.5745 886.7130 790.2259 2640.8518 1803.8697 1576.1183 1172.7105 2518.1950 1224.8265 2102.3142 1358.1064 2697.5991 661.4605 2250.8598 1668.3944 923.0179 2114.6863 429.1969 2522.6329 442.2895 1706.5723 1128.6895 2474.0517 1010.4514 1394.1797 1707.5462 795.3427 1359.8176 718.2291 1030.8972 1152.2890 1043.2186 1259.6591 288.0868 1365.6621 1250.2340 1286.4389 593.1888 1617.6928 1240.5035 1386.5591 2635.2831 801.5385 1531.1597 941.9820 628.0462 2648.7238 1048.4293 2442.3276 1007.9112 862.9745 1219.5921 2186.0723 1715.5515 888.4740 1733.8411 1508.3004 1254.9283 1219.4466 806.4899 643.7701 752.9734 302.5525 412.9758 1358.8480 2431.1347 2376.6836 814.8773 782.6525 1468.2524 2643.4941
1692.8299 0.0000 1708.4698 2402.8161 1185.9595 2056.6130 1391.8064 1619.8410 1342.5051 2441.8315 2358.8355 1606.4881 969.7515 1661.9850 2445.8132 2830.6150 2455.0959 2836.8913 2310.2160 1603.2417 2501.8425 2896.7475 1921.4333 2894.5556 893.0711 2670.9706 1737.3373 1363.3653 1500.9664 1190.7447 1592.3847 2165.9178 1069.3180 1451.4796 1893.0806 2857.5691 1143.1242 2917.2571 961.1379 336.5056 1984.4541 1536.0602 1834.5454 256.5638 2124.2140 1636.4978 1932.6171 1595.6065 2094.2734 416.1250 1146.9634 1302.2922 2577.2514 331.3035 1529.0798 1902.7898 1400.3889 1160.7007 2626.0739 1851.1567 1006.1064 1802.5426 1979.1981 331.7167 2526.6583 2618.4870 1102.7429 710.5385 573.2661 2887.4426 1901.8144 2458.6470 462.2434 2543.9066 2076.2122 1045.0172 1663.8597 1262.3332 2647.1124 1670.0048 842.6304 569.9412 1513.2250 2581.3006 832.3136 1752.0722 1218.5007 2806.4335 1419.5087 2301.7986 1978.3210 1769.4691 1399.7464 2963.1330 793.7714 1200.9413 2093.0361 1911.4110 3155.9937 1830.8053
2252.2709 1708.4698 0.0000 3332.9233 1073.7360 2622.8061 811.3211 2501.8977 829.1906 2793.5103 2264.7300 782.4660 1532.6542 221.2984 2279.5274 3482.2766 2292.5534 3286.3848 3065.9754 934.0134 2582.1629 3551.5412 1703.4697 3245.7198 1183.9430 3716.8310 846.1324 1855.7764 214.0210 592.0845 2769.9487 2086.7786 1532.9220 448.4128 983.2462 3047.0002 1133.3817 3215.8837 850.5651 1730.9676 450.7871 2591.8816 171.0263 1452.2507 1895.6798 139.2623 2138.5738 507.0552 2669.8015 1292.6535 1137.9490 823.3104 3246.1781 1827.9434 567.1208 2916.6176 902.6561 1572.4723 2625.8380 1377.6306 1275.4674 1227.8929 2473.6988 1650.5287 3479.7019 3529.2012 1872.4062 1020.7850 1423.7812 3630.5771 401.0050 2640.3765 1287.3919 2582.7478 2870.3383 1615.0697 1333.0146 832.6632 3193.3608 2811.8081 1192.8206 1530.8886 552.9530 2913.1718 880.5708 926.7416 1001.0000 3435.2621 2587.0698 2842.3828 1885.1061 2515.4630 1845.7987 3554.4339 1633.1822 826.4605 3018.3766 1786.2354 3314.9155 454.2785
1103.6095 2402.8161 3332.9233 0.0000 3447.0255 822.1253 2538.4247 850.7185 2511.7096 1030.0689 1695.4174 2649.1389 3362.0513 3441.6097 1794.2745 624.7720 1789.4896 928.9031 372.3399 2508.2115 1444.9211 660.8669 1928.3747 1101.3106 2203.6862 417.0623 2675.0555 1478.0487 3149.9563 3152.2998 844.3518 1696.5627 3458.9160 2886.5239 2674.0757 1336.0135 3428.1803 1189.6731 3060.9889 2087.3018 3771.1119 867.6820 3343.3690 2479.0018 1895.4978 3197.5616 1394.7229 3555.8607 785.4947 2568.8178 2195.7746 3447.6847 497.6364 2071.5803 2801.6224 500.3719 2454.4380 1763.0113 1572.7788 2235.1528 2076.1081 2353.3944 973.9035 2131.2402 147.1768 216.1134 1502.0682 2575.0573 2132.5292 554.4763 3704.4618 1293.3870 2416.4048 1507.7825 477.2002 3443.8235 2147.8049 3412.1035 718.3572 758.0218 2215.7737 2965.1580 2808.1056 1061.2332 2712.5518 2611.0565 2332.1546 644.0497 992.3628 747.4664 1760.3162 819.3192 1491.4842 784.6235 3196.2744 3344.2047 324.2299 1821.0308 1498.5516 3701.2464
2522.8145 1185.9595 1073.7360 3447.0255 0.0000 2919.3522 1423.9891 2605.8175 1400.1214 3218.1953 2883.2837 1552.6184 502.3326 890.9063 2934.4032 3770.0983 2946.5431 3681.0287 3277.0075 1655.7307 3135.4036 3839.7534 2328.6447 3691.8169 1343.5014 3765.1380 1675.5241 2113.8271 972.7487 553.1663 2700.6386 2683.1213 474.6588 1178.0717 1851.2250 3569.1233 69.2315 3688.5646 437.3854 1413.0166 1079.0820 2593.8815 1244.7397 1007.2462 2548.3691 1107.0795 2591.8775 652.1503 2964.1223 887.0287 1498.0404 259.2393 3515.5974 1468.3739 1342.8272 2961.8624 1499.5229 1818.4900 3221.8634 2087.7263 1506.1109 1965.2837 2799.7366 1349.9985 3583.5069 3661.4524 1971.1119 905.8063 1316.7057 3869.0083 1007.2626 3145.4260 1030.6741 3156.8467 3049.3470 564.0222 1957.6284 242.1673 3530.7257 2768.4754 1310.2465 704.4949 1319.4885 3354.7359 805.3484 1738.2684 1442.0832 3734.7194 2515.8905 3166.4171 2468.0750 2701.2962 2128.8142 3879.3037 670.5468 253.1403 3124.0391 2373.9149 3863.2675 894.1521
396.8526 2056.6130 2622.8061 822.1253 2919.3522 0.0000 1812.3074 533.6703 1793.8542 436.0229 907.1813 1891.7783 2940.7783 2758.1198 1014.6768 867.1390 1012.3542 781.9520 473.7014 1743.5553 737.1302 937.2433 1110.7858 843.2823 1590.1135 1238.9984 1899.7989 811.0055 2458.4729 2538.5610 944.0339 880.7775 3029.2854 2175.1253 1879.6109 876.6219 2914.2014 878.0091 2499.1521 1720.1177 3071.1765 764.2944 2610.4777 2050.5336 1074.2411 2484.1663 574.1864 2911.4788 47.0744 2096.3122 1513.7794 2870.3073 623.9102 1745.0287 2068.1320 697.6890 1722.4784 1113.1150 886.0006 1428.7428 1437.6136 1555.5260 157.2578 1735.6224 960.0255 970.2706 973.5363 2014.4424 1630.6063 1007.9216 3011.4105 604.4667 1922.5738 802.8860 374.2325 3034.3121 1361.3787 2838.7673 611.6576 886.4880 1616.2676 2567.1595 2078.0108 560.9724 2130.5025 1830.2989 1633.8436 825.1121 942.6484 249.3271 938.8701 329.0745 804.2046 962.2515 2811.4800 2773.2423 609.5843 1002.9601 1154.0455 3024.6992
1446.7654 1391.8064 811.3211 2538.4247 1423.9891 1812.3074 0.0000 1724.8403 50.2494 1989.2054 1511.0923 216.1134 1709.0363 963.3509 1545.0065 2670.9556 1557.7115 2480.8315 2259.7745 242.2003 1806.2040 2740.2279 942.2510 2447.7853 555.7922 2931.3159 345.6848 1062.0151 663.1930 894.8799 2040.9473 1320.1231 1756.4066 366.8951 508.9921 2265.8129 1453.6753 2423.1983 1005.7261 1258.7919 1261.2997 1843.6941 805.0963 1165.0107 1153.7348 672.3095 1332.8841 1164.6051 1859.2520 1051.9815 382.7819 1263.3962 2435.2975 1362.0620 264.1515 2144.6725 93.0484 800.2356 1866.8307 666.1081 561.8051 541.6133 1662.5691 1187.4717 2685.5772 2729.8866 1130.6817 740.9453 895.3173 2820.2248 1205.2307 1850.6026 934.8476 1814.3649 2070.0164 1810.5204 560.0161 1245.8290 2382.8565 2071.4181 593.6708 1508.6239 269.6831 2112.2746 714.1940 369.4320 237.9937 2624.0000 1867.1818 2031.0810 1108.9531 1719.1079 1046.9408 2744.0164 1707.4197 1196.3382 2229.6020 1009.7569 2544.2313 1231.3476
424.5374 1619.8410 2501.8977 850.7185 2605.8175 533.6703 1724.8403 0.0000 1693.3839 969.6927 1307.4685 1858.8418 2553.9336 2600.3217 1420.5355 1210.8419 1421.9511 1257.1321 691.0347 1728.8438 1228.3277 1276.9154 1295.3907 1350.9882 1355.0590 1216.0037 1904.6427 670.8577 2312.6463 2301.6672 464.9688 1210.8893 2648.0215 2059.7111 1934.2970 1410.0901 2590.0290 1397.2430 2212.8861 1288.8200 2933.7834 247.7781 2524.4694 1660.6758 1347.3121 2369.0103 849.7635 2706.7680 553.1763 1736.7490 1365.0568 2598.6589 958.1753 1293.2088 1988.8917 420.6400 1646.5358 930.4069 1379.0783 1539.0159 1233.1054 1630.7179 554.0487 1320.9591 993.6201 1061.0754 651.4637 1725.7792 1289.1257 1275.7312 2865.0531 1113.8007 1577.3452 1291.3288 456.9836 2641.0941 1411.5594 2563.4297 1047.8516 438.5077 1365.7763 2163.9834 1992.9940 1092.4770 1862.1302 1849.7962 1506.3602 1187.7651 416.3292 738.8748 1175.9239 206.3056 696.6039 1345.7860 2402.8400 2495.6660 527.0569 1199.8054 1683.7366 2857.2688
1424.0593 1342.5051 829.1906 2511.7096 1400.1214 1793.8542 50.2494 1693.3839 0.0000 1980.8920 1518.6260 266.2705 1674.2073 972.2603 1555.9981 2654.9104 1568.6045 2471.4692 2237.6564 281.3112 1807.9735 2724.3704 950.8533 2442.0295 506.3201 2902.3969 394.8329 1033.9927 671.2526 878.0803 2002.8083 1325.4735 1723.4875 381.2834 555.7140 2265.5359 1427.8785 2419.3563 977.4917 1208.5909 1277.4357 1807.6374 832.3251 1116.8818 1165.0876 690.9740 1324.5471 1163.5979 1840.8729 1005.6838 341.6972 1246.6455 2417.4468 1311.8758 297.5584 2112.5967 99.7647 765.8734 1872.3440 687.6082 517.3490 569.5261 1645.4790 1137.2265 2658.7986 2704.7932 1092.4404 696.5809 845.1852 2801.4948 1219.0595 1848.3682 886.2759 1817.9453 2045.1095 1776.0149 569.5726 1227.7316 2369.3248 2034.6174 543.7371 1466.8064 299.9233 2105.5472 675.8831 415.4094 195.4891 2608.5822 1827.8876 2015.5210 1112.7632 1692.6066 1020.7693 2730.5056 1668.2617 1176.4778 2201.1815 1013.9842 2546.2144 1240.4161
749.1061 2441.8315 2793.5103 1030.0689 3218.1953 436.0229 1989.2054 969.6927 1980.8920 0.0000 721.2614 2024.6553 3286.9842 2952.3362 802.1727 769.8013 794.7685 493.3771 664.2537 1871.2148 420.3867 829.6077 1136.5549 473.6254 1874.7098 1416.4043 2003.3971 1117.5947 2651.6495 2792.8552 1366.0234 795.6161 3371.0998 2355.7627 1944.7265 441.1916 3220.1394 478.4809 2786.9512 2107.2107 3244.0427 1197.6018 2755.6680 2409.8440 1017.2089 2654.4804 656.4099 3136.0078 420.5948 2437.3873 1749.7714 3141.8243 617.2876 2141.9760 2226.8942 1078.6445 1896.2637 1401.8620 542.7200 1481.2704 1712.7793 1626.0163 465.4654 2114.0078 1136.8909 1102.3906 1340.5540 2315.1885 1973.3983 969.9289 3192.0265 269.6516 2259.1844 480.5851 712.1980 3383.7485 1469.7061 3113.2832 454.2345 1301.6240 1908.6899 2927.2526 2240.5644 140.0357 2415.4140 1926.3712 1848.4115 713.0848 1376.9394 300.0267 945.0106 764.6973 1095.5624 791.7702 3172.5586 3050.3398 933.7735 1035.7051 725.8271 3220.4399
902.2694 2358.8355 2264.7300 1695.4174 2883.2837 907.1813 1511.0923 1307.4685 1518.6260 721.2614 0.0000 1483.0661 3056.0865 2450.3112 113.0708 1487.7110 115.2606 1161.2343 1323.9641 1334.1518 348.9312 1544.6129 569.0141 1060.3174 1592.2704 2102.4255 1427.0172 1026.0780 2158.9917 2390.6840 1771.0071 201.8539 3126.6346 1859.0245 1329.0798 804.4800 2899.6779 1004.9726 2446.6518 2052.7779 2705.4643 1553.6692 2196.0009 2252.6096 370.0054 2130.1361 485.2422 2672.8870 931.1810 2231.7269 1391.6041 2757.1525 1334.0442 2118.4034 1706.9669 1592.1369 1421.5266 1199.9654 361.2714 888.3805 1431.6162 1039.2329 791.7676 2031.8634 1819.1385 1800.8834 1324.6060 2027.1162 1807.7536 1690.7951 2664.7478 467.0867 2054.6581 328.6944 1280.1125 3158.0158 951.1561 2735.0558 1173.3648 1733.5377 1638.2506 2745.8962 1725.0012 781.2196 2088.9837 1346.0015 1442.3387 1430.2363 1707.3043 954.1122 415.4961 1127.8174 982.1532 1491.4644 2984.6008 2679.0903 1516.3196 509.7342 1053.2298 2712.8725
1546.9922 1606.4881 782.4660 2649.1389 1552.6184 1891.7783 216.1134 1858.8418 266.2705 2024.6553 1483.0661 0.0000 1876.0091 969.1491 1501.4560 2735.8584 1514.4438 2518.0032 2352.0872 153.5839 1800.0011 2804.0874 921.0917 2469.6963 767.6067 3050.3731 136.4881 1188.3539 685.8105 1005.1990 2201.4888 1304.3450 1916.3144 395.4099 312.1955 2265.1731 1589.2165 2437.0320 1154.6125 1473.7842 1227.8249 1996.1836 731.0164 1376.8025 1114.8421 647.0927 1375.1818 1207.3591 1938.0787 1258.8137 570.7372 1366.9312 2508.7911 1576.9115 229.9239 2279.3694 240.7509 955.1178 1843.9490 598.8197 756.1283 452.0929 1737.5514 1403.0025 2796.1205 2833.1287 1296.0872 943.4008 1109.8766 2896.0761 1183.2641 1861.1977 1147.9656 1800.2847 2174.9494 1975.9658 555.6447 1354.7092 2438.2371 2226.2309 807.3723 1700.4026 250.8745 2140.1600 899.5521 185.9704 435.7844 2686.4015 2033.1003 2096.9323 1104.0009 1832.6879 1166.2770 2797.8486 1889.6479 1312.4938 2348.6038 1005.5605 2532.4778 1229.9935
2553.8451 969.7515 1532.6542 3362.0513 502.3326 2940.7783 1709.0363 2553.9336 1674.2073 3286.9842 3056.0865 1876.0091 0.0000 1370.3722 3122.3068 3756.4761 3133.5746 3720.4852 3243.3982 1950.9408 3267.8326 3824.3938 2531.7638 3755.4869 1464.1755 3639.8893 2008.7571 2170.0804 1397.1407 956.6217 2561.2780 2854.3584 100.6628 1542.6539 2186.9074 3672.7245 433.1755 3765.0531 733.4848 1274.7619 1580.2139 2494.4709 1701.2775 894.9106 2751.8279 1541.7175 2702.5331 1150.5138 2982.4361 849.6317 1674.8388 755.0079 3501.0080 1296.4459 1693.5492 2863.7118 1767.7865 1900.2284 3371.6397 2342.8071 1626.4932 2240.2022 2840.7198 1234.1872 3489.3209 3578.1364 1967.4166 1033.0077 1314.3302 3829.4440 1507.0607 3254.7425 1028.4090 3298.3943 3009.9796 102.8251 2186.8400 730.0336 3547.6203 2637.9026 1419.3238 399.8462 1670.7519 3426.6370 1002.7263 2059.7196 1660.7619 3727.5843 2386.2567 3189.9945 2644.3192 2682.3037 2195.0818 3880.2027 215.6409 715.4369 3047.1708 2557.7353 3971.8472 1395.5451
2378.3702 1661.9850 221.2984 3441.6097 890.9063 2758.1198 963.3509 2600.3217 972.2603 2952.3362 2450.3112 969.1491 1370.3722 0.0000 2470.5951 3622.6842 2483.5801 3443.4881 3190.1072 1116.1980 2760.0569 3692.4079 1884.4256 3410.8723 1254.7709 3816.0328 1046.5606 1972.4566 301.0415 482.3743 2838.5054 2267.4007 1360.5811 598.0209 1192.5586 3222.9131 954.5098 3385.0591 740.6484 1727.4519 343.6335 2672.0047 379.3481 1410.1152 2083.2794 329.9530 2295.9366 287.5865 2805.1932 1248.3597 1250.9600 633.5148 3381.9392 1819.1482 743.3472 3008.8411 1056.3811 1679.3153 2810.4836 1567.9493 1367.2308 1420.2739 2612.6586 1647.5394 3587.5563 3642.5579 1958.1808 1013.8762 1450.6743 3763.3465 267.5519 2811.1202 1273.9800 2763.8388 2986.9558 1446.3267 1507.4551 649.0585 3340.3967 2885.9165 1254.7828 1415.4112 725.5811 3075.6113 863.0203 1125.8797 1124.4634 3577.3752 2652.8696 2984.5511 2061.3801 2629.4382 1967.0770 3701.4912 1490.6203 655.0801 3122.9041 1962.0301 3495.9911 268.1679
1014.7537 2445.8132 2279.5274 1794.2745 2934.4032 1014.6768 1545.0065 1420.5355 1555.9981 802.1727 113.0708 1501.4560 3122.3068 2470.5951 0.0000 1560.8539 13.0384 1219.4466 1422.1392 1355.9506 402.2263 1615.3575 606.9234 1105.6012 1661.0027 2198.4090 1436.0226 1125.4301 2183.2494 2432.3826 1884.0215 280.0321 3190.6998 1884.7103 1326.2172 830.8315 2953.0989 1042.7008 2499.0398 2144.2262 2715.5235 1666.7336 2203.0036 2332.0345 391.2812 2146.9227 595.1848 2700.7884 1037.1022 2305.3126 1451.1613 2800.1666 1418.8168 2212.2577 1728.4481 1702.5760 1457.5037 1285.2222 370.4727 902.7652 1502.7042 1051.7005 902.7032 2120.7852 1915.4112 1893.3705 1425.2944 2090.6805 1889.4422 1767.3214 2677.8499 538.1645 2129.6068 364.9178 1386.3942 3224.5876 986.4264 2779.3418 1248.9075 1846.2898 1708.1686 2819.8874 1747.3969 848.0666 2146.0559 1354.8893 1492.3813 1502.9694 1820.1222 1049.4880 478.8737 1240.4519 1080.5998 1555.1170 3056.8044 2724.8945 1622.8524 565.1000 1057.6512 2730.5637
1259.3562 2830.6150 3482.2766 624.7720 3770.0983 867.1390 2670.9556 1210.8419 2654.9104 769.8013 1487.7110 2735.8584 3756.4761 3622.6842 1560.8539 0.0000 1552.2168 399.4058 523.3211 2584.5319 1162.0108 70.1783 1885.9101 578.0701 2452.4390 839.8030 2730.4567 1674.9878 3322.4414 3403.9239 1387.5482 1562.8682 3848.7660 3035.9513 2688.4845 876.6208 3761.2764 674.1113 3356.2504 2498.6871 3931.9696 1333.6881 3462.0803 2861.5719 1783.5437 3343.2254 1367.0903 3778.6158 820.2890 2924.8496 2380.7398 3731.4986 255.6912 2503.8660 2922.5475 1020.6547 2579.8671 1977.5836 1247.6157 2226.0710 2302.5701 2365.2892 1010.0317 2527.8103 630.8922 534.1957 1802.5152 2868.8541 2464.0757 214.8488 3873.8437 1023.1373 2756.8127 1211.1367 755.7910 3845.8419 2189.9941 3699.1850 315.6279 1301.4104 2476.3071 3370.5801 2933.6484 714.5824 2990.0885 2656.6332 2499.2289 58.1378 1495.1990 640.1016 1696.6216 1075.3753 1670.4805 160.7047 3611.1009 3633.0551 804.5552 1780.8989 950.9621 3889.7744
1017.5289 2455.0959 2292.5534 1789.4896 2946.5431 1012.3542 1557.7115 1421.9511 1568.6045 794.7685 115.2606 1514.4438 3133.5746 2483.5801 13.0384 1552.2168 0.0000 1209.4462 1417.2713 1368.8915 392.6220 1606.4501 619.3174 1094.6579 1672.0048 2192.9934 1449.0607 1132.6857 2196.1794 2444.8896 1885.1284 289.1781 3202.1176 1897.6103 1339.1975 818.9121 2965.1282 1031.3026 2511.1053 2152.8967 2728.5619 1668.3756 2216.0381 2342.1539 404.0111 2159.9354 599.4706 2713.6662 1034.2616 2315.9724 1462.7621 2812.6374 1411.6675 2220.5733 1741.4066 1701.3656 1470.1446 1294.6019 358.2401 915.7647 1513.5026 1064.7216 901.8852 2129.8009 1910.0812 1887.3458 1432.3303 2102.0859 1899.2972 1759.0364 2690.8842 529.9179 2140.1367 354.1539 1383.5827 3235.8333 999.0320 2791.7652 1240.6208 1846.8492 1719.0841 2830.5358 1760.3437 839.0310 2157.8605 1367.9273 1504.4946 1494.2988 1822.4623 1044.1767 489.8020 1240.8904 1088.0156 1545.5177 3067.6123 2737.2578 1620.0864 576.6420 1044.8885 2743.5743
1167.4695 2836.8913 3286.3848 928.9031 3681.0287 781.9520 2480.8315 1257.1321 2471.4692 493.3771 1161.2343 2518.0032 3720.4852 3443.4881 1219.4466 399.4058 1209.4462 0.0000 671.0961 2364.5448 817.6650 431.6133 1624.7664 181.3395 2340.5384 1218.2496 2495.5362 1567.8434 3142.6085 3271.9635 1548.5661 1269.5385 3808.0474 2847.6013 2432.7930 478.9791 3679.4419 276.8483 3254.0882 2500.4232 3737.0066 1438.2771 3249.0191 2831.8307 1490.7250 3147.2968 1148.1572 3622.8398 742.8466 2873.9617 2230.7284 3615.9222 433.1293 2521.9663 2719.9583 1198.4094 2387.9902 1863.0904 879.9318 1970.0571 2181.4789 2116.2098 883.2401 2517.2882 977.8804 899.0673 1754.4327 2775.3964 2407.8875 612.0825 3684.5312 697.2525 2698.6006 857.3243 853.7968 3814.6985 1962.9358 3586.2489 229.6519 1468.6987 2371.3562 3348.7766 2733.4787 386.8036 2882.9405 2418.0829 2334.4533 346.1748 1615.1053 535.0934 1433.1957 1076.7456 1552.2841 341.9196 3593.2371 3522.2408 996.8350 1525.9056 572.5522 3711.6476
813.7057 2310.2160 3065.9754 372.3399 3277.0075 473.7014 2259.7745 691.0347 2237.6564 664.2537 1323.9641 2352.0872 3243.3982 3190.1072 1422.1392 523.3211 1417.2713 671.0961 0.0000 2206.1809 1074.8107 587.5543 1583.6224 819.4986 1981.8925 780.1859 2366.3459 1218.7604 2893.1218 2937.1954 889.1395 1331.9137 3336.8496 2617.5754 2351.3953 1007.9251 3264.8616 896.4201 2871.8162 1979.8308 3511.0164 813.2607 3062.9308 2349.1533 1535.8219 2928.3738 1046.2070 3326.1380 431.8020 2419.1986 1939.2630 3252.6219 279.8732 1982.3996 2519.5549 530.0840 2172.0785 1517.5836 1205.7238 1902.2284 1840.5586 2027.7598 630.6005 2011.5094 497.1117 497.1157 1306.0750 2382.9731 1963.3950 592.0008 3448.1879 923.6433 2254.9344 1138.3203 234.0790 3331.3008 1830.4112 3218.9435 441.4907 806.1129 2001.0317 2854.6322 2528.0672 711.0000 2510.9656 2298.4440 2067.9444 506.7435 979.6147 375.5862 1408.7867 576.9445 1223.0585 667.4706 3093.8230 3151.9369 325.8619 1475.7134 1209.6851 3454.2938
1404.8434 1603.2417 934.0134 2508.2115 1655.7307 1743.5553 242.2003 1728.8438 281.3112 1871.2148 1334.1518 153.5839 1950.9408 1116.1980 1355.9506 2584.5319 1368.8915 2364.5448 2206.1809 0.0000 1648.1747 2652.6006 769.7961 2316.1908 730.0027 2911.9595 180.5685 1058.1857 827.3742 1116.9355 2085.8152 1153.1730 1997.4546 530.0802 293.0154 2113.0085 1688.0418 2283.8242 1243.5570 1440.4013 1380.6267 1875.8531 884.5095 1386.5500 967.3371 797.5644 1222.4373 1346.4650 1789.6606 1282.0764 501.8815 1483.3385 2358.8559 1542.0538 372.9303 2148.6258 203.7474 844.0770 1694.5489 455.9265 686.7212 315.8354 1588.6778 1374.0524 2654.9806 2689.6933 1188.4452 976.5659 1077.0042 2746.3163 1335.0034 1708.0120 1154.2500 1649.4572 2032.8072 2052.3072 402.0609 1468.4158 2285.9545 2106.6988 775.3412 1748.0529 391.4920 1986.5772 956.0596 155.4252 390.1282 2534.7830 1921.8150 1946.1133 951.3285 1694.1727 1033.1554 2645.3047 1949.0472 1422.2644 2211.0305 852.6781 2381.7724 1379.0576
885.1130 2501.8425 2582.1629 1444.9211 3135.4036 737.1302 1806.2040 1228.3277 1807.9735 420.3867 348.9312 1800.0011 3267.8326 2760.0569 402.2263 1162.0108 392.6220 817.6650 1074.8107 1648.1747 0.0000 1215.0202 879.0688 711.4183 1810.4784 1836.1579 1754.4586 1138.5662 2464.2930 2665.3527 1671.4978 496.7897 3344.2920 2163.8468 1666.8491 465.9667 3146.3015 657.1674 2698.1924 2179.0576 3027.3054 1473.9149 2522.3523 2426.8978 705.0879 2445.5962 571.3572 2970.6632 745.0671 2426.5020 1637.7439 3027.4090 1034.5671 2231.7047 2018.5076 1432.2182 1714.3048 1372.4147 150.8642 1215.6303 1645.9945 1366.4348 674.4427 2170.2544 1555.7718 1522.7771 1415.7295 2253.9816 1979.4509 1370.7505 2983.1222 151.7135 2246.8620 66.0076 1083.6609 3368.2086 1252.6217 3002.8049 852.9971 1619.4135 1852.1992 2935.0286 2035.2184 447.5992 2332.0485 1674.0553 1708.9061 1103.9588 1644.1889 700.1578 698.7203 1027.1889 1102.4346 1152.9115 3178.1430 2943.9273 1316.8022 798.1103 738.2412 3025.3344
1329.5311 2896.7475 3551.5412 660.8669 3839.7534 937.2433 2740.2279 1276.9154 2724.3704 829.6077 1544.6129 2804.0874 3824.3938 3692.4079 1615.3575 70.1783 1606.4501 431.6133 587.5543 2652.6006 1215.0202 0.0000 1950.8542 604.8223 2522.5705 842.3265 2797.7936 1745.1616 3392.1147 3474.1003 1442.5065 1624.2789 3916.8642 3105.3607 2754.4408 910.5323 3830.7656 700.2578 3426.1891 2565.2996 4001.3248 1394.9297 3530.7173 2929.5203 1845.3599 3412.4655 1434.1273 3848.7091 890.4095 2993.6015 2450.7789 3801.5730 324.5813 2569.5214 2991.4694 1075.6026 2649.0581 2047.7578 1295.6427 2291.7236 2372.7461 2431.5382 1079.7541 2595.0434 652.3343 549.1812 1871.7361 2938.7189 2533.1727 186.1317 3943.3514 1078.6867 2825.8629 1262.4013 820.9537 3913.5182 2257.4917 3769.2340 376.9695 1355.9771 2546.3802 3437.9594 3002.6602 767.5239 3060.1281 2723.7226 2569.0718 118.5960 1554.3825 709.1862 1761.1417 1144.0092 1740.6493 133.6451 3678.2013 3703.0844 859.6243 1846.2031 963.9678 3959.5467
882.2205 1921.4333 1703.4697 1928.3747 2328.6447 1110.7858 942.2510 1295.3907 950.8533 1136.5549 569.0141 921.0917 2531.7638 1884.4256 606.9234 1885.9101 619.3174 1624.7664 1583.6224 769.7961 879.0688 1950.8542 0.0000 1560.3750 1083.2885 2345.1247 878.4287 749.0961 1591.3196 1825.8677 1739.5692 383.3771 2596.6511 1291.0356 808.2821 1344.6252 2348.4874 1521.9346 1894.1183 1647.9836 2148.2383 1510.6346 1644.3117 1778.3467 220.8099 1567.3484 537.6291 2104.0290 1151.8233 1733.8956 856.9767 2193.4341 1683.0796 1729.3698 1141.4749 1676.7722 853.1500 785.4935 926.8840 345.3245 934.1370 493.0416 955.5862 1610.9755 2069.1341 2080.6864 1029.8913 1498.8052 1350.2963 2066.9574 2104.3431 947.2745 1563.5041 879.7210 1458.5284 2634.4405 382.2368 2172.4569 1575.3127 1729.4398 1132.8566 2246.6653 1158.8581 1239.8972 1545.2870 798.9124 887.3928 1832.3048 1621.6698 1266.8153 191.6351 1180.8577 702.2848 1926.2401 2478.3287 2117.9806 1674.1332 107.9352 1612.0428 2148.4548
1206.0667 2894.5556 3245.7198 1101.3106 3691.8169 843.2823 2447.7853 1350.9882 2442.0295 473.6254 1060.3174 2469.6963 3755.4869 3410.8723 1105.6012 578.0701 1094.6579 181.3395 819.4986 2316.1908 711.4183 604.8223 1560.3750 0.0000 2348.3347 1399.2970 2437.8763 1588.4599 3110.9780 3263.8623 1676.6648 1190.5310 3840.6126 2813.0739 2363.6417 313.4023 3693.6276 96.0469 3260.4947 2558.4527 3695.1441 1549.1937 3199.3795 2873.8707 1408.0160 3107.2298 1120.2076 3601.4447 810.6300 2906.2725 2220.6830 3614.3338 603.6796 2586.7451 2678.6274 1337.2154 2354.7393 1875.1133 748.9539 1904.5265 2186.3618 2053.3767 917.9897 2569.9261 1156.2154 1079.5045 1799.0937 2788.6328 2441.1968 788.3787 3645.7891 613.9422 2728.7296 740.7705 979.4003 3851.5302 1914.3712 3586.0487 386.2642 1599.8800 2382.2229 3391.5915 2693.3611 338.9174 2888.9697 2358.9042 2315.8800 526.2746 1728.5315 612.4124 1370.6064 1159.0362 1567.8297 500.9920 3636.7685 3523.3178 1144.0227 1466.8960 397.3361 3678.5894
1194.0205 893.0711 1183.9430 2203.6862 1343.5014 1590.1135 555.7922 1355.0590 506.3201 1874.7098 1592.2704 767.6067 1464.1755 1254.7709 1661.0027 2452.4390 1672.0048 2340.5384 1981.8925 730.0027 1810.4784 2522.5705 1083.2885 2348.3347 0.0000 2567.2748 885.1311 779.1643 980.2061 955.3036 1587.5607 1390.6919 1536.6968 774.4966 1023.0005 2231.7027 1346.7387 2345.5628 913.5918 710.7208 1594.4811 1417.2357 1242.4110 708.4667 1299.8711 1062.2622 1254.1312 1352.1775 1636.0248 650.7596 254.2302 1280.2066 2201.3280 812.8628 771.1141 1757.0785 535.7285 478.2823 1909.4125 963.7557 164.7119 909.4790 1462.8455 644.1522 2347.9289 2410.1689 706.2082 444.5278 347.0014 2569.4375 1521.8732 1809.0254 483.8026 1838.0492 1765.3614 1565.9173 780.8617 1248.8847 2198.3676 1632.3394 51.4782 1163.5175 764.2316 2011.2715 542.4408 884.2992 340.2117 2413.3315 1403.6983 1833.7025 1182.2123 1407.6111 789.5176 2552.3293 1397.0558 1183.7314 1881.4144 1098.5973 2528.2152 1505.9615
1510.6386 2670.9706 3716.8310 417.0623 3765.1380 1238.9984 2931.3159 1216.0037 2902.3969 1416.4043 2102.4255 3050.3731 3639.8893 3816.0328 2198.4090 839.8030 2192.9934 1218.2496 780.1859 2911.9595 1836.1579 842.3265 2345.1247 1399.2970 2567.2748 0.0000 3081.1688 1869.3670 3528.6133 3504.5669 1078.6348 2110.9552 3738.7764 3273.0208 3085.2958 1670.4912 3741.2946 1493.8276 3395.8519 2373.4869 4149.7819 1173.2694 3734.7017 2775.7041 2311.6845 3583.1423 1811.7839 3915.9740 1201.8157 2879.3812 2579.0884 3784.3331 825.1091 2343.6301 3195.2923 812.5029 2849.4780 2144.3904 1956.1769 2649.7255 2448.9463 2765.9248 1390.9540 2425.9810 283.3408 323.1996 1861.0991 2915.9549 2463.0570 669.1644 4080.9913 1684.5952 2737.5867 1896.9884 890.0208 3715.8188 2558.1292 3747.5807 1043.3485 1002.8838 2574.9505 3240.1860 3200.7265 1427.2663 3058.6837 3018.8072 2718.6592 882.1638 1255.8268 1148.9547 2177.3695 1217.8690 1886.5593 975.5537 3462.0521 3679.4358 702.1595 2237.8651 1786.1120 4071.9946
1571.5597 1737.3373 846.1324 2675.0555 1675.5241 1899.7989 345.6848 1904.6427 394.8329 2003.3971 1427.0172 136.4881 2008.7571 1046.5606 1436.0226 2730.4567 1449.0607 2495.5362 2366.3459 180.5685 1754.4586 2797.7936 878.4287 2437.8763 885.1311 3081.1688 0.0000 1234.6894 778.0521 1124.9356 2265.7846 1257.7460 2047.4164 503.8432 178.2162 2220.4166 1714.1581 2400.3633 1284.3742 1594.8094 1279.6300 2055.0061 769.0163 1510.2013 1057.0118 717.6810 1363.8453 1299.0246 1945.3791 1394.1080 671.2526 1482.0864 2509.8215 1697.4631 335.4072 2323.7629 349.5941 1024.6448 1788.1233 539.3348 857.4223 388.2898 1743.7024 1525.6569 2821.4891 2853.2832 1369.0015 1079.3785 1230.4881 2897.4268 1242.3337 1825.4840 1280.4351 1749.9949 2198.6237 2108.3060 540.7735 1471.8057 2427.7004 2285.9626 927.3710 1836.7820 358.4536 2113.5208 1035.7727 81.1542 546.7952 2679.5242 2102.2564 2094.7783 1067.2793 1864.2001 1208.1958 2785.0637 2025.0847 1432.2475 2381.4057 971.3933 2480.0454 1299.7204
415.6369 1363.3653 1855.7764 1478.0487 2113.8271 811.0055 1062.0151 670.8577 1033.9927 1117.5947 1026.0780 1188.3539 2170.0804 1972.4566 1125.4301 1674.9878 1132.6857 1567.8434 1218.7604 1058.1857 1138.5662 1745.1616 749.0961 1588.4599 779.1643 1869.3670 1234.6894 0.0000 1676.9666 1728.9633 1049.9152 851.1152 2253.6246 1408.7072 1272.5302 1508.4721 2111.6098 1595.1834 1689.8926 1041.6741 2296.8589 829.4022 1866.1533 1300.9635 885.2683 1719.8663 571.3493 2109.2598 857.0286 1320.4821 721.6717 2059.3693 1425.5981 1099.1383 1325.9336 1091.1462 980.3969 302.5971 1265.1012 911.4121 627.6153 981.9007 685.9300 1031.7214 1625.0640 1673.4865 300.8471 1208.0215 858.5179 1799.1998 2232.2583 1099.2443 1141.8581 1181.6819 1015.3325 2267.4223 760.4854 2027.9788 1419.6073 1060.0627 806.3107 1816.1503 1331.5423 1256.9566 1320.2473 1181.7902 854.7848 1634.9593 905.2845 1054.8829 709.6626 659.6969 47.6760 1773.1762 2061.2098 1962.6311 1167.5877 683.6966 1808.1795 2235.8983
2080.5040 1500.9664 214.0210 3149.9563 972.7487 2458.4729 663.1930 2312.6463 671.2526 2651.6495 2158.9917 685.8105 1397.1407 301.0415 2183.2494 3322.4414 2196.1794 3142.6085 2893.1218 827.3742 2464.2930 3392.1147 1591.3196 3110.9780 980.2061 3528.6133 778.0521 1676.9666 0.0000 440.5190 2567.7525 1973.4488 1409.0696 300.5012 937.8497 2926.0596 1025.2224 3086.0365 683.6329 1517.1051 621.3421 2394.0019 337.9245 1244.4376 1793.9880 148.4082 1995.2396 522.0153 2505.5468 1086.1031 955.4208 742.6473 3082.3681 1614.3091 456.1765 2724.4561 756.2387 1386.9600 2518.1620 1282.5323 1080.9487 1137.6203 2312.4180 1436.6739 3296.2916 3349.1936 1676.2488 808.0130 1210.7527 3464.4193 555.2963 2512.7405 1074.7283 2469.5848 2692.1941 1485.8994 1212.0549 742.0546 3039.4960 2611.6738 986.2221 1355.3778 436.3233 2775.3423 670.2313 854.1622 825.6803 3276.9182 2383.8039 2684.0069 1765.6415 2335.3957 1670.1886 3400.6124 1477.3493 719.6110 2832.8254 1666.2341 3201.2404 569.1713
2144.5745 1190.7447 592.0845 3152.2998 553.1663 2538.5610 894.8799 2301.6672 878.0803 2792.8552 2390.6840 1005.1990 956.6217 482.3743 2432.3826 3403.9239 2444.8896 3271.9635 2937.1954 1116.9355 2665.3527 3474.1003 1825.8677 3263.8623 955.3036 3504.5669 1124.9356 1728.9633 440.5190 0.0000 2482.3416 2194.1780 970.1639 625.1608 1299.5803 3113.6040 597.8177 3251.0983 261.2374 1291.1750 793.8016 2337.7789 754.5396 944.2563 2042.1072 585.7457 2146.5437 427.1264 2584.9758 783.6000 1043.1970 368.6353 3154.2435 1375.9132 790.8691 2692.0643 977.5807 1426.3706 2739.5600 1560.6697 1101.3560 1430.8253 2405.1516 1213.4055 3295.1244 3361.0244 1650.2342 601.8388 1061.7010 3524.3476 711.1378 2691.1529 838.5046 2680.5317 2720.0077 1045.7810 1446.5697 351.5736 3142.1529 2538.3863 938.0432 941.7601 767.5656 2924.9455 450.8714 1189.9286 956.6635 3363.4521 2294.6255 2778.5248 1979.4466 2362.6295 1734.4132 3499.2096 1042.9267 307.4167 2828.6932 1882.1756 3401.4769 643.6932
886.7130 1592.3847 2769.9487 844.3518 2700.6386 944.0339 2040.9473 464.9688 2002.8083 1366.0234 1771.0071 2201.4888 2561.2780 2838.5054 1884.0215 1387.5482 1885.1284 1548.5661 889.1395 2085.8152 1671.4978 1442.5065 1739.5692 1676.6648 1587.5607 1078.6348 2265.7846 1049.9152 2567.7525 2482.3416 0.0000 1675.4441 2660.2274 2344.6386 2318.3945 1793.8032 2673.4865 1739.5597 2349.3252 1297.8525 3180.2083 229.0196 2815.9975 1702.5205 1806.2630 2644.6009 1314.1606 2904.1303 948.8730 1813.6496 1661.9146 2737.2702 1165.3738 1265.1660 2299.8787 366.9578 1973.0960 1246.4674 1822.1364 1955.6876 1500.7135 2031.7867 1000.9805 1353.6266 951.1346 1052.9126 910.3829 1882.7071 1422.6500 1380.5571 3106.0536 1546.4346 1682.0993 1736.0743 697.4023 2637.3187 1810.3723 2699.3703 1321.0045 87.2067 1584.0609 2161.5559 2300.2089 1471.8539 2031.6065 2219.8293 1808.1828 1383.1305 187.7711 1092.4706 1632.2564 648.6802 1086.5841 1542.8001 2384.0680 2631.3573 583.0617 1648.8132 2044.1049 3081.9872
790.2259 2165.9178 2086.7786 1696.5627 2683.1213 880.7775 1320.1231 1210.8893 1325.4735 795.6161 201.8539 1304.3450 2854.3584 2267.4007 280.0321 1562.8682 289.1781 1269.5385 1331.9137 1153.1730 496.7897 1624.2789 383.3771 1190.5310 1390.6919 2110.9552 1257.7460 851.1152 1973.4488 2194.1780 1675.4441 0.0000 2924.7935 1672.9976 1174.0026 962.7487 2698.9444 1146.3424 2246.2578 1864.4002 2531.0444 1451.5182 2025.5698 2054.5133 221.8400 1950.7242 361.3323 2484.0692 913.0854 2031.2853 1190.1214 2559.8682 1383.3702 1933.0479 1524.6891 1534.0929 1229.4783 1005.4541 546.8821 719.2420 1230.3861 869.8736 743.2745 1840.7531 1828.6000 1822.9805 1151.8377 1825.2630 1610.8513 1756.4000 2487.6081 577.2911 1854.6215 496.4564 1252.9521 2956.3215 761.8379 2537.2515 1247.6041 1646.4811 1436.8556 2545.6412 1541.9137 882.7825 1887.6891 1177.4264 1243.2248 1506.9350 1594.0078 979.4555 215.2440 1049.1201 805.4378 1585.7758 2783.8608 2480.7136 1484.8569 312.0833 1228.7392 2531.7140
2640.8518 1069.3180 1532.9220 3458.9160 474.6588 3029.2854 1756.4066 2648.0215 1723.4875 3371.0998 3126.6346 1916.3144 100.6628 1360.5811 3190.6998 3848.7660 3202.1176 3808.0474 3336.8496 1997.4546 3344.2920 3916.8642 2596.6511 3840.6126 1536.6968 3738.7764 2047.4164 2253.6246 1409.0696 970.1639 2660.2274 2924.7935 0.0000 1571.7761 2225.6076 3753.2631 407.7744 3848.8006 764.1970 1371.7059 1551.5686 2591.4945 1702.9974 987.7014 2817.1454 1551.0371 2780.8948 1126.6752 3071.2854 934.5614 1740.6441 733.3771 3593.1961 1395.1649 1726.8248 2960.9755 1818.6792 1979.9942 3445.9026 2398.3478 1700.0850 2291.7358 2927.1836 1329.5582 3586.7430 3675.0218 2056.4632 1100.0382 1400.4460 3923.7176 1481.0014 3334.1221 1111.9604 3373.6823 3103.6527 92.1954 2246.4536 712.8324 3637.1639 2736.5469 1493.0764 499.4097 1703.7820 3510.5652 1058.4182 2101.1663 1719.8154 3819.3324 2484.6770 3278.5866 2713.6000 2774.0353 2277.5788 3971.3859 311.0145 707.6362 3143.3691 2625.6849 4052.0549 1366.5010
1803.8697 1451.4796 448.4128 2886.5239 1178.0717 2175.1253 366.8951 2059.7111 381.2834 2355.7627 1859.0245 395.4099 1542.6539 598.0209 1884.7103 3035.9513 1897.6103 2847.6013 2617.5754 530.0802 2163.8468 3105.3607 1291.0356 2813.0739 774.4966 3273.0208 503.8432 1408.7072 300.5012 625.1608 2344.6386 1672.9976 1571.7761 0.0000 675.7403 2625.8423 1220.2459 2787.0404 809.3732 1401.4682 896.1724 2159.2008 471.4319 1200.2841 1494.8244 311.2362 1699.5482 816.4686 2222.1472 1055.8811 694.7186 978.4610 2798.7301 1503.5974 168.6298 2476.4943 459.6194 1129.3153 2217.9155 986.0020 844.0006 843.5336 2026.6909 1322.9078 3033.4358 3081.7698 1439.2724 741.9784 1060.7474 3182.7146 838.6304 2213.2171 995.0799 2169.0966 2422.5978 1639.0058 911.5536 968.9221 2749.2270 2382.4007 793.3001 1424.0035 145.9623 2478.1872 643.6094 573.8885 554.5854 2989.4247 2164.6182 2396.3844 1465.1720 2068.3539 1397.9145 3110.4099 1585.3233 931.4274 2573.3202 1365.7661 2900.7401 865.5201
1576.1183 1893.0806 983.2462 2674.0757 1851.2250 1879.6109 508.9921 1934.2970 555.7140 1944.7265 1329.0798 312.1955 2186.9074 1192.5586 1326.2172 2688.4845 1339.1975 2432.7930 2351.3953 293.0154 1666.8491 2754.4408 808.2821 2363.6417 1023.0005 3085.2958 178.2162 1272.5302 937.8497 1299.5803 2318.3945 1174.0026 2225.6076 675.7403 0.0000 2131.0798 1890.7261 2320.2502 1462.4432 1733.2772 1400.3571 2101.2427 884.9842 1671.8831 962.0941 862.7450 1324.2360 1454.7859 1923.9077 1560.9696 791.2503 1653.8068 2477.0032 1834.7948 508.7170 2349.0000 493.0771 1096.6859 1687.4887 463.6000 973.9343 324.6075 1722.3975 1667.0675 2819.2432 2844.0478 1440.0903 1249.0208 1370.0000 2863.5539 1370.3503 1749.7145 1440.4933 1656.4857 2196.9426 2286.5015 527.7547 1644.6583 2380.3920 2332.2063 1068.3164 2011.1999 532.0150 2047.3566 1211.0557 141.0567 683.1237 2635.8515 2162.3970 2060.0235 999.9140 1875.1440 1240.7240 2733.4822 2201.8095 1606.5671 2390.8446 909.7967 2380.3164 1437.0282
1172.7105 2857.5691 3047.0002 1336.0135 3569.1233 876.6219 2265.8129 1410.0901 2265.5359 441.1916 804.4800 2265.1731 3672.7245 3222.9131 830.8315 876.6208 818.9121 478.9791 1007.9251 2113.0085 465.9667 910.5323 1344.6252 313.4023 2231.7027 1670.4912 2220.4166 1508.4721 2926.0596 3113.6040 1793.8032 962.7487 3753.2631 2625.8423 2131.0798 0.0000 3576.4407 227.7586 3133.2183 2525.5884 3492.7629 1634.5336 2988.2865 2809.3804 1169.0013 2910.0990 977.8057 3429.1143 858.3997 2824.6941 2076.9039 3472.3033 849.4669 2565.8061 2482.4641 1485.1613 2173.4088 1773.3237 461.8495 1681.5088 2067.2042 1832.3561 898.3474 2527.2612 1411.5669 1347.4142 1755.1083 2676.1293 2366.2504 1090.4825 3448.0013 423.7948 2645.0981 475.7857 1115.2919 3771.4088 1715.7581 3446.3491 627.7810 1725.1449 2270.2108 3324.4455 2498.8455 322.0248 2763.8243 2139.9897 2157.4487 821.5230 1814.5115 702.7560 1162.1553 1205.6003 1479.8301 813.0006 3569.3778 3385.9700 1315.7709 1261.3108 299.7082 3488.7982
2518.1950 1143.1242 1133.3817 3428.1803 69.2315 2914.2014 1453.6753 2590.0290 1427.8785 3220.1394 2899.6779 1589.2165 433.1755 954.5098 2953.0989 3761.2764 2965.1282 3679.4419 3264.8616 1688.0418 3146.3015 3830.7656 2348.4874 3693.6276 1346.7387 3741.2946 1714.1581 2111.6098 1025.2224 597.8177 2673.4865 2698.9444 407.7744 1220.2459 1890.7261 3576.4407 0.0000 3692.1747 454.4722 1381.2795 1147.7914 2571.7364 1304.2270 974.5984 2568.7234 1162.0275 2598.6966 720.0007 2958.6176 861.9658 1510.8521 325.6778 3506.3557 1432.8660 1383.2845 2940.5755 1526.8170 1818.7834 3235.3870 2114.9374 1510.4294 1995.2867 2797.0906 1320.6002 3563.5927 3643.0763 1960.0217 905.0370 1302.0004 3856.7489 1075.6026 3153.0192 1012.7902 3169.0914 3036.0797 496.3265 1980.4671 305.6305 3525.8345 2742.5924 1311.4820 646.3018 1359.9430 3357.3043 814.2561 1775.1361 1461.1177 3726.7493 2489.6209 3161.9643 2484.2119 2690.1688 2128.0660 3872.5870 602.7022 307.9237 3105.8392 2390.9699 3871.5982 962.9252
1224.8265 2917.2571 3215.8837 1189.6731 3688.5646 878.0091 2423.1983 1397.2430 2419.3563 478.4809 1004.9726 2437.0320 3765.0531 3385.0591 1042.7008 674.1113 1031.3026 276.8483 896.4201 2283.8242 657.1674 700.2578 1521.9346 96.0469 2345.5628 1493.8276 2400.3633 1595.1834 3086.0365 3251.0983 1739.5597 1146.3424 3848.8006 2787.0404 2320.2502 227.7586 3692.1747 0.0000 3255.3994 2581.9111 3664.2256 1603.4070 3164.9155 2888.2555 1360.4477 3077.8749 1104.5587 3581.3127 849.0960 2915.4240 2208.7906 3604.6132 692.4074 2613.7569 2649.2433 1406.7871 2330.2481 1876.0131 679.2297 1864.1701 2182.4676 2014.0191 938.0885 2590.4866 1248.3369 1173.3853 1817.5360 2787.8468 2451.7384 884.1731 3616.5410 575.8403 2737.0148 679.8309 1044.0929 3861.9873 1882.9859 3577.0899 471.8315 1664.6228 2380.9966 3405.7046 2664.5887 338.5410 2884.1999 2320.7520 2299.2331 622.2684 1783.4803 659.7575 1334.1563 1200.6540 1571.9851 594.0135 3651.0086 3515.0996 1218.6570 1431.8230 313.3832 3652.2772
2102.3142 961.1379 850.5651 3060.9889 437.3854 2499.1521 1005.7261 2212.8861 977.4917 2786.9512 2446.6518 1154.6125 733.4848 740.6484 2499.0398 3356.2504 2511.1053 3254.0882 2871.8162 1243.5570 2698.1924 3426.1891 1894.1183 3260.4947 913.5918 3395.8519 1284.3742 1689.8926 683.6329 261.2374 2349.3252 2246.2578 764.1970 809.3732 1462.4432 3133.2183 454.4722 3255.3994 0.0000 1104.6239 1037.6223 2222.8399 1009.5073 727.3960 2114.2954 831.7818 2156.5261 634.8496 2544.5308 573.8101 1060.6852 388.6245 3103.0026 1179.9136 962.6822 2585.8239 1075.7160 1391.2311 2784.5190 1663.0770 1074.2253 1546.5581 2375.2594 1031.1363 3200.6624 3273.3842 1567.7372 488.8609 932.8022 3463.1213 955.2633 2709.4451 669.7947 2719.4715 2647.6406 829.6728 1526.2388 351.7570 3109.2973 2411.3154 883.6289 680.9207 939.6702 2922.7372 371.5535 1340.1511 1006.8138 3319.0886 2162.0520 2744.5920 2031.3089 2294.8832 1702.4124 3460.9832 794.4841 283.6371 2736.8321 1937.5412 3426.8181 874.6485
1358.1064 336.5056 1730.9676 2087.3018 1413.0166 1720.1177 1258.7919 1288.8200 1208.5909 2107.2107 2052.7779 1473.7842 1274.7619 1727.4519 2144.2262 2498.6871 2152.8967 2500.4232 1979.8308 1440.4013 2179.0576 2565.2996 1647.9836 2558.4527 710.7208 2373.4869 1594.8094 1041.6741 1517.1051 1291.1750 1297.8525 1864.4002 1371.7059 1401.4682 1733.2772 2525.5884 1381.2795 2581.9111 1104.6239 0.0000 2065.8214 1219.7938 1832.9924 406.7395 1840.9446 1636.6615 1612.9554 1716.0851 1757.7762 535.7649 948.8988 1480.9838 2244.6552 103.5857 1443.4005 1589.3222 1245.9715 867.7845 2306.7735 1620.8976 780.4371 1594.0452 1643.8324 80.4487 2215.1898 2303.3945 770.7308 714.6587 364.3213 2560.7368 1984.7242 2130.5466 454.6702 2223.2114 1745.7563 1357.6292 1430.0996 1441.5162 2311.3286 1370.7633 667.4384 878.9340 1431.6850 2246.4784 864.4316 1594.9486 1050.9215 2473.4714 1117.6641 1965.3297 1686.1536 1434.1984 1080.5341 2629.5249 1114.8332 1375.1771 1772.8768 1626.6407 2823.4397 1931.3591
2697.5991 1984.4541 450.7871 3771.1119 1079.0820 3071.1765 1261.2997 2933.7834 1277.4357 3244.0427 2705.4643 1227.8249 1580.2139 343.6335 2715.5235 3931.9696 2728.5619 3737.0066 3511.0164 1380.6267 3027.3054 4001.3248 2148.2383 3695.1441 1594.4811 4149.7819 1279.6300 2296.8589 621.3421 793.8016 3180.2083 2531.0444 1551.5686 896.1724 1400.3571 3492.7629 1147.7914 3664.2256 1037.6223 2065.8214 0.0000 3011.2776 515.3960 1736.4323 2335.6209 590.0280 2589.2989 432.6500 3118.2099 1575.0714 1575.8582 826.1967 3694.8566 2155.8664 1017.2222 3344.7913 1353.0059 2008.1853 3066.7302 1817.0925 1701.4265 1666.3475 2922.8549 1986.2452 3917.5079 3969.8111 2295.3388 1354.1407 1794.0624 4078.5852 82.6801 3088.4859 1611.4245 3026.0874 3312.1873 1642.1708 1781.3211 854.4150 3643.8927 3226.6357 1596.1516 1688.3486 1003.5338 3363.2153 1202.1348 1360.7840 1443.2637 3885.2291 2994.9219 3292.2474 2331.8156 2955.8743 2288.8818 4005.0000 1728.9375 883.6979 3454.1630 2233.2850 3757.5974 185.0676
