0.0000 1699.5464 1845.7229 942.3274 2709.4062 1440.0014 1315.0285 1751.1122 1226.9283 1379.0232 1953.6474 542.6527 744.4528 1288.5046 511.1653 1371.3125 1957.1472 876.8124 1267.4652 956.0131 2104.9031 1759.0728 2015.9625 658.5993 2052.0351 1051.4927 462.1796 2477.9978 844.6183 1615.0050 1136.8663 806.9752 1648.9027 2229.0036 1738.8286 1491.3594 1043.1917 2487.1144 2392.4141 379.0330 1641.0387 1195.0067 2875.2303 1519.5700 1646.7972 576.6671 1203.0067 1728.6602 861.9756 2216.6364 1523.4963 1977.1318 32.3110 1545.3857 1114.0166 2651.0089 1512.5492 2503.4506 1782.8026 1058.6468 948.0527 2002.1913 1472.7614 961.2081 1023.5165 1443.4161 1040.0000 1690.9089 1598.8787 2350.7807 2454.8503 2217.7687 1863.4133 1561.8867 1637.8925 2456.4991 1238.2932 1254.1874 740.7624 1224.0543 1723.7729 1365.7119 2029.0727 1859.2270 215.8726 2526.1215 2317.2797 2507.6485 1830.7081 2142.0934 2315.8795 1361.8120 924.8762 2431.3356 2400.6241 2036.6544 1832.8822 2406.5349 1271.7692 1650.4584 966.2738 2344.2615 2165.6789 1810.5361 2817.9925 1011.3006 1428.0844 1381.8252 1438.9614 848.2694 128.7051 1386.5389 3009.2291 2355.5594 117.0470 1615.7367 129.6534 1289.6705 1440.2569 1240.3233 475.4640 1672.9375 490.0367 1186.6398 1549.4418 2219.9554 1323.4202 1039.7562 2067.4569 2315.3499 1846.7639 189.2564 3076.9311 1768.6472 1217.6830 924.3706 2837.0007 1129.2232 2382.8428 2046.8967 2603.0459 1625.3557 2091.3453 2225.2786 274.4467 2032.5691 538.2054 2584.5421 1038.2972 2195.4467 1336.7532 2683.1573 1459.0274 2117.3436 1613.0198 1686.1154 1340.4913 1183.7973 470.7122 788.2417 1392.3003 937.8241 886.6640 2021.1309 1936.6208 1921.3412 1340.5685 1977.0496 1784.4585 1818.1323 2564.5155 595.7693 2020.5061 450.0056 1385.4779 3111.6081 869.3889 2662.3788 1301.1111 1813.8539 1597.0535 2710.0046 1631.8137 909.9214 2030.7476 1242.2661 1376.0821 1558.3379 1772.4630 1073.6037 369.2425 1210.9917 993.8390 1620.1694 2946.0368 2608.0127 1620.7190 451.5064 1162.8869 2616.1151
1699.5464 0.0000 1118.2133 1352.7354 1157.3556 552.2409 2851.3986 972.2757 2573.6793 1824.2218 2632.0524 1580.8257 1022.0959 1561.1182 1234.6028 2436.5779 1266.9400 1973.0327 1871.1670 1195.7646 617.4504 853.9936 349.4810 2191.6033 1348.8165 2499.3345 1244.4340 1145.9655 2041.4235 331.3080 767.3233 2332.3261 1803.4395 1449.6707 76.2955 1685.6824 2233.0358 1090.5577 1052.9050 1477.5385 713.7408 1111.3294 1299.1401 2432.8948 1892.5234 1903.0242 782.0927 2417.8478 1872.6324 628.0072 2577.4532 2658.8719 1714.8207 499.3846 1051.6924 1195.8871 1661.6368 1508.4127 988.7108 1107.6809 2336.0809 585.8498 2466.2863 1171.0478 708.4547 2254.1500 893.6632 208.6552 1335.1498 679.2231 1019.1526 777.5680 1124.9822 1649.0494 715.3587 772.8143 503.7460 2638.7512 1107.7116 476.1607 1919.6158 2751.4740 630.1254 2564.8308 1484.6457 922.6440 2739.2074 1292.0112 667.2046 1376.1141 616.3700 1873.5853 1640.5030 733.8781 717.8649 2505.5325 2024.9684 1314.1522 1783.4139 1762.1297 1277.3680 733.2394 1222.6042 2242.3811 1245.4477 1673.9549 683.6966 1391.8423 633.4477 1982.2394 1737.2683 899.3887 1325.8635 1265.4841 1809.6569 2527.7122 1820.3824 2437.6727 2043.0766 877.1271 1942.0834 2597.5823 1239.7298 2455.0560 162.8251 2591.5378 1023.3831 869.8419 1011.5196 913.0329 1578.7074 1536.4088 1402.5937 846.3457 1169.5375 2352.9541 1241.8700 2457.1172 829.2177 576.2118 1608.8835 1425.9779 1300.7663 545.9130 1454.5188 1111.3348 1378.5518 1328.3192 1718.8231 495.9516 416.3952 1210.0649 2274.1163 679.7426 871.4499 1779.0349 677.3574 581.2487 2046.3470 1126.5598 307.3532 1070.3569 1555.2251 503.8293 2384.2605 2452.7132 741.9663 341.1466 217.1129 2634.1118 1532.5671 1932.4422 323.8904 1972.5965 1820.1222 1426.5514 943.5428 1176.0072 2285.2790 1630.8243 111.3643 1010.4638 861.1214 2120.4351 470.3807 1029.3653 488.2131 2491.1718 1391.7848 1920.9875 1330.9493 1466.1463 887.4785 2634.5036 1247.4698 1108.8895 1918.3264 1250.2304 2651.1069 1503.8404
1845.7229 1118.2133 0.0000 975.9805 2130.1045 1544.6958 2533.5471 2042.9990 2141.0619 1075.2135 1769.9664 1413.4840 1545.4828 863.4958 1626.2598 1842.2055 2349.1862 1569.4117 1199.5520 1918.9601 806.1811 1938.2394 1073.1682 2012.4080 2439.1238 2165.1443 1453.4776 2233.9620 1672.3448 792.8796 1575.4498 2107.1127 886.2398 2555.4937 1061.8117 849.4563 1783.8621 2162.2962 2145.1830 1477.6011 414.3972 1962.7756 2229.6444 1744.6220 992.4616 1688.2399 1640.8370 1604.5414 1466.5828 1655.5603 1940.9039 1793.8810 1841.0880 1545.3291 1865.3112 2231.6938 809.3763 2626.4550 130.1384 790.2126 1996.1185 1695.8328 1818.6074 1897.6459 1347.2390 1555.2251 1651.3767 910.6185 415.3264 1220.6986 2081.8994 1863.5023 17.7200 763.4664 1780.7821 1326.6428 960.1338 2221.5996 1674.5686 1148.5574 982.9476 2312.9211 1739.8865 1729.0651 1690.2692 1878.2601 1747.9205 2396.8688 483.3891 2477.2785 1383.1489 1141.9917 1195.9787 1499.6886 1570.6639 1565.0847 1055.9593 2430.7754 1100.0964 837.2646 920.5759 1074.0563 2336.6198 1336.4198 2186.6589 1166.3036 1669.5610 642.5481 1625.7272 1599.0059 1802.5410 1855.1003 2041.9415 2382.8044 1912.0599 1815.4410 1916.6432 1897.4122 1293.4160 1762.0911 1803.7087 1877.3228 1604.3394 1993.4816 1159.2761 1598.1568 1941.3243 855.2579 2127.6703 1998.3243 520.0385 1658.3549 2140.6882 1933.3810 2026.1898 2040.0221 2157.6103 2038.4828 1848.4645 778.7586 2726.4000 483.0424 2401.5949 1184.5438 1729.7798 2219.3066 1317.3010 2424.1537 1190.7981 1300.8432 1288.0373 2234.3357 1571.6005 745.5260 1914.8018 836.6373 1616.0755 931.7752 1950.7888 1737.7647 1108.4264 1779.4564 1152.0877 837.0311 1455.6006 1550.7563 597.3684 1396.5364 938.3310 1844.3194 2649.3631 1709.3589 1178.6950 1861.8018 1066.4868 2119.0059 1565.0431 2195.8069 1683.5371 596.0411 1145.0157 1642.3946 1911.2752 1727.2226 1548.6139 1909.4654 1431.5673 1800.0472 346.0549 1381.2125 1551.1728 838.6716 902.0937 1960.5877 1867.0972 2128.1327 1037.8964 1535.8141 2320.3416 2615.4114
942.3274 1352.7354 975.9805 0.0000 2508.4906 1433.7786 1607.4032 1918.8124 1262.1284 579.6154 1362.8254 444.6403 994.9759 383.5896 933.6943 1083.9949 2206.5670 654.1720 560.1366 1407.2136 1486.9385 1862.6245 1552.0541 1039.9558 2307.9456 1237.2372 689.2554 2432.3363 743.3418 1102.6749 1263.8639 1143.8225 757.5256 2467.1575 1349.9667 592.7040 905.4027 2399.9027 2337.4525 564.6849 921.8313 1563.0259 2651.8673 1090.0000 787.9048 714.5488 1350.5925 1130.7630 547.7271 1977.8943 1225.1702 1389.9457 929.2153 1500.9464 1454.0014 2528.0002 602.8864 2653.6051 950.2684 257.6238 1065.8091 1869.6762 1115.7173 1394.8627 1011.7930 921.0955 1260.3924 1230.6502 665.0248 1842.5496 2339.6233 2087.9811 993.3076 642.2344 1699.6767 1958.8121 871.1125 1335.6186 1105.9593 1008.2629 854.9082 1441.4000 1909.8369 1281.5803 846.7184 2275.3006 1597.2001 2534.5457 1135.0441 2377.6259 1900.1645 602.1005 290.3946 2028.4871 2045.4410 1323.0163 974.0021 2496.8230 497.0010 746.5454 77.1622 1768.6450 2313.6677 1058.0170 2598.1465 323.0015 1505.8951 439.5020 1484.6902 673.8561 869.8046 1599.3739 2630.9863 2443.1817 982.8331 1188.3855 984.7096 1090.5049 754.3852 1455.0962 827.8508 1258.5567 898.8932 1129.1700 1267.1279 1469.0953 1618.9385 488.0041 2144.5477 2215.9860 904.4391 772.9069 2717.9441 1865.3096 1616.4099 1100.3509 2593.9507 1148.6871 2176.7023 1433.6000 2760.2074 684.1871 2308.5831 1745.4999 921.1688 2175.6562 413.0521 2591.2941 369.1097 1783.6269 1195.2347 2547.3300 941.3193 1468.3954 1765.2218 780.8534 1417.8385 790.1829 975.6090 1183.7179 1114.8296 1296.9214 211.2061 1441.9449 1203.7446 1234.7004 669.9470 1692.7611 1317.5663 1320.2439 2698.7955 737.0550 1608.0958 886.6160 580.8270 2725.8833 1089.8009 2515.8398 932.7899 873.5771 1293.5351 2263.1664 1773.8650 812.9059 1807.7270 1553.7233 1318.9105 1147.4668 838.9184 568.2834 757.0291 284.5417 482.1048 1285.2058 2508.2125 2450.3724 780.4774 795.9730 1394.8466 2708.9269
2709.4062 1157.3556 2130.1045 2508.4906 0.0000 1273.0318 3953.0608 1166.1389 3707.4596 2974.3021 3776.6933 2701.1394 1966.8472 2710.9574 2201.1860 3591.3184 1237.0485 3115.9721 3027.1587 1918.1358 1350.2403 1077.9652 1059.4569 3279.1092 1236.4667 3615.0122 2293.7777 448.6569 3177.5050 1448.8827 1585.0530 3426.3311 2924.6350 1183.6254 1170.1543 2820.8433 3376.1305 351.1410 460.8959 2565.4504 1787.5374 1710.2880 170.0735 3590.2191 3019.9439 3014.7406 1534.3158 3567.6799 3018.4102 530.6534 3733.6525 3803.2260 2731.4923 1165.6282 1726.2772 218.9292 2793.1611 967.1427 2014.2604 2265.0238 3457.9072 707.4942 3623.1975 1898.4691 1694.6563 3410.9858 1700.5558 1309.9592 2435.8853 974.1047 315.5693 499.2675 2130.5082 2773.3337 1127.1637 910.0429 1644.4476 3768.3843 1996.5533 1551.5080 3038.2029 3882.9495 683.0593 3712.9434 2497.1354 251.9206 3848.8088 629.0032 1649.0149 1179.6483 761.1623 3025.9296 2794.6137 667.5874 569.3031 3631.2980 3135.4146 799.0720 2938.0383 2880.2717 2433.6649 1157.6977 971.2060 3374.2473 114.5600 2830.4849 1311.0763 2529.6721 1287.9037 3122.1571 2776.2242 1438.1891 577.0702 796.5538 2825.9657 3684.8263 2838.1656 3588.1683 3195.8339 1542.0117 3031.9960 3754.6411 2219.7356 3595.7336 1248.1282 3699.1442 1560.9693 2022.5669 862.3155 438.9590 2640.4024 2576.4798 564.2384 1063.6564 1736.6687 3468.3461 163.2942 3590.8708 335.4907 1363.0099 1008.0724 2526.3501 1141.9006 961.3433 2439.1148 998.7437 2491.8774 576.0278 2875.6052 829.8434 1394.2543 183.3930 3430.9096 1424.6719 1228.2903 2892.7656 1387.4340 1725.0814 3116.5776 1975.4718 1409.3779 1852.1209 2708.3421 1296.4027 3512.0937 3587.9312 1889.9212 816.2971 1241.7319 3787.6844 932.9276 3044.5566 961.5576 3052.4628 2969.6742 649.8500 1847.2988 153.8343 3441.2771 2706.2335 1216.9117 718.1288 1204.9506 3258.0775 706.8027 1623.8033 1334.1664 3648.5100 2454.5209 3076.6763 2361.3102 2619.3054 2036.0575 3791.6668 722.3330 144.9000 3050.6091 2266.6142 3761.6167 824.6696
1440.0014 552.2409 1544.6958 1433.7786 1273.0318 0.0000 2712.1121 513.0789 2509.1283 1989.4183 2792.9357 1504.4800 695.6623 1741.3213 929.7537 2464.2309 819.7030 1951.1853 1993.0479 704.1598 1169.2805 433.8491 880.0347 2034.4545 916.1768 2391.4048 1046.8706 1054.9829 1994.2257 783.9930 314.2308 2184.5990 2054.3544 1057.0416 628.0740 1910.1793 2205.0580 1052.4875 964.7513 1336.2462 1132.7577 572.1547 1440.7890 2509.5914 2125.9419 1797.0523 279.7088 2563.0813 1865.3284 810.0599 2616.8961 2820.1294 1463.2840 109.0183 531.7415 1212.4372 1896.8292 1220.0152 1416.7205 1243.6032 2244.4189 566.2950 2519.2908 680.6945 455.4844 2350.3842 437.3786 719.9785 1650.7105 1178.6136 1015.8277 778.1221 1555.5170 1901.5788 267.8656 1249.8576 632.2231 2561.9231 725.2758 446.4314 2170.3652 2678.0442 590.3389 2713.8963 1230.4654 1107.9070 2979.8277 1121.2159 1159.7414 970.7564 1041.1503 2024.3419 1689.0660 1125.3750 1056.0038 2721.0963 2286.2732 1065.8902 1922.4060 2021.1455 1371.0015 1267.2687 882.2998 2451.7873 1383.6076 1746.6405 133.4054 1627.3859 84.1546 1949.2011 1513.7823 347.4277 1635.3104 1012.1344 1556.9406 2610.5894 1569.3495 2437.6206 2184.5311 341.5406 1792.8999 2680.2933 950.0337 2413.9300 422.3955 2839.2467 472.0858 973.9327 711.9227 876.9065 1927.9588 1317.4954 1688.4896 434.7747 626.4599 2246.4784 1407.6111 2394.3519 954.0901 1126.3721 1326.6213 1735.4610 897.2898 1046.0674 1167.8549 745.9524 1294.0869 1187.5159 1793.7126 940.6732 266.3175 1243.6997 2370.5495 1229.5316 372.7264 2045.4782 139.1294 697.4840 1863.3996 710.9944 436.4310 605.3577 1600.5577 1055.6524 2598.7197 2647.0852 1018.0648 638.0729 762.5693 2753.0465 1265.1387 1826.6530 814.2487 1805.8607 1988.0626 1737.6527 574.3144 1222.4324 2329.0569 1961.4000 460.4867 1412.6362 372.2633 2076.2314 632.8507 485.4163 121.2023 2565.2456 1751.7206 1972.4627 1103.0177 1633.5878 963.5019 2690.0151 1619.9719 1168.1618 2139.0283 1005.4303 2530.6066 1279.5288
1315.0285 2851.3986 2533.5471 1607.4032 3953.0608 2712.1121 0.0000 3062.6658 438.6217 1545.7247 1495.0030 1272.7749 2031.8135 1684.4916 1809.0467 860.4662 3271.8828 966.0331 1390.7178 2269.0141 3088.9987 3063.3774 3111.9263 677.6939 3366.2377 370.7411 1665.9802 3765.3628 867.1655 2666.0107 2426.4503 527.7736 1856.4752 3543.3251 2869.9388 1779.2833 759.6848 3764.1129 3676.3505 1387.6318 2528.9595 2509.4591 4112.5789 1073.5255 1780.6170 948.7829 2499.8250 1387.3464 1071.1909 3436.0135 893.0358 1503.2797 1285.5940 2811.2526 2428.9168 3920.1148 1820.4354 3817.8692 2535.3944 1857.3737 542.1218 3255.8578 964.5776 2275.2250 2265.3057 1182.8990 2342.3381 2778.3695 2142.7060 3423.8659 3723.3493 3477.3901 2549.3891 1882.1397 2932.5934 3538.6144 2348.7584 359.7694 2049.1796 2406.6535 1849.2888 340.6479 3287.7476 1422.1030 1500.4763 3746.7856 1951.0502 3809.7177 2742.1233 3456.7499 3448.4724 1482.7137 1344.3630 3573.7483 3568.9875 1745.2991 1896.3452 3716.2446 1477.7351 1891.1914 1680.4443 3366.2065 3478.7764 1674.9701 4055.9470 1367.3131 2719.7994 1896.2260 2724.0694 939.3876 1214.4501 2697.4629 4174.3177 3664.6113 1204.0598 1097.9185 1191.0508 746.8400 1404.0228 2548.5388 921.5606 1100.0455 1781.0705 584.5768 2725.4508 1937.7084 2638.3042 2014.8273 3372.3822 3586.1418 2250.8187 1399.8578 4253.4839 3072.1011 2530.0285 508.6934 4065.8462 512.0166 3618.9214 3034.2778 3917.8489 2109.6751 3406.3683 3315.6974 1583.1023 3344.4911 1472.8954 3883.9261 1343.5137 3327.7214 2558.8664 3948.7817 1179.9631 3074.1275 2921.2718 1918.5466 2628.8227 2274.0915 854.2424 2101.4321 2560.7390 2251.8033 1402.9287 3035.7948 1715.6690 1628.0848 2263.7968 3169.8468 2871.4219 1283.2245 3878.4120 919.5896 3147.9519 906.3537 1556.0157 4273.5846 2161.5895 3924.3095 968.7652 2176.3901 2765.5509 3829.8466 2939.1543 806.8166 3251.7817 2557.1556 2630.0361 1057.6034 2290.0491 1165.0000 1611.3224 1695.2100 1985.0038 970.2273 4074.5313 3865.4876 1728.1533 1710.2590 213.6212 3927.3210
1751.1122 972.2757 2042.9990 1918.8124 1166.1389 513.0789 3062.6658 0.0000 2909.7294 2485.5754 3281.6368 1928.9920 1044.7660 2242.9111 1255.6321 2910.4405 307.6573 2385.9409 2478.6791 829.0724 1566.4281 127.7693 1229.9679 2391.3396 403.1005 2769.3821 1436.3732 797.6020 2415.8696 1261.4060 671.7001 2542.8514 2563.8335 549.6517 1045.6658 2417.2267 2630.9050 847.3134 734.0879 1735.8180 1628.7572 591.3383 1331.9884 2974.3956 2633.0380 2194.0686 586.9046 3049.1894 2308.7053 888.6827 3065.8840 3308.7581 1779.2836 497.6796 645.7778 1024.2431 2405.2694 762.2709 1913.6397 1744.8006 2635.7060 609.5408 2975.0455 815.5520 908.8652 2823.8300 727.2482 1171.2169 2163.6647 1457.5733 854.0585 707.6751 2052.8159 2411.7985 262.6062 1495.0164 1145.2057 2954.5693 1013.5704 957.4868 2679.4001 3070.4236 595.4242 3199.9177 1563.0179 1098.5663 3484.8548 773.6310 1629.3465 461.2353 1260.4063 2516.8890 2158.0904 1299.5188 1194.7192 3222.6301 2796.0624 656.2103 2413.3265 2531.5310 1860.7485 1590.8237 418.0108 2953.4355 1279.6953 2222.1325 415.0145 2137.3079 443.9279 2378.8579 1848.2903 365.2342 1664.2506 606.2227 1865.6779 3076.4585 1878.6825 2872.0696 2673.0855 516.0620 2164.2366 3145.3524 1285.7193 2828.8917 888.5989 3345.7633 442.7697 1476.7007 337.8816 728.0831 2439.9477 1669.0788 1688.9692 140.1749 599.9683 2629.0008 1325.8918 2798.2961 931.2239 1533.9896 866.2528 2248.5340 390.2166 1340.1108 1479.8936 281.8599 1725.2829 856.7520 2268.9392 1196.0502 779.3106 1065.6777 2843.8187 1636.5873 154.0292 2556.4274 501.0160 1209.1294 2209.1827 962.9398 941.8928 814.4741 2070.7450 1456.0124 3100.5861 3144.6987 1530.6815 881.8033 1188.3274 3229.7624 819.0153 2222.6743 1133.3759 2165.2189 2484.8165 1758.9648 915.3125 1060.3117 2783.9174 2474.2716 911.7774 1559.0385 145.3616 2497.2018 783.2816 520.8349 634.0032 3028.4328 2262.4599 2436.3803 1467.0985 2134.1202 1461.9528 3144.6241 1714.9137 1028.9276 2644.2451 1368.2471 2897.4817 865.0225
1226.9283 2573.6793 2141.0619 1262.1284 3707.4596 2509.1283 438.6217 2909.7294 0.0000 1120.1652 1089.6903 1009.3587 1864.9839 1280.6034 1663.8837 426.8220 3147.3103 608.8949 968.5355 2165.5895 2747.2696 2893.0002 2805.5859 585.9181 3245.7358 220.5176 1475.0664 3561.6361 532.3016 2355.5424 2248.0036 465.0269 1424.9944 3420.7441 2582.9491 1357.0004 360.8795 3548.9380 3469.5712 1177.1087 2177.1819 2395.2824 3860.8445 644.8969 1345.9606 716.0698 2328.1933 959.6942 714.6587 3180.9901 487.1653 1101.3560 1194.7238 2600.6307 2303.1005 3695.6381 1398.8252 3671.9374 2154.4173 1519.1846 279.6587 3026.9795 538.0455 2167.1128 2053.8824 744.5247 2182.6243 2477.1056 1739.4971 3103.4834 3500.4424 3249.9042 2156.1864 1459.8044 2749.2532 3219.5585 2071.2665 82.6620 1908.6985 2157.2932 1413.2586 179.4269 3062.2921 1009.6693 1368.8492 3488.2083 1543.9016 3626.8468 2389.6228 3331.7030 3150.1868 1055.3942 979.7780 3277.6504 3284.6834 1322.2965 1458.0919 3551.0000 1060.2877 1461.4192 1338.5193 3030.2615 3327.5015 1238.2439 3805.2050 985.5608 2536.7097 1498.8295 2533.3892 594.0522 1104.7425 2547.7804 3880.9830 3498.0116 1135.8930 682.8206 1124.1072 309.3429 967.8001 2394.7520 759.6137 697.6023 1630.7805 151.0132 2462.2220 1518.0161 2509.0114 1711.2861 3199.3026 3366.9859 1827.6767 1252.8835 3964.9066 2900.0338 2425.8757 306.0523 3808.8366 116.6619 3371.9841 2694.6401 3775.3544 1699.3199 3274.6890 3003.3358 1464.5955 3189.6959 1220.4671 3695.7945 954.7659 3031.3682 2324.8849 3720.8496 742.0040 2725.2899 2761.1592 1487.5819 2443.8122 1992.6026 767.7506 1971.7535 2299.1131 2121.9918 1051.1898 2704.0727 1284.8708 1202.3049 1931.5406 2904.5027 2567.4487 883.7307 3728.3022 687.2103 2853.0580 776.9891 1130.3982 3977.7964 1994.4869 3693.4020 530.3631 1750.8321 2497.6543 3520.8752 2776.7148 454.3567 3000.8054 2429.1332 2414.6091 636.4527 1878.8294 759.9592 1444.1195 1304.9521 1688.3403 578.4410 3766.1686 3631.4792 1292.9737 1542.2454 268.3151 3765.0340
1379.0232 1824.2218 1075.2135 579.6154 2974.3021 1989.4183 1545.7247 2485.5754 1120.1652 0.0000 811.3723 838.1199 1572.1950 263.3724 1491.5177 774.0291 2778.1116 663.1327 157.8892 1981.6367 1796.7092 2422.2469 1952.8466 1190.0126 2879.1612 1199.3106 1241.6139 2948.4752 767.0704 1527.0396 1839.3156 1228.3387 321.8462 3035.1119 1804.6628 239.0397 790.6757 2905.5308 2853.5287 1040.8617 1233.3568 2142.4108 3105.0195 671.2570 278.8691 925.4285 1925.6921 593.7078 597.0536 2449.9053 865.7944 838.4659 1356.7406 2047.2836 2033.4468 3019.5293 281.4427 3207.3743 1120.6159 747.5667 1048.1474 2380.0893 743.4978 1970.2467 1584.1177 481.0873 1839.6633 1665.2525 659.8939 2195.5776 2838.7788 2590.9074 1087.9090 340.9179 2257.1444 2310.4461 1388.5737 1202.8204 1679.5476 1550.1703 358.1759 1278.8620 2422.3082 740.8603 1346.6262 2730.4045 1017.9165 3066.1363 1427.5899 2946.1434 2300.6393 67.6240 454.9648 2428.0086 2466.8630 743.5873 457.1849 3042.2316 107.5174 349.5025 627.8662 2083.3351 2871.7138 478.7003 3054.2241 367.9620 2070.8399 463.8103 2046.1508 702.5895 1273.2235 2174.8556 3016.2826 2988.9826 1379.2842 748.2045 1376.4044 843.8276 227.2994 2032.4303 1075.1172 813.6000 1455.1471 969.1651 1768.6404 892.3906 2197.8972 1017.0595 2694.0046 2723.4346 707.6072 1247.3576 3109.8569 2423.8816 2195.3863 1105.1344 3041.1580 1033.8046 2651.9595 1752.6303 3313.8553 600.7678 2875.7903 2122.1847 1435.8865 2735.1069 926.6078 3117.1014 342.1871 2193.4833 1738.6259 3034.2768 498.1767 1755.9217 2332.8888 380.1079 1985.1791 1311.1342 1218.2877 1757.3713 1631.3960 1874.7525 507.8287 1784.2211 624.1354 659.2367 1084.5520 2163.1500 1739.2588 816.2414 3249.2868 930.7760 2030.2419 1140.9619 10.2956 3104.0635 1669.2621 3000.1740 619.2713 631.0127 1785.8357 2627.3409 2340.2361 787.2446 2293.3332 2133.2065 1871.1368 727.7761 773.9832 406.5464 1292.3486 361.3004 1025.9673 887.4165 2866.5366 2932.9325 243.9939 1348.4321 1341.3639 3251.5376
1953.6474 2632.0524 1769.9664 1362.8254 3776.6933 2792.9357 1495.0030 3281.6368 1089.6903 811.3723 0.0000 1472.9189 2321.9862 1072.3852 2201.2960 684.0848 3568.2821 1078.4888 803.3343 2715.3550 2550.6519 3223.9239 2741.0467 1504.9003 3669.7665 1283.5860 1954.7982 3759.7602 1129.0040 2327.8155 2623.7807 1456.6966 884.9599 3829.8727 2609.4906 960.0130 980.3005 3716.0861 3664.8286 1696.9915 2009.5039 2898.9572 3903.0610 471.3141 779.9391 1389.0360 2710.6879 235.9831 1096.1259 3255.4897 604.7520 27.2029 1924.6116 2854.5166 2791.6692 3827.9271 991.5831 4012.6636 1847.1083 1556.5401 1218.5705 3191.2944 562.9103 2707.3332 2374.1542 510.5801 2610.4777 2466.7989 1378.7404 2960.4061 3648.6123 3401.4221 1778.3433 1021.9706 3059.9768 3072.6214 2199.3863 1152.1753 2415.8735 2357.7254 788.2417 1155.1403 3233.5828 94.6414 1991.5253 3530.4918 456.1327 3877.0340 2187.6933 3740.2687 3084.4727 769.9104 1144.2945 3210.0992 3257.1291 297.4777 734.8041 3850.5605 870.6004 933.6386 1422.3674 2831.7521 3674.5858 436.2029 3853.4037 1069.6471 2868.4771 1247.5917 2846.3795 1109.9428 1828.5024 2958.5537 3786.3537 3797.1687 1912.1030 408.5205 1904.7026 806.3672 608.7380 2811.5995 1523.5446 395.2139 2163.8600 986.1643 2579.8085 459.2254 2969.3119 1824.8356 3500.8045 3534.2735 1280.4128 1875.6897 3882.3999 3226.2023 2947.3951 1279.9191 3837.4107 1082.2038 3457.6874 2512.1863 4119.2458 1295.8445 3671.3857 2898.6964 2090.6901 3537.0532 1628.3258 3928.3956 1024.4281 2982.0241 2546.2139 3841.7596 494.6362 2500.4740 3128.0385 933.3836 2780.6533 2121.4641 1624.1786 2492.4159 2442.5777 2622.8999 1226.2647 2553.0186 348.1063 234.6103 1890.4375 2969.3940 2536.7022 213.0376 4056.0032 1376.8199 2824.6318 1578.2069 814.4722 3869.7815 2430.9860 3807.1634 676.4909 1194.1893 2596.3825 3391.0377 3136.6686 1084.4930 3101.9765 2899.9436 2676.0217 460.1924 1427.2018 899.8739 1981.4000 1172.6658 1830.6332 525.3085 3624.3014 3739.6599 739.3213 2056.2724 1357.2281 4060.7039
542.6527 1580.8257 1413.4840 444.6403 2701.1394 1504.4800 1272.7749 1928.9920 1009.3587 838.1199 1472.9189 0.0000 896.8801 752.9276 738.4484 987.4867 2186.6095 458.4234 734.9912 1259.3669 1839.9057 1900.9274 1840.4274 636.9655 2287.3023 918.6561 504.7316 2554.0801 490.0653 1397.0272 1258.6139 764.1970 1107.4186 2458.1971 1597.5309 951.7589 703.0768 2539.8665 2461.5834 224.2008 1303.3158 1463.7230 2856.4903 1082.7488 1104.1925 324.7230 1342.2597 1239.6491 393.2862 2177.0367 1144.4147 1498.1756 522.2452 1593.4632 1361.4716 2686.3149 974.9220 2689.2268 1376.5395 639.6132 757.4510 2017.6744 1063.8844 1254.3448 1049.1377 967.6456 1209.8297 1506.3681 1107.5130 2156.5199 2491.0837 2240.6004 1431.0196 1026.6382 1751.3206 2270.3700 1077.3087 1067.7013 969.1465 1149.7204 1181.1202 1182.7920 2052.9335 1380.6089 523.2791 2486.0382 1802.7593 2625.0488 1512.4298 2368.0988 2175.7229 824.6236 383.1919 2300.9835 2297.6066 1520.5726 1290.5305 2557.4616 731.3173 1110.6183 493.0649 2109.3245 2343.7852 1282.3124 2800.4732 470.1883 1540.6898 872.1038 1533.5482 449.8678 446.2118 1575.2060 2901.8456 2504.0296 557.6845 1184.6692 557.3383 943.1659 917.9913 1421.8558 400.6320 1249.8224 701.2674 909.4625 1460.4472 1696.6773 1556.7212 747.3854 2203.5993 2357.7347 1332.0019 414.3066 2981.6943 1906.9276 1505.3850 772.1664 2806.3701 893.3695 2365.6957 1783.5095 2794.2598 1119.7861 2306.1693 2045.4645 620.1331 2204.7959 211.2558 2691.9900 500.1210 2054.9477 1315.5474 2711.6904 985.7003 1833.6935 1777.0777 1146.3110 1447.6771 1001.7465 541.1783 1042.1905 1296.1867 1183.6427 345.7528 1777.6237 1414.4299 1410.6254 1017.0408 1904.6430 1599.8012 1367.1083 2742.5368 353.4756 1875.1771 452.9249 844.2612 3000.9367 1020.7884 2684.4711 875.0280 1291.0097 1498.3845 2558.0839 1790.8322 572.0428 1995.2283 1480.5800 1406.9236 1131.2422 1280.8454 573.0942 512.8002 685.0117 714.6608 1229.2831 2802.4905 2622.8629 1078.7261 596.3908 1070.4139 2772.0350
744.4528 1022.0959 1545.4828 994.9759 1966.8472 695.6623 2031.8135 1044.7660 1864.9839 1572.1950 2321.9862 896.8801 0.0000 1369.1698 234.3416 1884.3291 1291.0325 1355.1273 1527.9274 415.6164 1532.8095 1033.6677 1363.7408 1355.5460 1391.3454 1727.1424 394.6239 1737.6309 1376.9713 1036.3942 395.3796 1506.9323 1734.0548 1563.4593 1075.8927 1571.4786 1592.8079 1743.6892 1650.6620 693.5416 1211.0004 577.0416 2133.5475 1969.2996 1777.1958 1149.5151 468.3599 2086.0422 1286.4245 1483.2872 2041.1793 2348.4957 768.1575 801.6165 470.4689 1906.7234 1572.9873 1806.9535 1442.2763 916.1010 1591.1386 1259.3538 1958.0889 401.3839 313.6431 1835.5119 317.6948 1069.7201 1466.9986 1699.0468 1710.4689 1473.6743 1561.3472 1599.2611 900.9917 1794.8889 662.8725 1910.0848 129.5415 561.7090 1839.5067 2026.0299 1285.3303 2234.0692 536.9628 1790.1285 2589.8349 1778.0914 1348.1461 1473.5841 1626.7071 1587.8092 1177.7139 1733.4650 1689.0145 2312.9395 1959.6666 1690.1893 1482.2311 1714.4588 959.6588 1728.3009 1462.6322 2050.7845 2076.3054 1253.6606 688.6545 1340.6166 696.1609 1344.5851 822.6937 683.5934 2291.4995 1637.7576 861.4465 2071.8062 873.9108 1837.4330 1725.3968 530.1773 1122.3119 2138.8001 254.8921 1786.1523 861.2781 2463.6794 660.0826 712.4360 1342.3099 1571.0458 1755.7770 631.9620 2353.7886 1041.8104 626.0240 1585.5564 2097.3386 1753.7745 1642.8664 1477.0579 1910.4643 1530.5976 1413.5080 1566.9158 472.3696 1325.1223 704.7163 1852.1274 1298.0867 1510.0967 621.5955 1938.7266 1854.8296 1565.5319 897.0201 1746.0312 598.8330 648.8528 1178.3412 199.9125 724.4101 302.8003 1096.4785 1431.7388 2195.3610 2218.4720 950.0747 1260.2163 1155.1909 2242.0876 1863.5434 1178.0225 1345.0372 1127.4773 1574.0854 2394.3060 130.3112 1917.9460 1767.8518 1758.3185 912.2116 2019.0713 913.2897 1457.5682 1298.5661 584.9829 637.5014 2020.4091 1617.1571 1438.4871 423.6248 1261.5090 671.7753 2124.9840 2246.4837 1863.8079 1773.6065 324.3023 1858.9309 1903.2877
1288.5046 1561.1182 863.4958 383.5896 2710.9574 1741.3213 1684.4916 2242.9111 1280.6034 263.3724 1072.3852 752.9276 1369.1698 0.0000 1317.1947 985.0858 2539.2387 736.0462 345.0797 1783.7772 1547.1125 2175.0322 1692.0641 1232.9740 2639.7765 1321.4072 1072.6313 2687.8335 843.0990 1264.0036 1608.0799 1300.7586 374.3421 2792.4679 1541.2907 209.7737 927.2869 2643.7038 2592.9529 921.9078 978.4580 1928.6734 2842.0016 914.2806 408.0306 929.8909 1693.5457 857.0333 642.9075 2186.5720 1095.5387 1099.3680 1270.9839 1795.1114 1819.4529 2756.6364 224.9022 2956.0611 890.7059 498.2058 1157.1067 2119.2381 974.3439 1770.4138 1350.0319 725.0007 1618.5982 1402.0802 459.2004 1941.0023 2576.4367 2329.0414 878.0279 273.7919 2009.1670 2056.4299 1131.7182 1361.8994 1484.0232 1298.5688 472.1282 1450.6209 2161.6707 1003.7196 1217.7294 2467.2207 1243.5405 2808.0856 1177.8285 2704.1021 2040.5769 317.2381 404.1089 2168.2548 2205.2447 979.9923 591.7981 2787.9243 245.3263 366.5638 409.5180 1834.4509 2622.8521 710.6905 2791.0948 341.2521 1827.9215 222.8116 1801.0225 770.7172 1198.9316 1942.4690 2759.0216 2734.8667 1310.6121 998.3171 1310.1824 1034.6178 486.9250 1804.0316 1070.4251 1065.7073 1282.4679 1131.8383 1507.7593 1108.0262 1974.0023 767.4406 2441.5966 2461.9149 603.3283 1133.2052 2851.8866 2176.0903 1984.1502 1206.9321 2778.3644 1181.2286 2388.6415 1501.2242 3062.3788 427.6038 2632.7683 1864.2846 1297.5149 2487.2043 783.0971 2857.8583 350.1785 1932.4042 1486.5480 2771.1819 743.6162 1510.0159 2091.3022 401.6976 1744.3787 1055.5776 1220.6793 1561.5163 1373.1249 1668.8733 409.3959 1529.4973 857.7785 907.7114 821.1796 1899.8518 1476.6557 1078.4456 2996.5807 943.2290 1768.0444 1135.4968 259.0232 2847.8583 1456.4124 2736.9985 825.2188 549.0082 1523.9974 2372.2902 2097.6034 886.1586 2030.4729 1912.8432 1621.9032 972.2474 607.7047 521.4873 1137.9139 109.8590 781.0608 1128.6988 2612.8240 2669.7195 407.4825 1179.4617 1473.1225 2996.1365
511.1653 1234.6028 1626.2598 933.6943 2201.1860 929.7537 1809.0467 1255.6321 1663.8837 1491.5177 2201.2960 738.4484 234.3416 1317.1947 0.0000 1717.5017 1483.5016 1188.2803 1426.0105 521.3108 1710.4073 1254.6238 1569.0013 1135.8208 1581.8552 1515.1069 250.3198 1967.6933 1197.0071 1210.7820 625.8283 1287.3636 1690.5177 1756.9385 1283.2884 1525.7356 1412.3601 1975.9696 1881.6410 518.6637 1331.8206 735.6120 2367.8397 1821.1856 1720.4177 954.1326 693.7038 1965.9908 1131.4504 1715.8348 1874.6714 2227.1641 535.7630 1035.9252 639.8414 2139.9463 1533.5139 2015.0993 1535.2931 917.3860 1386.6456 1493.6934 1799.8055 517.3480 532.3533 1701.9342 533.4960 1261.1094 1487.8874 1905.6306 1943.8776 1707.8501 1643.0596 1567.8010 1128.5185 2005.1439 827.1131 1704.3720 244.9020 762.4441 1788.4879 1819.6376 1519.6164 2110.5774 308.7539 2023.4159 2500.3114 2002.0862 1491.0298 1668.0318 1845.7443 1497.6548 1065.4586 1955.5656 1915.4013 2219.6326 1907.3031 1907.4863 1393.8798 1677.1777 915.7582 1922.6534 1673.1124 1965.0865 2310.5965 1147.8698 917.7086 1327.2351 927.8383 1172.8806 595.4570 890.6492 2520.2178 1855.7009 628.2117 1923.0510 640.7901 1660.5601 1620.8054 740.1216 910.5625 1987.9261 37.4433 1594.8166 1076.7971 2381.7775 845.1325 771.1997 1563.6086 1804.3096 1769.4533 414.0193 2584.0327 1263.5763 772.2655 1376.3971 2331.3783 1555.4938 1876.9129 1653.3699 2117.0286 1540.6262 1611.9817 1775.2828 238.1029 1537.4072 574.9096 2077.6650 1189.0034 1727.5474 846.2488 2172.2654 1720.4921 1736.1365 1112.4518 1710.7077 829.5234 794.4067 954.8298 309.9629 930.3300 458.6807 992.5366 1614.7446 2105.9938 2117.8503 1047.9819 1487.6186 1350.5236 2104.3111 2073.8394 981.3689 1558.4932 909.6356 1494.8395 2622.9611 358.2862 2151.7772 1612.2829 1760.4045 1126.8017 2239.4207 1130.1584 1275.3952 1530.6972 765.3006 870.8731 1869.3863 1649.5105 1304.2488 227.8815 1215.1037 724.7965 1962.8757 2469.8026 2097.9094 1709.8082 145.2446 1641.8538 2119.1555
1371.3125 2436.5779 1842.2055 1083.9949 3591.3184 2464.2309 860.4662 2910.4405 426.8220 774.0291 684.0848 987.4867 1884.3291 985.0858 1717.5017 0.0000 3173.1008 529.9981 642.8888 2238.0002 2519.5248 2875.2852 2626.1776 838.7354 3273.9924 602.6085 1491.7506 3495.7009 530.0057 2180.0489 2238.7499 776.0470 1050.0676 3444.0652 2433.6156 1011.7692 330.8550 3470.1867 3401.4610 1199.5199 1945.6685 2449.2458 3735.7073 220.5108 960.4025 795.7669 2323.7808 534.0599 601.7707 3060.6694 157.2037 699.4970 1339.8784 2544.5520 2348.1109 3604.3343 1054.1864 3667.4238 1875.6857 1334.5880 537.4477 2940.4959 121.4907 2234.7942 2014.3336 332.1807 2196.1607 2311.2388 1428.5297 2900.4744 3413.4651 3161.2814 1855.7503 1111.5269 2720.4562 3016.8278 1949.0346 501.2784 1954.0545 2068.0196 1020.6650 542.1669 2979.1828 597.4521 1457.9592 3359.2059 1130.7383 3583.2283 2152.2309 3353.8804 2975.9368 706.4121 796.7296 3104.4847 3126.5153 898.2455 1051.5669 3527.5742 742.7819 1091.4674 1159.8953 2806.6849 3322.3463 815.0982 3681.8501 765.4469 2513.4966 1207.6229 2501.7834 544.8532 1242.6122 2560.5538 3704.6136 3473.8777 1307.7072 279.0287 1298.3004 123.3207 583.2272 2407.5564 905.7373 317.6193 1681.0645 304.6375 2346.3129 1095.4323 2544.2062 1568.7756 3172.8378 3286.2314 1470.2833 1337.2360 3793.7471 2880.3300 2489.0002 597.6161 3677.9452 400.1512 3258.5632 2470.7869 3773.1242 1374.1052 3290.9441 2812.6082 1559.0744 3183.0968 1185.6564 3645.4904 722.6237 2861.4122 2248.9395 3625.2483 325.5964 2487.4714 2757.4512 1113.3108 2421.0653 1868.0305 979.9592 2025.4306 2189.8151 2169.3317 883.4687 2491.4197 858.0548 777.0315 1737.3111 2776.2069 2395.8886 493.3163 3718.6495 775.5804 2687.9808 950.2258 783.6000 3797.4382 2007.5201 3594.6773 160.1125 1388.3299 2374.9345 3328.0248 2770.1440 461.3946 2888.4131 2467.9370 2357.9924 224.2164 1547.9926 516.4426 1489.6208 1038.2452 1556.8205 249.2087 3571.6188 3529.8980 906.0022 1579.4543 692.9358 3741.9588
1957.1472 1266.9400 2349.1862 2206.5670 1237.0485 819.7030 3271.8828 307.6573 3147.3103 2778.1116 3568.2821 2186.6095 1291.0325 2539.2387 1483.5016 3173.1008 0.0000 2645.0227 2764.9667 1004.3047 1845.9437 413.8792 1500.8324 2609.9123 101.5923 2995.6585 1685.6278 807.7586 2667.8915 1564.7012 945.4153 2760.5681 2865.4663 273.4374 1338.4319 2717.0521 2883.7753 889.1012 776.4599 1984.0184 1934.8181 762.5143 1389.4985 3247.3549 2932.7298 2435.3254 858.5348 3334.5754 2572.7746 1082.5987 3329.5405 3595.3204 1987.0362 804.1803 846.0934 1055.5401 2706.1593 564.8734 2219.6333 2041.8678 2870.1089 828.9083 3242.8403 996.9714 1194.8946 3102.1820 976.9468 1469.6782 2470.3627 1698.1946 924.6583 856.7433 2358.7933 2714.1512 568.5464 1721.4787 1451.1737 3187.5409 1238.6315 1262.0063 2980.5976 3302.5687 802.3821 3485.0036 1783.8615 1230.6604 3782.4397 707.1577 1929.4427 185.0432 1485.2034 2807.1674 2436.3844 1504.4049 1390.1040 3517.8292 3097.8499 541.2994 2702.8533 2833.9725 2151.2136 1844.8255 287.2560 3248.9472 1343.7637 2503.5886 714.7377 2439.5737 747.8001 2635.3201 2063.5818 613.9096 1783.8007 507.2130 2067.9906 3349.7525 2081.0154 3128.3742 2960.6542 765.9432 2392.8554 3417.9961 1516.5583 3074.7554 1192.4030 3644.5775 638.4606 1775.3653 389.3443 828.0338 2747.3194 1896.1827 1792.0720 420.7731 746.2071 2858.7973 1400.2893 3038.3680 1072.7651 1817.1431 655.6867 2554.8546 142.4430 1589.5974 1693.7680 242.2932 1988.3184 794.0837 2550.0690 1436.9805 1086.0147 1099.7109 3122.0154 1918.4736 450.8237 2859.3863 795.1101 1513.6344 2424.2527 1177.3912 1249.5299 1026.4585 2350.0728 1737.9059 3396.1191 3437.2851 1837.7282 1135.8917 1480.7447 3509.1130 632.1970 2463.1378 1397.7589 2387.7709 2777.7232 1870.8506 1165.8216 1105.6166 3051.8822 2781.0892 1213.1055 1740.9905 448.0904 2748.3118 1016.0792 718.8115 940.2175 3300.3082 2570.0650 2710.7047 1704.5882 2429.9700 1758.4405 3411.2314 1866.6869 1092.4125 2942.5440 1607.8622 3116.8088 713.3197
876.8124 1973.0327 1569.4117 654.1720 3115.9721 1951.1853 966.0331 2385.9409 608.8949 663.1327 1078.4888 458.4234 1355.1273 736.0462 1188.2803 529.9981 2645.0227 0.0000 509.7333 1709.2457 2140.8262 2354.9558 2197.5407 527.9706 2745.7254 596.1854 961.9615 2993.5719 107.4244 1747.3984 1714.7667 570.1658 983.8699 2916.5351 1979.2840 868.7652 260.2480 2973.9364 2900.1250 669.8552 1573.1395 1919.2710 3266.3173 646.6011 937.0064 313.3449 1799.0400 858.1527 106.7801 2587.0595 687.1688 1101.4944 847.2095 2036.0002 1818.1400 3114.6891 906.0270 3145.1208 1569.3645 910.6772 426.7130 2447.0002 613.1770 1705.6263 1497.6468 570.2017 1668.1966 1870.2334 1187.1870 2494.6042 2921.2275 2669.4003 1585.4933 967.7861 2202.8827 2610.6681 1473.3397 681.4881 1424.0959 1572.9555 1015.2798 788.3204 2484.0644 983.8928 937.3585 2891.8523 1461.8841 3072.3185 1786.1389 2826.4189 2543.0096 615.5745 378.9934 2670.7289 2680.3052 1186.9292 1099.1165 3009.9917 569.2776 1007.0020 730.1815 2422.8170 2799.7366 991.3632 3211.2244 404.2388 1993.7565 937.5505 1984.4521 40.0125 750.6031 2033.3839 3274.0709 2956.4201 834.0863 745.6038 827.0006 487.0832 624.8360 1880.1069 456.8435 806.8705 1151.6840 482.2800 1868.0177 1379.3484 2014.7161 1106.2066 2655.5561 2790.6137 1329.4875 817.4460 3358.8130 2360.5408 1959.2733 472.5474 3212.3221 494.6767 2780.9818 2087.6844 3250.4289 1163.3662 2764.2585 2394.6409 1038.4994 2660.6046 661.2299 3137.1736 386.3949 2424.6538 1747.9785 3137.9504 584.7401 2120.8545 2233.5696 1039.6850 1900.9253 1393.5623 581.4895 1495.6754 1706.7923 1639.3395 444.0417 2095.8268 1099.3180 1066.3733 1322.8772 2307.2852 1959.9724 942.7858 3197.6272 305.4521 2246.8656 517.9044 672.7771 3370.4339 1479.2015 3109.0547 430.1744 1264.3995 1901.1838 2912.2508 2246.9036 160.2404 2409.4348 1938.2015 1849.0003 689.5049 1343.0060 260.0481 960.4686 733.3083 1085.6685 774.6154 3157.5264 3045.7790 893.8512 1049.5799 752.4267 3224.5772
1267.4652 1871.1670 1199.5520 560.1366 3027.1587 1993.0479 1390.7178 2478.6791 968.5355 157.8892 803.3343 734.9912 1527.9274 345.0797 1426.0105 642.8888 2764.9667 509.7333 0.0000 1929.6821 1890.7546 2422.6219 2024.2048 1037.6420 2866.4438 1042.0677 1176.0111 2978.4931 612.0719 1587.9210 1820.6694 1071.8811 479.1200 3026.6604 1857.6730 388.8972 633.8841 2940.8587 2883.4606 949.1523 1320.0379 2103.5572 3162.9684 572.9232 427.2763 784.5438 1907.5589 570.6295 451.4532 2499.0968 750.4619 830.3939 1243.2860 2057.9400 1995.4501 3061.6551 430.4707 3213.0517 1233.8237 769.8188 890.2719 2412.1347 629.3632 1920.0065 1570.8654 386.3806 1809.9116 1724.1117 786.8043 2281.5543 2877.1114 2627.0185 1213.2473 491.7987 2259.3893 2397.3352 1413.3655 1051.0804 1628.0003 1562.6993 505.6689 1130.7736 2453.4099 721.4437 1254.8008 2786.8308 1075.6119 3087.4658 1521.6964 2937.0162 2373.8547 106.0189 362.2154 2502.0194 2534.1902 794.1064 593.8392 3054.3533 100.1848 507.3825 622.4508 2178.1924 2873.6035 547.6614 3110.9809 278.1528 2066.0080 566.1740 2044.7479 549.5316 1155.7720 2155.6535 3096.2816 3000.7919 1258.2718 661.4839 1254.4266 701.4970 197.5854 2009.3307 934.9492 730.3944 1388.9348 817.6026 1802.9382 963.4366 2168.9871 1032.7057 2702.9366 2757.5868 860.3400 1149.0979 3188.1313 2425.2087 2153.9034 947.2618 3101.1703 879.2366 2700.3585 1844.1394 3319.6584 736.8480 2868.2805 2201.4198 1348.2481 2735.6895 852.2189 3141.9271 238.6734 2263.3731 1750.7270 3078.4641 405.8485 1854.6601 2324.9905 537.9191 1977.7778 1333.6941 1074.7474 1705.4152 1658.0302 1830.3579 434.1901 1870.3224 682.9700 692.4883 1141.5533 2212.0509 1802.8089 766.9478 3257.6433 787.5106 2095.4754 1000.3105 168.0744 3186.3178 1632.8396 3045.4446 483.9855 785.8308 1824.2193 2712.1440 2333.8183 629.8198 2336.4974 2100.9362 1877.3199 631.3200 914.3025 250.7449 1216.3848 414.1316 1034.3539 785.5883 2953.6549 2978.8511 385.0117 1281.1128 1185.1793 3265.7621
956.0131 1195.7646 1918.9601 1407.2136 1918.1358 704.1598 2269.0141 829.0724 2165.5895 1981.6367 2715.3550 1259.3669 415.6164 1783.7772 521.3108 2238.0002 1004.3047 1709.2457 1929.6821 0.0000 1779.6899 867.8825 1543.9566 1612.8292 1097.4666 2002.8345 761.2838 1608.4185 1715.0851 1309.9168 428.4414 1762.3677 2149.5639 1274.6278 1264.2231 1986.8085 1929.6228 1639.9247 1533.2821 1039.9178 1554.4108 243.3105 2088.2074 2342.0611 2191.7126 1465.7865 427.2353 2479.5413 1652.5511 1501.8841 2395.1058 2741.5012 986.5906 807.5209 192.2758 1814.3112 1988.5678 1559.1183 1807.3849 1330.1203 1886.2632 1235.4226 2321.0827 24.7386 580.5385 2219.8417 304.6457 1304.4731 1873.4375 1862.7692 1626.7504 1420.9029 1933.9002 2014.8064 791.0379 1942.5615 980.2025 2200.2720 302.1854 822.0608 2254.6348 2313.9412 1248.3177 2625.6310 797.1211 1785.5064 2997.8889 1602.3395 1660.4954 1188.7241 1741.8453 1994.3031 1573.4322 1829.2102 1759.5423 2719.4194 2374.7526 1481.0216 1889.0897 2130.0751 1374.3086 1928.9647 1229.8325 2459.5223 2032.2069 1652.8279 620.7818 1755.1216 656.1288 1693.1781 1067.4315 485.8570 2329.6800 1432.7236 1065.0075 2444.0315 1078.0042 2178.5961 2126.4000 379.7697 1406.2208 2509.0925 558.2732 2105.5367 1036.6547 2873.9487 386.4350 1114.2073 1163.0069 1488.6786 2163.2568 915.0874 2377.0255 880.2102 261.7652 1869.9310 2065.9550 2060.6533 1623.0444 1728.3718 1655.8638 1940.0211 1141.2213 1728.5601 701.1719 1103.4174 1087.2543 1684.6379 1695.8514 1636.9866 784.6375 1852.1447 2238.6317 1825.7724 712.4732 2161.6295 566.3532 991.5891 1425.7254 224.4504 948.2853 140.7302 1495.8001 1669.9656 2603.0907 2621.9659 1322.3725 1341.5253 1374.9985 2623.6376 1622.6451 1491.8780 1496.1557 1395.0548 1983.9279 2431.2487 356.1685 1839.1846 2133.5784 2169.0452 1086.5878 2116.7078 734.5318 1792.3800 1331.8022 308.8462 717.3876 2390.5334 2018.3939 1821.7234 748.8478 1676.5065 1076.6731 2483.8567 2323.0196 1795.4456 2187.1317 663.3197 2118.5648 1684.0205
