0.0000 1692.8299 2252.2709 1103.6095 2522.8145 396.8526 1446.7654 424.5374 1424.0593 749.1061 902.2694 1546.9922 2553.8451 2378.3702 1014.7537 1259.3562 1017.5289 1167.4695 813.7057 1404.8434 885.1130 1329.5311 882.2205 1206.0667 1194.0205 1510.6386 1571.5597 415.6369 2080.5040 2144.5745 886.7130 790.2259 2640.8518 1803.8697 1576.1183 1172.7105 2518.1950 1224.8265 2102.3142 1358.1064 2697.5991 661.4605 2250.8598 1668.3944 923.0179 2114.6863 429.1969 2522.6329 442.2895 1706.5723 1128.6895 2474.0517 1010.4514 1394.1797 1707.5462 795.3427 1359.8176 718.2291 1030.8972 1152.2890 1043.2186 1259.6591 288.0868 1365.6621 1250.2340 1286.4389 593.1888 1617.6928 1240.5035 1386.5591 2635.2831 801.5385 1531.1597 941.9820 628.0462 2648.7238 1048.4293 2442.3276 1007.9112 862.9745 1219.5921 2186.0723 1715.5515 888.4740 1733.8411 1508.3004 1254.9283 1219.4466 806.4899 643.7701 752.9734 302.5525 412.9758 1358.8480 2431.1347 2376.6836 814.8773 782.6525 1468.2524 2643.4941 2097.0238 1513.3968 2662.8113 1370.1726 473.1934 846.1796 2055.4077 824.3573 719.4011 1016.7364 1508.7919 2057.1825 532.6734 1548.9409 1989.0299 1951.4428 1502.1398 1370.0131 1018.4154 1974.3885 2125.8570 709.0867 2146.9898 1471.1798 1146.9167 2327.2329 1113.9129 2413.2600 1546.1077 77.5242 419.6868 2139.1515 729.4518 1000.2465 1676.6067 2409.4640 1098.6924 936.6536 648.5314 1494.5187 1007.1822 426.4387 878.0530 1521.6652 1277.0474 2649.9966 2271.4192 533.1754 1724.9699 1382.1671
1692.8299 0.0000 1708.4698 2402.8161 1185.9595 2056.6130 1391.8064 1619.8410 1342.5051 2441.8315 2358.8355 1606.4881 969.7515 1661.9850 2445.8132 2830.6150 2455.0959 2836.8913 2310.2160 1603.2417 2501.8425 2896.7475 1921.4333 2894.5556 893.0711 2670.9706 1737.3373 1363.3653 1500.9664 1190.7447 1592.3847 2165.9178 1069.3180 1451.4796 1893.0806 2857.5691 1143.1242 2917.2571 961.1379 336.5056 1984.4541 1536.0602 1834.5454 256.5638 2124.2140 1636.4978 1932.6171 1595.6065 2094.2734 416.1250 1146.9634 1302.2922 2577.2514 331.3035 1529.0798 1902.7898 1400.3889 1160.7007 2626.0739 1851.1567 1006.1064 1802.5426 1979.1981 331.7167 2526.6583 2618.4870 1102.7429 710.5385 573.2661 2887.4426 1901.8144 2458.6470 462.2434 2543.9066 2076.2122 1045.0172 1663.8597 1262.3332 2647.1124 1670.0048 842.6304 569.9412 1513.2250 2581.3006 832.3136 1752.0722 1218.5007 2806.4335 1419.5087 2301.7986 1978.3210 1769.4691 1399.7464 2963.1330 793.7714 1200.9413 2093.0361 1911.4110 3155.9937 1830.8053 1059.8349 3205.8610 1147.8959 3062.9718 1221.2833 2489.0619 1150.1252 941.8832 2045.6600 1671.0027 3201.3663 1332.5378 2201.8401 281.1139 1852.7712 446.5871 1362.2353 2475.5292 2107.5932 1856.9300 1170.7079 1574.3268 1814.1069 2631.6392 1129.9562 681.2239 2743.0634 2027.6610 2800.6006 1626.1049 1616.6045 1447.5027 1230.0606 2585.2141 1160.2056 1843.6507 2727.5370 1066.0042 1802.1060 1118.0004 2596.4023 1266.8485 1975.8947 209.7475 1213.7632 1104.9403 876.1016 1187.9415 1629.4195 1770.4759
2252.2709 1708.4698 0.0000 3332.9233 1073.7360 2622.8061 811.3211 2501.8977 829.1906 2793.5103 2264.7300 782.4660 1532.6542 221.2984 2279.5274 3482.2766 2292.5534 3286.3848 3065.9754 934.0134 2582.1629 3551.5412 1703.4697 3245.7198 1183.9430 3716.8310 846.1324 1855.7764 214.0210 592.0845 2769.9487 2086.7786 1532.9220 448.4128 983.2462 3047.0002 1133.3817 3215.8837 850.5651 1730.9676 450.7871 2591.8816 171.0263 1452.2507 1895.6798 139.2623 2138.5738 507.0552 2669.8015 1292.6535 1137.9490 823.3104 3246.1781 1827.9434 567.1208 2916.6176 902.6561 1572.4723 2625.8380 1377.6306 1275.4674 1227.8929 2473.6988 1650.5287 3479.7019 3529.2012 1872.4062 1020.7850 1423.7812 3630.5771 401.0050 2640.3765 1287.3919 2582.7478 2870.3383 1615.0697 1333.0146 832.6632 3193.3608 2811.8081 1192.8206 1530.8886 552.9530 2913.1718 880.5708 926.7416 1001.0000 3435.2621 2587.0698 2842.3828 1885.1061 2515.4630 1845.7987 3554.4339 1633.1822 826.4605 3018.3766 1786.2354 3314.9155 454.2785 722.7538 3419.5441 1419.2984 3312.2296 1945.1118 3041.8231 588.4633 1603.7459 1997.1565 1368.3161 3457.0283 379.1200 2497.4997 1465.9447 482.1162 1375.3883 751.1298 3549.1886 3161.1685 503.6050 604.0530 2651.2744 253.9311 3675.6684 1123.8550 1630.0886 2776.7755 330.1939 3779.7795 2238.4553 1875.2986 270.2832 2356.4057 3228.4338 644.5169 161.4466 3288.2806 2340.1000 2767.3542 803.5982 2595.1871 2012.2231 3007.2175 1581.0101 979.8092 1477.2711 1152.6114 2078.4802 596.3598 1075.3725
1103.6095 2402.8161 3332.9233 0.0000 3447.0255 822.1253 2538.4247 850.7185 2511.7096 1030.0689 1695.4174 2649.1389 3362.0513 3441.6097 1794.2745 624.7720 1789.4896 928.9031 372.3399 2508.2115 1444.9211 660.8669 1928.3747 1101.3106 2203.6862 417.0623 2675.0555 1478.0487 3149.9563 3152.2998 844.3518 1696.5627 3458.9160 2886.5239 2674.0757 1336.0135 3428.1803 1189.6731 3060.9889 2087.3018 3771.1119 867.6820 3343.3690 2479.0018 1895.4978 3197.5616 1394.7229 3555.8607 785.4947 2568.8178 2195.7746 3447.6847 497.6364 2071.5803 2801.6224 500.3719 2454.4380 1763.0113 1572.7788 2235.1528 2076.1081 2353.3944 973.9035 2131.2402 147.1768 216.1134 1502.0682 2575.0573 2132.5292 554.4763 3704.4618 1293.3870 2416.4048 1507.7825 477.2002 3443.8235 2147.8049 3412.1035 718.3572 758.0218 2215.7737 2965.1580 2808.1056 1061.2332 2712.5518 2611.0565 2332.1546 644.0497 992.3628 747.4664 1760.3162 819.3192 1491.4842 784.6235 3196.2744 3344.2047 324.2299 1821.0308 1498.5516 3701.2464 3081.9839 1445.1159 3515.0036 1323.5879 1406.7701 693.7449 3067.1232 1782.1518 1684.1853 2115.0236 1383.3094 3103.4719 1163.1977 2366.3728 3091.4427 2775.0180 2589.2118 335.4311 340.5877 3077.1240 3131.9824 828.6966 3243.0395 381.0722 2210.9636 3083.9502 1542.0052 3510.9124 446.8568 1102.2196 1519.2580 3195.4688 1173.7981 543.2025 2727.5718 3492.4915 715.9672 1346.7390 611.1211 2548.7377 1570.7864 1338.4842 434.2315 2296.5664 2353.1698 3484.8288 3161.6542 1316.3715 2824.6736 2482.0032
2522.8145 1185.9595 1073.7360 3447.0255 0.0000 2919.3522 1423.9891 2605.8175 1400.1214 3218.1953 2883.2837 1552.6184 502.3326 890.9063 2934.4032 3770.0983 2946.5431 3681.0287 3277.0075 1655.7307 3135.4036 3839.7534 2328.6447 3691.8169 1343.5014 3765.1380 1675.5241 2113.8271 972.7487 553.1663 2700.6386 2683.1213 474.6588 1178.0717 1851.2250 3569.1233 69.2315 3688.5646 437.3854 1413.0166 1079.0820 2593.8815 1244.7397 1007.2462 2548.3691 1107.0795 2591.8775 652.1503 2964.1223 887.0287 1498.0404 259.2393 3515.5974 1468.3739 1342.8272 2961.8624 1499.5229 1818.4900 3221.8634 2087.7263 1506.1109 1965.2837 2799.7366 1349.9985 3583.5069 3661.4524 1971.1119 905.8063 1316.7057 3869.0083 1007.2626 3145.4260 1030.6741 3156.8467 3049.3470 564.0222 1957.6284 242.1673 3530.7257 2768.4754 1310.2465 704.4949 1319.4885 3354.7359 805.3484 1738.2684 1442.0832 3734.7194 2515.8905 3166.4171 2468.0750 2701.2962 2128.8142 3879.3037 670.5468 253.1403 3124.0391 2373.9149 3863.2675 894.1521 499.0090 3943.8008 347.3111 3814.3487 2083.0778 3368.9685 622.7744 1704.9352 2569.2460 1984.4521 3960.9729 803.2042 2933.4280 1103.7776 1488.2476 739.7973 1353.2498 3574.8909 3189.6722 1505.3269 556.5941 2643.0484 1306.9981 3724.3288 1474.5376 721.7659 3364.2320 1375.6777 3873.9830 2477.5789 2268.4466 849.1431 2297.4266 3512.0467 1034.2422 1118.4936 3621.2398 2182.5593 2836.3826 1174.6595 3189.9193 2147.4927 3044.8415 1197.8790 1421.3518 411.4280 309.9581 2136.6808 1436.7143 1847.6918
396.8526 2056.6130 2622.8061 822.1253 2919.3522 0.0000 1812.3074 533.6703 1793.8542 436.0229 907.1813 1891.7783 2940.7783 2758.1198 1014.6768 867.1390 1012.3542 781.9520 473.7014 1743.5553 737.1302 937.2433 1110.7858 843.2823 1590.1135 1238.9984 1899.7989 811.0055 2458.4729 2538.5610 944.0339 880.7775 3029.2854 2175.1253 1879.6109 876.6219 2914.2014 878.0091 2499.1521 1720.1177 3071.1765 764.2944 2610.4777 2050.5336 1074.2411 2484.1663 574.1864 2911.4788 47.0744 2096.3122 1513.7794 2870.3073 623.9102 1745.0287 2068.1320 697.6890 1722.4784 1113.1150 886.0006 1428.7428 1437.6136 1555.5260 157.2578 1735.6224 960.0255 970.2706 973.5363 2014.4424 1630.6063 1007.9216 3011.4105 604.4667 1922.5738 802.8860 374.2325 3034.3121 1361.3787 2838.7673 611.6576 886.4880 1616.2676 2567.1595 2078.0108 560.9724 2130.5025 1830.2989 1633.8436 825.1121 942.6484 249.3271 938.8701 329.0745 804.2046 962.2515 2811.4800 2773.2423 609.5843 1002.9601 1154.0455 3024.6992 2493.0513 1177.1737 3054.9370 1030.8661 854.1124 449.7555 2449.0906 1218.3616 862.3236 1326.8749 1160.0108 2444.0466 382.2839 1931.0210 2329.7116 2337.6024 1871.8173 1134.0353 854.2892 2313.5535 2520.0651 785.8753 2502.2240 1203.1700 1533.0395 2705.6654 918.2864 2764.6432 1238.4737 444.8303 750.7256 2522.4942 960.0417 609.1412 2063.6749 2777.6056 701.9238 1182.0271 599.7708 1881.5488 872.3508 798.1591 752.7875 1895.9127 1656.4015 3040.3450 2665.8967 870.4803 2075.7420 1692.7924
1446.7654 1391.8064 811.3211 2538.4247 1423.9891 1812.3074 0.0000 1724.8403 50.2494 1989.2054 1511.0923 216.1134 1709.0363 963.3509 1545.0065 2670.9556 1557.7115 2480.8315 2259.7745 242.2003 1806.2040 2740.2279 942.2510 2447.7853 555.7922 2931.3159 345.6848 1062.0151 663.1930 894.8799 2040.9473 1320.1231 1756.4066 366.8951 508.9921 2265.8129 1453.6753 2423.1983 1005.7261 1258.7919 1261.2997 1843.6941 805.0963 1165.0107 1153.7348 672.3095 1332.8841 1164.6051 1859.2520 1051.9815 382.7819 1263.3962 2435.2975 1362.0620 264.1515 2144.6725 93.0484 800.2356 1866.8307 666.1081 561.8051 541.6133 1662.5691 1187.4717 2685.5772 2729.8866 1130.6817 740.9453 895.3173 2820.2248 1205.2307 1850.6026 934.8476 1814.3649 2070.0164 1810.5204 560.0161 1245.8290 2382.8565 2071.4181 593.6708 1508.6239 269.6831 2112.2746 714.1940 369.4320 237.9937 2624.0000 1867.1818 2031.0810 1108.9531 1719.1079 1046.9408 2744.0164 1707.4197 1196.3382 2229.6020 1009.7569 2544.2313 1231.3476 925.0000 2641.8554 1701.2966 2527.4550 1182.4661 2230.7331 811.1208 893.8014 1219.0816 592.2204 2673.7332 705.0631 1692.6349 1110.6935 590.1610 1265.7350 73.3894 2770.9453 2388.5761 582.2199 884.4128 1904.3387 706.0602 2890.5280 378.9776 1651.0957 2015.8740 975.3041 2984.7132 1437.8122 1064.0042 751.0612 1644.7158 2417.2342 390.4664 965.2984 2477.7621 1676.6162 1992.4952 296.9983 1835.2684 1246.3146 2235.3230 1199.4269 225.7432 1728.1713 1309.7118 1336.7939 310.7877 436.3714
424.5374 1619.8410 2501.8977 850.7185 2605.8175 533.6703 1724.8403 0.0000 1693.3839 969.6927 1307.4685 1858.8418 2553.9336 2600.3217 1420.5355 1210.8419 1421.9511 1257.1321 691.0347 1728.8438 1228.3277 1276.9154 1295.3907 1350.9882 1355.0590 1216.0037 1904.6427 670.8577 2312.6463 2301.6672 464.9688 1210.8893 2648.0215 2059.7111 1934.2970 1410.0901 2590.0290 1397.2430 2212.8861 1288.8200 2933.7834 247.7781 2524.4694 1660.6758 1347.3121 2369.0103 849.7635 2706.7680 553.1763 1736.7490 1365.0568 2598.6589 958.1753 1293.2088 1988.8917 420.6400 1646.5358 930.4069 1379.0783 1539.0159 1233.1054 1630.7179 554.0487 1320.9591 993.6201 1061.0754 651.4637 1725.7792 1289.1257 1275.7312 2865.0531 1113.8007 1577.3452 1291.3288 456.9836 2641.0941 1411.5594 2563.4297 1047.8516 438.5077 1365.7763 2163.9834 1992.9940 1092.4770 1862.1302 1849.7962 1506.3602 1187.7651 416.3292 738.8748 1175.9239 206.3056 696.6039 1345.7860 2402.8400 2495.6660 527.0569 1199.8054 1683.7366 2857.2688 2231.6489 1698.4917 2693.1417 1552.1575 560.0571 898.6145 2216.6878 931.7086 1143.7526 1383.4179 1673.8318 2257.7529 856.8926 1544.2053 2298.2515 1956.3530 1769.3615 1047.8550 663.8268 2285.9961 2281.3198 288.0625 2430.3582 1174.7042 1378.2953 2292.6703 1433.4692 2699.8741 1292.3951 371.6154 805.9857 2352.3956 436.9760 968.3104 1884.7116 2662.6845 1120.7216 657.7538 267.7256 1708.1247 1360.1676 491.9289 511.0039 1486.8265 1526.2536 2668.3917 2327.0009 469.2334 2023.4873 1737.9028
1424.0593 1342.5051 829.1906 2511.7096 1400.1214 1793.8542 50.2494 1693.3839 0.0000 1980.8920 1518.6260 266.2705 1674.2073 972.2603 1555.9981 2654.9104 1568.6045 2471.4692 2237.6564 281.3112 1807.9735 2724.3704 950.8533 2442.0295 506.3201 2902.3969 394.8329 1033.9927 671.2526 878.0803 2002.8083 1325.4735 1723.4875 381.2834 555.7140 2265.5359 1427.8785 2419.3563 977.4917 1208.5909 1277.4357 1807.6374 832.3251 1116.8818 1165.0876 690.9740 1324.5471 1163.5979 1840.8729 1005.6838 341.6972 1246.6455 2417.4468 1311.8758 297.5584 2112.5967 99.7647 765.8734 1872.3440 687.6082 517.3490 569.5261 1645.4790 1137.2265 2658.7986 2704.7932 1092.4404 696.5809 845.1852 2801.4948 1219.0595 1848.3682 886.2759 1817.9453 2045.1095 1776.0149 569.5726 1227.7316 2369.3248 2034.6174 543.7371 1466.8064 299.9233 2105.5472 675.8831 415.4094 195.4891 2608.5822 1827.8876 2015.5210 1112.7632 1692.6066 1020.7693 2730.5056 1668.2617 1176.4778 2201.1815 1013.9842 2546.2144 1240.4161 901.3379 2642.0872 1671.5696 2525.9303 1147.4759 2216.0697 792.5478 851.1498 1221.8858 600.3083 2672.4884 699.2632 1684.3004 1061.4071 632.0957 1222.2602 78.1089 2740.4184 2356.7819 625.0800 866.6147 1868.1866 737.2218 2861.5096 336.1086 1610.1559 2020.7061 1006.8332 2958.2948 1412.7310 1048.0506 752.5211 1604.3020 2400.2408 366.1543 985.4826 2464.1773 1632.5676 1960.8473 255.3684 1840.6588 1212.0334 2203.3030 1149.5956 181.0110 1696.7324 1277.0630 1299.0662 353.9265 473.2705
749.1061 2441.8315 2793.5103 1030.0689 3218.1953 436.0229 1989.2054 969.6927 1980.8920 0.0000 721.2614 2024.6553 3286.9842 2952.3362 802.1727 769.8013 794.7685 493.3771 664.2537 1871.2148 420.3867 829.6077 1136.5549 473.6254 1874.7098 1416.4043 2003.3971 1117.5947 2651.6495 2792.8552 1366.0234 795.6161 3371.0998 2355.7627 1944.7265 441.1916 3220.1394 478.4809 2786.9512 2107.2107 3244.0427 1197.6018 2755.6680 2409.8440 1017.2089 2654.4804 656.4099 3136.0078 420.5948 2437.3873 1749.7714 3141.8243 617.2876 2141.9760 2226.8942 1078.6445 1896.2637 1401.8620 542.7200 1481.2704 1712.7793 1626.0163 465.4654 2114.0078 1136.8909 1102.3906 1340.5540 2315.1885 1973.3983 969.9289 3192.0265 269.6516 2259.1844 480.5851 712.1980 3383.7485 1469.7061 3113.2832 454.2345 1301.6240 1908.6899 2927.2526 2240.5644 140.0357 2415.4140 1926.3712 1848.4115 713.0848 1376.9394 300.0267 945.0106 764.6973 1095.5624 791.7702 3172.5586 3050.3398 933.7735 1035.7051 725.8271 3220.4399 2764.6875 764.3677 3383.8989 621.1674 1221.1011 362.2209 2702.4124 1552.1550 838.8480 1433.8134 761.2155 2666.0608 296.6092 2290.8134 2442.3743 2687.3848 2056.2412 1365.4128 1179.0038 2423.7974 2776.0151 1215.5279 2639.9214 1388.4560 1771.6190 3070.3708 525.0010 2889.7017 1359.1692 817.9059 956.4544 2731.1428 1393.2997 576.1467 2292.5030 2940.0600 541.1331 1614.8560 1009.1368 2113.9163 541.5016 1175.4905 1113.5839 2268.4772 1871.4064 3376.0477 2984.7662 1272.4040 2214.2459 1777.3221
902.2694 2358.8355 2264.7300 1695.4174 2883.2837 907.1813 1511.0923 1307.4685 1518.6260 721.2614 0.0000 1483.0661 3056.0865 2450.3112 113.0708 1487.7110 115.2606 1161.2343 1323.9641 1334.1518 348.9312 1544.6129 569.0141 1060.3174 1592.2704 2102.4255 1427.0172 1026.0780 2158.9917 2390.6840 1771.0071 201.8539 3126.6346 1859.0245 1329.0798 804.4800 2899.6779 1004.9726 2446.6518 2052.7779 2705.4643 1553.6692 2196.0009 2252.6096 370.0054 2130.1361 485.2422 2672.8870 931.1810 2231.7269 1391.6041 2757.1525 1334.0442 2118.4034 1706.9669 1592.1369 1421.5266 1199.9654 361.2714 888.3805 1431.6162 1039.2329 791.7676 2031.8634 1819.1385 1800.8834 1324.6060 2027.1162 1807.7536 1690.7951 2664.7478 467.0867 2054.6581 328.6944 1280.1125 3158.0158 951.1561 2735.0558 1173.3648 1733.5377 1638.2506 2745.8962 1725.0012 781.2196 2088.9837 1346.0015 1442.3387 1430.2363 1707.3043 954.1122 415.4961 1127.8174 982.1532 1491.4644 2984.6008 2679.0903 1516.3196 509.7342 1053.2298 2712.8725 2394.7369 1164.3024 3108.5125 1071.8251 1231.1889 1078.3552 2302.5154 1417.9496 321.3098 918.9695 1210.7143 2216.0853 534.0721 2142.6899 1855.6427 2489.6636 1584.0284 2022.9825 1761.4471 1835.0640 2377.4411 1595.2636 2075.0472 2070.6501 1415.3106 2896.1797 512.3163 2303.0627 2064.6775 974.5891 750.1500 2257.9356 1623.3823 1294.8981 1873.3350 2396.1429 1256.1708 1818.2635 1472.5410 1713.3383 331.0136 1222.4974 1655.0435 2157.6388 1463.6530 3116.6610 2700.4676 1368.7724 1668.4990 1194.0603
1546.9922 1606.4881 782.4660 2649.1389 1552.6184 1891.7783 216.1134 1858.8418 266.2705 2024.6553 1483.0661 0.0000 1876.0091 969.1491 1501.4560 2735.8584 1514.4438 2518.0032 2352.0872 153.5839 1800.0011 2804.0874 921.0917 2469.6963 767.6067 3050.3731 136.4881 1188.3539 685.8105 1005.1990 2201.4888 1304.3450 1916.3144 395.4099 312.1955 2265.1731 1589.2165 2437.0320 1154.6125 1473.7842 1227.8249 1996.1836 731.0164 1376.8025 1114.8421 647.0927 1375.1818 1207.3591 1938.0787 1258.8137 570.7372 1366.9312 2508.7911 1576.9115 229.9239 2279.3694 240.7509 955.1178 1843.9490 598.8197 756.1283 452.0929 1737.5514 1403.0025 2796.1205 2833.1287 1296.0872 943.4008 1109.8766 2896.0761 1183.2641 1861.1977 1147.9656 1800.2847 2174.9494 1975.9658 555.6447 1354.7092 2438.2371 2226.2309 807.3723 1700.4026 250.8745 2140.1600 899.5521 185.9704 435.7844 2686.4015 2033.1003 2096.9323 1104.0009 1832.6879 1166.2770 2797.8486 1889.6479 1312.4938 2348.6038 1005.5605 2532.4778 1229.9935 1059.2460 2637.2192 1849.7830 2530.8607 1334.6569 2291.6642 930.0022 1078.1410 1216.1122 591.4339 2675.3142 780.9334 1730.5930 1325.4090 442.3404 1463.5204 248.8473 2897.2465 2521.2840 428.5149 998.6175 2056.9942 616.0422 3010.1032 572.1023 1839.5788 1994.7995 873.4993 3092.9494 1547.8233 1142.4299 796.2638 1816.0465 2487.1655 546.3854 919.9587 2532.9449 1863.0462 2125.9939 498.8958 1813.1831 1395.1219 2369.4700 1415.2208 428.8415 1882.8088 1471.0031 1498.6651 189.7894 308.1769
2553.8451 969.7515 1532.6542 3362.0513 502.3326 2940.7783 1709.0363 2553.9336 1674.2073 3286.9842 3056.0865 1876.0091 0.0000 1370.3722 3122.3068 3756.4761 3133.5746 3720.4852 3243.3982 1950.9408 3267.8326 3824.3938 2531.7638 3755.4869 1464.1755 3639.8893 2008.7571 2170.0804 1397.1407 956.6217 2561.2780 2854.3584 100.6628 1542.6539 2186.9074 3672.7245 433.1755 3765.0531 733.4848 1274.7619 1580.2139 2494.4709 1701.2775 894.9106 2751.8279 1541.7175 2702.5331 1150.5138 2982.4361 849.6317 1674.8388 755.0079 3501.0080 1296.4459 1693.5492 2863.7118 1767.7865 1900.2284 3371.6397 2342.8071 1626.4932 2240.2022 2840.7198 1234.1872 3489.3209 3578.1364 1967.4166 1033.0077 1314.3302 3829.4440 1507.0607 3254.7425 1028.4090 3298.3943 3009.9796 102.8251 2186.8400 730.0336 3547.6203 2637.9026 1419.3238 399.8462 1670.7519 3426.6370 1002.7263 2059.7196 1660.7619 3727.5843 2386.2567 3189.9945 2644.3192 2682.3037 2195.0818 3880.2027 215.6409 715.4369 3047.1708 2557.7353 3971.8472 1395.5451 850.0847 4038.7059 224.1629 3901.6737 2086.6665 3386.4502 996.3865 1734.9496 2735.0929 2207.9284 4045.5887 1209.9442 3019.0373 1013.3672 1900.0434 603.2528 1646.0769 3444.7178 3074.0860 1914.4673 950.9853 2535.9119 1746.8400 3600.3840 1651.4700 315.1634 3505.3583 1849.3753 3767.0299 2497.0032 2372.9290 1282.8227 2188.6126 3504.2400 1330.0846 1597.9618 3633.2492 2034.4201 2755.4143 1423.0885 3340.1469 2143.9041 2939.4425 1068.1011 1643.8142 154.2628 407.5782 2097.5750 1796.1698 2145.3906
2378.3702 1661.9850 221.2984 3441.6097 890.9063 2758.1198 963.3509 2600.3217 972.2603 2952.3362 2450.3112 969.1491 1370.3722 0.0000 2470.5951 3622.6842 2483.5801 3443.4881 3190.1072 1116.1980 2760.0569 3692.4079 1884.4256 3410.8723 1254.7709 3816.0328 1046.5606 1972.4566 301.0415 482.3743 2838.5054 2267.4007 1360.5811 598.0209 1192.5586 3222.9131 954.5098 3385.0591 740.6484 1727.4519 343.6335 2672.0047 379.3481 1410.1152 2083.2794 329.9530 2295.9366 287.5865 2805.1932 1248.3597 1250.9600 633.5148 3381.9392 1819.1482 743.3472 3008.8411 1056.3811 1679.3153 2810.4836 1567.9493 1367.2308 1420.2739 2612.6586 1647.5394 3587.5563 3642.5579 1958.1808 1013.8762 1450.6743 3763.3465 267.5519 2811.1202 1273.9800 2763.8388 2986.9558 1446.3267 1507.4551 649.0585 3340.3967 2885.9165 1254.7828 1415.4112 725.5811 3075.6113 863.0203 1125.8797 1124.4634 3577.3752 2652.8696 2984.5511 2061.3801 2629.4382 1967.0770 3701.4912 1490.6203 655.0801 3122.9041 1962.0301 3495.9911 268.1679 619.2673 3597.5082 1238.1991 3486.4059 2040.3747 3186.0830 511.8926 1682.0517 2172.9402 1541.9741 3632.1173 359.0501 2655.7338 1441.6133 702.5987 1290.3806 896.2282 3643.0834 3252.5579 723.8957 499.9170 2730.2060 474.7821 3774.6763 1233.9858 1500.1333 2961.0176 485.1608 3887.7842 2358.5201 2017.9534 250.7309 2421.0380 3366.5297 715.8191 228.0219 3435.1739 2384.8272 2862.4640 892.9261 2779.4555 2108.4129 3098.9059 1558.0116 1102.0368 1300.8417 1012.4228 2160.9528 790.4239 1270.8316
1014.7537 2445.8132 2279.5274 1794.2745 2934.4032 1014.6768 1545.0065 1420.5355 1555.9981 802.1727 113.0708 1501.4560 3122.3068 2470.5951 0.0000 1560.8539 13.0384 1219.4466 1422.1392 1355.9506 402.2263 1615.3575 606.9234 1105.6012 1661.0027 2198.4090 1436.0226 1125.4301 2183.2494 2432.3826 1884.0215 280.0321 3190.6998 1884.7103 1326.2172 830.8315 2953.0989 1042.7008 2499.0398 2144.2262 2715.5235 1666.7336 2203.0036 2332.0345 391.2812 2146.9227 595.1848 2700.7884 1037.1022 2305.3126 1451.1613 2800.1666 1418.8168 2212.2577 1728.4481 1702.5760 1457.5037 1285.2222 370.4727 902.7652 1502.7042 1051.7005 902.7032 2120.7852 1915.4112 1893.3705 1425.2944 2090.6805 1889.4422 1767.3214 2677.8499 538.1645 2129.6068 364.9178 1386.3942 3224.5876 986.4264 2779.3418 1248.9075 1846.2898 1708.1686 2819.8874 1747.3969 848.0666 2146.0559 1354.8893 1492.3813 1502.9694 1820.1222 1049.4880 478.8737 1240.4519 1080.5998 1555.1170 3056.8044 2724.8945 1622.8524 565.1000 1057.6512 2730.5637 2442.3178 1175.4595 3168.1353 1094.7009 1334.7003 1163.0843 2345.1947 1507.2365 400.1962 956.2280 1228.2426 2249.3761 637.6284 2223.8563 1857.0528 2562.7848 1618.3303 2123.7290 1868.8063 1836.0133 2419.8986 1708.3188 2081.3558 2167.3830 1474.8102 2970.4572 516.8065 2301.6336 2155.2916 1086.6982 846.5506 2285.9401 1734.3659 1378.2431 1915.6547 2406.2772 1328.3448 1927.7264 1584.2588 1760.8989 345.0058 1328.2790 1764.4450 2242.8286 1513.0516 3178.6168 2760.4420 1475.8201 1683.5682 1204.5036
1259.3562 2830.6150 3482.2766 624.7720 3770.0983 867.1390 2670.9556 1210.8419 2654.9104 769.8013 1487.7110 2735.8584 3756.4761 3622.6842 1560.8539 0.0000 1552.2168 399.4058 523.3211 2584.5319 1162.0108 70.1783 1885.9101 578.0701 2452.4390 839.8030 2730.4567 1674.9878 3322.4414 3403.9239 1387.5482 1562.8682 3848.7660 3035.9513 2688.4845 876.6208 3761.2764 674.1113 3356.2504 2498.6871 3931.9696 1333.6881 3462.0803 2861.5719 1783.5437 3343.2254 1367.0903 3778.6158 820.2890 2924.8496 2380.7398 3731.4986 255.6912 2503.8660 2922.5475 1020.6547 2579.8671 1977.5836 1247.6157 2226.0710 2302.5701 2365.2892 1010.0317 2527.8103 630.8922 534.1957 1802.5152 2868.8541 2464.0757 214.8488 3873.8437 1023.1373 2756.8127 1211.1367 755.7910 3845.8419 2189.9941 3699.1850 315.6279 1301.4104 2476.3071 3370.5801 2933.6484 714.5824 2990.0885 2656.6332 2499.2289 58.1378 1495.1990 640.1016 1696.6216 1075.3753 1670.4805 160.7047 3611.1009 3633.0551 804.5552 1780.8989 950.9621 3889.7744 3355.1282 870.5883 3885.7290 773.6440 1687.9366 445.1359 3314.7134 2065.2324 1595.8559 2154.3911 798.0758 3311.0400 1030.6527 2743.3913 3166.8789 3155.2060 2732.5655 889.1625 945.8224 3149.5041 3385.2128 1315.0186 3350.7410 829.3443 2400.1042 3501.6078 1164.3024 3608.7940 711.9614 1296.0386 1607.0709 3388.6264 1623.5474 259.1930 2930.7398 3635.1541 232.6650 1828.5628 1064.0569 2748.6324 1257.7512 1624.9382 989.5317 2692.9799 2521.8985 3865.4806 3506.4257 1658.9063 2922.9938 2511.8615
1017.5289 2455.0959 2292.5534 1789.4896 2946.5431 1012.3542 1557.7115 1421.9511 1568.6045 794.7685 115.2606 1514.4438 3133.5746 2483.5801 13.0384 1552.2168 0.0000 1209.4462 1417.2713 1368.8915 392.6220 1606.4501 619.3174 1094.6579 1672.0048 2192.9934 1449.0607 1132.6857 2196.1794 2444.8896 1885.1284 289.1781 3202.1176 1897.6103 1339.1975 818.9121 2965.1282 1031.3026 2511.1053 2152.8967 2728.5619 1668.3756 2216.0381 2342.1539 404.0111 2159.9354 599.4706 2713.6662 1034.2616 2315.9724 1462.7621 2812.6374 1411.6675 2220.5733 1741.4066 1701.3656 1470.1446 1294.6019 358.2401 915.7647 1513.5026 1064.7216 901.8852 2129.8009 1910.0812 1887.3458 1432.3303 2102.0859 1899.2972 1759.0364 2690.8842 529.9179 2140.1367 354.1539 1383.5827 3235.8333 999.0320 2791.7652 1240.6208 1846.8492 1719.0841 2830.5358 1760.3437 839.0310 2157.8605 1367.9273 1504.4946 1494.2988 1822.4623 1044.1767 489.8020 1240.8904 1088.0156 1545.5177 3067.6123 2737.2578 1620.0864 576.6420 1044.8885 2743.5743 2454.5994 1162.8607 3179.8322 1082.5396 1341.1014 1156.0039 2357.6641 1516.1478 409.6840 968.7652 1215.8462 2262.1275 634.3532 2233.7907 1870.0602 2573.4972 1631.0294 2119.3322 1866.2928 1849.0173 2432.3785 1709.6190 2094.3887 2162.1177 1486.4175 2981.0860 504.2232 2314.6069 2148.9207 1089.8170 854.2564 2298.8084 1738.2419 1370.9048 1928.1185 2419.3156 1319.6553 1932.3336 1583.8289 1773.1466 333.0420 1334.0933 1762.7365 2252.3166 1525.1967 3190.1713 2772.1057 1481.2728 1696.5872 1217.5373
1167.4695 2836.8913 3286.3848 928.9031 3681.0287 781.9520 2480.8315 1257.1321 2471.4692 493.3771 1161.2343 2518.0032 3720.4852 3443.4881 1219.4466 399.4058 1209.4462 0.0000 671.0961 2364.5448 817.6650 431.6133 1624.7664 181.3395 2340.5384 1218.2496 2495.5362 1567.8434 3142.6085 3271.9635 1548.5661 1269.5385 3808.0474 2847.6013 2432.7930 478.9791 3679.4419 276.8483 3254.0882 2500.4232 3737.0066 1438.2771 3249.0191 2831.8307 1490.7250 3147.2968 1148.1572 3622.8398 742.8466 2873.9617 2230.7284 3615.9222 433.1293 2521.9663 2719.9583 1198.4094 2387.9902 1863.0904 879.9318 1970.0571 2181.4789 2116.2098 883.2401 2517.2882 977.8804 899.0673 1754.4327 2775.3964 2407.8875 612.0825 3684.5312 697.2525 2698.6006 857.3243 853.7968 3814.6985 1962.9358 3586.2489 229.6519 1468.6987 2371.3562 3348.7766 2733.4787 386.8036 2882.9405 2418.0829 2334.4533 346.1748 1615.1053 535.0934 1433.1957 1076.7456 1552.2841 341.9196 3593.2371 3522.2408 996.8350 1525.9056 572.5522 3711.6476 3238.1022 517.6727 3829.9244 395.7019 1634.6146 359.0056 3181.6329 1991.2388 1324.7479 1927.0501 462.0498 3152.7120 788.8853 2712.2937 2934.5161 3117.6042 2547.2599 1237.0307 1198.3142 2915.7786 3254.6012 1436.2427 3133.1633 1202.5095 2252.0269 3487.5817 780.5569 3382.2621 1104.9941 1223.6474 1437.1006 3220.1789 1693.3827 390.2871 2777.0007 3433.3016 213.5650 1912.2000 1191.3799 2597.1301 894.5664 1579.8433 1195.7324 2677.8443 2357.4488 3817.4658 3436.6277 1649.1710 2707.6100 2268.4023
813.7057 2310.2160 3065.9754 372.3399 3277.0075 473.7014 2259.7745 691.0347 2237.6564 664.2537 1323.9641 2352.0872 3243.3982 3190.1072 1422.1392 523.3211 1417.2713 671.0961 0.0000 2206.1809 1074.8107 587.5543 1583.6224 819.4986 1981.8925 780.1859 2366.3459 1218.7604 2893.1218 2937.1954 889.1395 1331.9137 3336.8496 2617.5754 2351.3953 1007.9251 3264.8616 896.4201 2871.8162 1979.8308 3511.0164 813.2607 3062.9308 2349.1533 1535.8219 2928.3738 1046.2070 3326.1380 431.8020 2419.1986 1939.2630 3252.6219 279.8732 1982.3996 2519.5549 530.0840 2172.0785 1517.5836 1205.7238 1902.2284 1840.5586 2027.7598 630.6005 2011.5094 497.1117 497.1157 1306.0750 2382.9731 1963.3950 592.0008 3448.1879 923.6433 2254.9344 1138.3203 234.0790 3331.3008 1830.4112 3218.9435 441.4907 806.1129 2001.0317 2854.6322 2528.0672 711.0000 2510.9656 2298.4440 2067.9444 506.7435 979.6147 375.5862 1408.7867 576.9445 1223.0585 667.4706 3093.8230 3151.9369 325.8619 1475.7134 1209.6851 3454.2938 2879.2589 1179.7801 3378.5584 1044.1504 1196.5053 357.5318 2849.3834 1577.7433 1326.7754 1796.3485 1131.2029 2864.0539 793.2024 2231.8497 2792.4206 2644.1335 2315.7498 705.0284 542.7974 2776.8704 2917.7246 798.5343 2957.5588 747.3025 1956.6975 2983.7024 1183.9396 3222.4595 765.7219 832.1448 1210.2000 2949.0354 1100.3131 303.3842 2484.0461 3223.1119 482.7132 1306.7674 546.9369 2302.4606 1202.3831 1130.6728 524.8181 2177.2147 2089.9218 3355.7600 3005.7452 1148.6710 2533.3034 2163.1378
1404.8434 1603.2417 934.0134 2508.2115 1655.7307 1743.5553 242.2003 1728.8438 281.3112 1871.2148 1334.1518 153.5839 1950.9408 1116.1980 1355.9506 2584.5319 1368.8915 2364.5448 2206.1809 0.0000 1648.1747 2652.6006 769.7961 2316.1908 730.0027 2911.9595 180.5685 1058.1857 827.3742 1116.9355 2085.8152 1153.1730 1997.4546 530.0802 293.0154 2113.0085 1688.0418 2283.8242 1243.5570 1440.4013 1380.6267 1875.8531 884.5095 1386.5500 967.3371 797.5644 1222.4373 1346.4650 1789.6606 1282.0764 501.8815 1483.3385 2358.8559 1542.0538 372.9303 2148.6258 203.7474 844.0770 1694.5489 455.9265 686.7212 315.8354 1588.6778 1374.0524 2654.9806 2689.6933 1188.4452 976.5659 1077.0042 2746.3163 1335.0034 1708.0120 1154.2500 1649.4572 2032.8072 2052.3072 402.0609 1468.4158 2285.9545 2106.6988 775.3412 1748.0529 391.4920 1986.5772 956.0596 155.4252 390.1282 2534.7830 1921.8150 1946.1133 951.3285 1694.1727 1033.1554 2645.3047 1949.0472 1422.2644 2211.0305 852.6781 2381.7724 1379.0576 1157.7262 2485.6309 1939.9033 2378.4070 1217.4354 2140.0591 1036.8510 990.0505 1063.4232 437.8516 2523.0715 906.5015 1577.3357 1323.2570 586.3523 1502.7442 306.1976 2761.8278 2389.1683 570.6952 1108.3127 1936.5787 769.0254 2871.9201 509.2593 1891.4613 1845.2222 1024.2622 2950.8080 1408.9233 995.9809 932.5492 1709.8634 2336.6754 627.3476 1073.1375 2380.6071 1770.9672 1995.0203 536.6312 1663.6156 1275.3513 2238.2886 1404.2001 391.3937 1968.2350 1550.7347 1386.8572 343.3715 194.6715
885.1130 2501.8425 2582.1629 1444.9211 3135.4036 737.1302 1806.2040 1228.3277 1807.9735 420.3867 348.9312 1800.0011 3267.8326 2760.0569 402.2263 1162.0108 392.6220 817.6650 1074.8107 1648.1747 0.0000 1215.0202 879.0688 711.4183 1810.4784 1836.1579 1754.4586 1138.5662 2464.2930 2665.3527 1671.4978 496.7897 3344.2920 2163.8468 1666.8491 465.9667 3146.3015 657.1674 2698.1924 2179.0576 3027.3054 1473.9149 2522.3523 2426.8978 705.0879 2445.5962 571.3572 2970.6632 745.0671 2426.5020 1637.7439 3027.4090 1034.5671 2231.7047 2018.5076 1432.2182 1714.3048 1372.4147 150.8642 1215.6303 1645.9945 1366.4348 674.4427 2170.2544 1555.7718 1522.7771 1415.7295 2253.9816 1979.4509 1370.7505 2983.1222 151.7135 2246.8620 66.0076 1083.6609 3368.2086 1252.6217 3002.8049 852.9971 1619.4135 1852.1992 2935.0286 2035.2184 447.5992 2332.0485 1674.0553 1708.9061 1103.9588 1644.1889 700.1578 698.7203 1027.1889 1102.4346 1152.9115 3178.1430 2943.9273 1316.8022 798.1103 738.2412 3025.3344 2657.3299 837.6115 3338.4992 733.1603 1306.1290 781.2996 2575.7616 1566.8184 587.4870 1218.2553 876.0559 2506.9952 371.4458 2311.7095 2188.2269 2683.6155 1877.7894 1779.4373 1565.2108 2168.1026 2650.6914 1504.7501 2402.4404 1807.6960 1661.1469 3083.3556 241.2903 2637.0061 1778.9087 962.6344 898.1370 2557.1891 1607.4231 991.8165 2150.3407 2718.6188 929.3492 1819.8255 1336.2492 1981.5239 135.2368 1279.4972 1480.9132 2310.5225 1731.2299 3340.2894 2931.6470 1408.6011 1988.1449 1521.7388
1329.5311 2896.7475 3551.5412 660.8669 3839.7534 937.2433 2740.2279 1276.9154 2724.3704 829.6077 1544.6129 2804.0874 3824.3938 3692.4079 1615.3575 70.1783 1606.4501 431.6133 587.5543 2652.6006 1215.0202 0.0000 1950.8542 604.8223 2522.5705 842.3265 2797.7936 1745.1616 3392.1147 3474.1003 1442.5065 1624.2789 3916.8642 3105.3607 2754.4408 910.5323 3830.7656 700.2578 3426.1891 2565.2996 4001.3248 1394.9297 3530.7173 2929.5203 1845.3599 3412.4655 1434.1273 3848.7091 890.4095 2993.6015 2450.7789 3801.5730 324.5813 2569.5214 2991.4694 1075.6026 2649.0581 2047.7578 1295.6427 2291.7236 2372.7461 2431.5382 1079.7541 2595.0434 652.3343 549.1812 1871.7361 2938.7189 2533.1727 186.1317 3943.3514 1078.6867 2825.8629 1262.4013 820.9537 3913.5182 2257.4917 3769.2340 376.9695 1355.9771 2546.3802 3437.9594 3002.6602 767.5239 3060.1281 2723.7226 2569.0718 118.5960 1554.3825 709.1862 1761.1417 1144.0092 1740.6493 133.6451 3678.2013 3703.0844 859.6243 1846.2031 963.9678 3959.5467 3425.2358 875.8248 3954.4083 788.4478 1757.3802 512.6217 3384.8914 2134.9403 1659.5545 2221.8497 800.0000 3381.0799 1095.2306 2811.4518 3234.5134 3223.3725 2801.9938 906.7221 989.3761 3217.0578 3455.3872 1374.7469 3419.1593 835.2586 2470.1670 3568.5476 1206.9155 3676.8450 703.0178 1366.0824 1676.4403 3458.5306 1686.8435 329.3418 3000.8001 3704.2476 288.8044 1890.2743 1124.4519 2818.6992 1306.9709 1694.2163 1040.7199 2760.3398 2591.7517 3933.8715 3575.6337 1726.9062 2991.3973 2578.5719
882.2205 1921.4333 1703.4697 1928.3747 2328.6447 1110.7858 942.2510 1295.3907 950.8533 1136.5549 569.0141 921.0917 2531.7638 1884.4256 606.9234 1885.9101 619.3174 1624.7664 1583.6224 769.7961 879.0688 1950.8542 0.0000 1560.3750 1083.2885 2345.1247 878.4287 749.0961 1591.3196 1825.8677 1739.5692 383.3771 2596.6511 1291.0356 808.2821 1344.6252 2348.4874 1521.9346 1894.1183 1647.9836 2148.2383 1510.6346 1644.3117 1778.3467 220.8099 1567.3484 537.6291 2104.0290 1151.8233 1733.8956 856.9767 2193.4341 1683.0796 1729.3698 1141.4749 1676.7722 853.1500 785.4935 926.8840 345.3245 934.1370 493.0416 955.5862 1610.9755 2069.1341 2080.6864 1029.8913 1498.8052 1350.2963 2066.9574 2104.3431 947.2745 1563.5041 879.7210 1458.5284 2634.4405 382.2368 2172.4569 1575.3127 1729.4398 1132.8566 2246.6653 1158.8581 1239.8972 1545.2870 798.9124 887.3928 1832.3048 1621.6698 1266.8153 191.6351 1180.8577 702.2848 1926.2401 2478.3287 2117.9806 1674.1332 107.9352 1612.0428 2148.4548 1835.6318 1716.1285 2568.4916 1610.9382 978.0005 1443.5044 1738.4643 1018.1680 301.0997 350.5653 1754.8310 1647.3084 855.6974 1677.6415 1315.5261 1988.5658 1015.2857 2224.9254 1893.5630 1296.0343 1813.2184 1565.3770 1524.9872 2308.0357 880.3051 2397.3527 1077.0074 1764.6600 2349.1126 924.3728 502.0637 1689.1329 1468.9469 1653.6463 1308.9099 1839.6005 1667.8153 1618.1931 1530.7514 1154.4579 895.6255 1001.1778 1757.7946 1712.9215 907.6503 2581.6981 2161.7077 1153.2185 1109.0762 647.2442
1206.0667 2894.5556 3245.7198 1101.3106 3691.8169 843.2823 2447.7853 1350.9882 2442.0295 473.6254 1060.3174 2469.6963 3755.4869 3410.8723 1105.6012 578.0701 1094.6579 181.3395 819.4986 2316.1908 711.4183 604.8223 1560.3750 0.0000 2348.3347 1399.2970 2437.8763 1588.4599 3110.9780 3263.8623 1676.6648 1190.5310 3840.6126 2813.0739 2363.6417 313.4023 3693.6276 96.0469 3260.4947 2558.4527 3695.1441 1549.1937 3199.3795 2873.8707 1408.0160 3107.2298 1120.2076 3601.4447 810.6300 2906.2725 2220.6830 3614.3338 603.6796 2586.7451 2678.6274 1337.2154 2354.7393 1875.1133 748.9539 1904.5265 2186.3618 2053.3767 917.9897 2569.9261 1156.2154 1079.5045 1799.0937 2788.6328 2441.1968 788.3787 3645.7891 613.9422 2728.7296 740.7705 979.4003 3851.5302 1914.3712 3586.0487 386.2642 1599.8800 2382.2229 3391.5915 2693.3611 338.9174 2888.9697 2358.9042 2315.8800 526.2746 1728.5315 612.4124 1370.6064 1159.0362 1567.8297 500.9920 3636.7685 3523.3178 1144.0227 1466.8960 397.3361 3678.5894 3237.4450 361.7084 3855.5784 225.2110 1678.9857 476.7651 3173.4146 2020.7573 1259.4431 1878.7341 324.0525 3132.0391 763.7905 2754.5121 2875.7644 3154.5174 2516.2720 1414.5391 1356.8954 2856.3622 3247.2439 1552.9086 3081.5873 1383.1750 2242.7539 3533.2209 633.3443 3324.8033 1286.0140 1269.3813 1428.6476 3194.0401 1787.5136 558.5410 2760.7443 3388.8978 391.1547 2008.7292 1315.0095 2583.2269 767.8157 1628.9116 1342.5364 2727.3082 2338.8418 3846.7042 3457.3877 1712.2269 2659.4323 2207.5418
1194.0205 893.0711 1183.9430 2203.6862 1343.5014 1590.1135 555.7922 1355.0590 506.3201 1874.7098 1592.2704 767.6067 1464.1755 1254.7709 1661.0027 2452.4390 1672.0048 2340.5384 1981.8925 730.0027 1810.4784 2522.5705 1083.2885 2348.3347 0.0000 2567.2748 885.1311 779.1643 980.2061 955.3036 1587.5607 1390.6919 1536.6968 774.4966 1023.0005 2231.7027 1346.7387 2345.5628 913.5918 710.7208 1594.4811 1417.2357 1242.4110 708.4667 1299.8711 1062.2622 1254.1312 1352.1775 1636.0248 650.7596 254.2302 1280.2066 2201.3280 812.8628 771.1141 1757.0785 535.7285 478.2823 1909.4125 963.7557 164.7119 909.4790 1462.8455 644.1522 2347.9289 2410.1689 706.2082 444.5278 347.0014 2569.4375 1521.8732 1809.0254 483.8026 1838.0492 1765.3614 1565.9173 780.8617 1248.8847 2198.3676 1632.3394 51.4782 1163.5175 764.2316 2011.2715 542.4408 884.2992 340.2117 2413.3315 1403.6983 1833.7025 1182.2123 1407.6111 789.5176 2552.3293 1397.0558 1183.7314 1881.4144 1098.5973 2528.2152 1505.9615 903.0050 2604.4356 1528.1011 2473.0491 796.9900 2037.4555 867.6981 427.7195 1271.1101 792.4557 2619.3438 905.1083 1590.5986 622.0137 1118.5370 905.4546 554.7765 2391.2275 1999.9722 1114.9641 935.8552 1475.5057 1172.8188 2525.8490 236.8903 1314.2427 2045.5906 1434.3936 2647.2514 1157.3681 927.3370 1004.4899 1172.6743 2193.2487 542.8084 1344.8152 2290.5043 1163.9901 1612.9706 383.9909 1877.7745 865.2427 1846.6943 686.7387 341.7967 1530.3702 1121.8066 906.7354 849.8518 883.4687
1510.6386 2670.9706 3716.8310 417.0623 3765.1380 1238.9984 2931.3159 1216.0037 2902.3969 1416.4043 2102.4255 3050.3731 3639.8893 3816.0328 2198.4090 839.8030 2192.9934 1218.2496 780.1859 2911.9595 1836.1579 842.3265 2345.1247 1399.2970 2567.2748 0.0000 3081.1688 1869.3670 3528.6133 3504.5669 1078.6348 2110.9552 3738.7764 3273.0208 3085.2958 1670.4912 3741.2946 1493.8276 3395.8519 2373.4869 4149.7819 1173.2694 3734.7017 2775.7041 2311.6845 3583.1423 1811.7839 3915.9740 1201.8157 2879.3812 2579.0884 3784.3331 825.1091 2343.6301 3195.2923 812.5029 2849.4780 2144.3904 1956.1769 2649.7255 2448.9463 2765.9248 1390.9540 2425.9810 283.3408 323.1996 1861.0991 2915.9549 2463.0570 669.1644 4080.9913 1684.5952 2737.5867 1896.9884 890.0208 3715.8188 2558.1292 3747.5807 1043.3485 1002.8838 2574.9505 3240.1860 3200.7265 1427.2663 3058.6837 3018.8072 2718.6592 882.1638 1255.8268 1148.9547 2177.3695 1217.8690 1886.5593 975.5537 3462.0521 3679.4358 702.1595 2237.8651 1786.1120 4071.9946 3426.2262 1710.2143 3806.2397 1608.1244 1775.6872 1061.8856 3421.6370 2140.7074 2100.7401 2525.8254 1637.7772 3471.7668 1573.2565 2668.3195 3492.5814 3068.6994 2979.2672 196.5731 576.0668 3478.8534 3483.7946 1122.3961 3637.2501 41.4367 2592.9769 3349.0431 1910.2348 3906.0882 183.8478 1503.0585 1928.9173 3567.7023 1467.9717 872.1926 3100.2782 3877.3419 1010.6800 1605.4834 954.3217 2924.0966 1957.1114 1707.7216 724.9966 2587.9927 2739.0518 3770.2686 3471.0555 1664.3320 3222.8317 2892.2145
1571.5597 1737.3373 846.1324 2675.0555 1675.5241 1899.7989 345.6848 1904.6427 394.8329 2003.3971 1427.0172 136.4881 2008.7571 1046.5606 1436.0226 2730.4567 1449.0607 2495.5362 2366.3459 180.5685 1754.4586 2797.7936 878.4287 2437.8763 885.1311 3081.1688 0.0000 1234.6894 778.0521 1124.9356 2265.7846 1257.7460 2047.4164 503.8432 178.2162 2220.4166 1714.1581 2400.3633 1284.3742 1594.8094 1279.6300 2055.0061 769.0163 1510.2013 1057.0118 717.6810 1363.8453 1299.0246 1945.3791 1394.1080 671.2526 1482.0864 2509.8215 1697.4631 335.4072 2323.7629 349.5941 1024.6448 1788.1233 539.3348 857.4223 388.2898 1743.7024 1525.6569 2821.4891 2853.2832 1369.0015 1079.3785 1230.4881 2897.4268 1242.3337 1825.4840 1280.4351 1749.9949 2198.6237 2108.3060 540.7735 1471.8057 2427.7004 2285.9626 927.3710 1836.7820 358.4536 2113.5208 1035.7727 81.1542 546.7952 2679.5242 2102.2564 2094.7783 1067.2793 1864.2001 1208.1958 2785.0637 2025.0847 1432.2475 2381.4057 971.3933 2480.0454 1299.7204 1185.6547 2588.6711 1977.9919 2487.4985 1397.4434 2285.3455 1052.9354 1167.7093 1178.6713 576.2126 2630.3705 891.8520 1712.9206 1456.2369 438.9897 1599.9741 384.6661 2933.6448 2563.3981 420.4688 1119.6160 2115.6909 648.3402 3041.3632 676.0429 1975.7168 1939.1612 887.2294 3115.9495 1579.0155 1157.8104 895.1765 1890.4190 2485.9254 680.5072 970.3159 2521.9169 1950.0359 2170.1237 634.4777 1758.0284 1454.9014 2413.1368 1543.8229 543.3986 2012.6247 1602.9439 1567.3328 258.5440 233.0536
