0.0000 2606.9294 548.5125 2009.4945 1367.8907 2233.3204 1130.6304 580.6798 515.1970 582.0687 721.5019 262.8650 2790.4095 2301.4598 2489.7655 2438.9018 2948.6878 2589.1537 3007.5788 783.1711 258.0949 1980.4934 1987.8966 2459.2228 526.5406 1184.1220 661.7870 814.3169 492.3190 881.4579 3069.9910 439.7204 2432.8750 838.2989 843.9763 2910.2455 1129.4494 698.5528 1123.9506 1099.9418 3098.6658 2516.8967 1673.2555 3350.0210 2850.5096 477.2463 1487.5819 2963.0204 655.3968 1988.5698 3164.4628 1417.3920 1002.9043 1437.2341 2039.9797 1298.8372 1008.4766 1176.5547 592.0760 1414.3302 809.6542 1258.2150 2953.1830 2358.7889 1227.2612 1534.8544 1426.9818 651.9202 1034.2340 1191.6497 438.5487 1044.8445 838.6018 1359.0659 939.9878 674.0757 2349.4578 2795.8330 1315.7173 821.6471 1472.1620 2579.4327 2065.3089 1155.7703 772.9114 629.4958 1627.7337 1867.1135 1718.8165 149.4958 792.1237 3020.1076 765.2091 965.5491 95.9635 2882.7605 737.1092 229.4777 617.8236 1248.5656
2606.9294 0.0000 3153.6197 1013.4520 3182.5377 932.0713 1479.7216 3056.2111 2096.8464 2886.1651 3328.1016 2435.4271 183.9674 411.6916 881.8509 236.1038 510.9256 522.5514 882.3361 2273.8395 2578.4681 1244.0342 1287.0695 608.4735 2091.0232 2700.6314 1987.9097 3367.4508 2958.1793 2436.6151 553.6371 2797.6249 707.0007 1768.9918 2031.9756 604.2020 1803.8173 2291.2959 3317.7369 3187.1155 664.8225 216.9470 936.4000 1093.4578 531.1798 2148.3456 2039.8277 505.1703 2546.6935 673.0267 940.7072 1227.5166 3354.7274 1296.1732 888.2207 2637.2761 1620.2321 1445.0093 2907.0984 1253.5123 1976.7107 2881.4774 394.3159 464.6633 2070.3683 1433.6335 3389.1748 2826.4502 2695.5439 3424.8393 2247.6552 1801.7494 3362.1523 1347.8624 2440.7314 3046.3048 488.6727 259.0077 2230.8485 2279.9002 2318.3555 457.0536 800.2325 1456.9345 3321.7888 2543.6800 1118.0501 1282.6223 906.8875 2511.6536 3325.8919 830.7208 3370.4077 1716.6112 2693.5664 742.2351 3188.2235 2621.3914 3074.8296 2661.1684
548.5125 3153.6197 0.0000 2514.8777 1413.2661 2738.5211 1678.9643 369.4117 1063.5309 664.6879 189.7077 739.4322 3337.2769 2840.9127 2996.2260 2987.2864 3496.6810 3134.8462 3547.5580 1203.2477 661.3660 2496.8981 2500.3146 3003.0926 1073.9576 1416.9435 1186.0017 343.9564 385.1753 1225.4020 3609.4899 527.7651 2952.1343 1386.0999 1291.6044 3456.4376 1627.8802 1127.8448 1020.6846 1077.0376 3646.1048 3059.1543 2221.1317 3890.6911 3397.4121 1022.3160 1908.8829 3500.4897 973.8362 2536.9249 3683.8308 1964.9880 810.7040 1977.8311 2579.1675 1559.6025 1545.6225 1724.9258 570.3508 1946.1480 1286.8232 1422.5291 3495.9502 2893.6221 1656.0447 2018.4370 1382.7295 792.0770 1263.8014 1039.8101 935.9899 1555.3090 497.3982 1882.1929 1277.4525 525.2238 2896.6066 3344.2129 1699.0144 1233.2015 1829.7620 3112.0130 2588.2668 1704.2409 409.6950 953.3022 2150.8838 2383.6118 2260.8636 664.2326 359.3021 3562.0898 241.9194 1485.0943 460.0533 3425.2092 450.5685 571.1129 403.1129 1498.9710
2009.4945 1013.4520 2514.8777 0.0000 2976.0936 223.9732 1078.8851 2325.0009 1572.4681 2448.6404 2702.9867 1777.9904 1160.5434 604.6925 481.4146 1028.5806 1521.2166 1389.5125 1843.2564 1990.5087 2076.1746 1621.9723 1667.4463 1375.1847 1581.0898 2538.4990 1348.7542 2652.1274 2235.4530 2190.8072 1230.9431 2063.1515 464.6988 1271.5302 1244.0016 1591.8006 1660.0928 1969.2608 2966.8517 2870.9699 1677.8087 811.4734 792.3156 2096.8131 1515.3617 1642.4616 2096.4675 1106.5234 2199.6884 943.5094 1179.5495 1046.9785 2932.5956 1225.6794 1307.1438 2532.2421 1039.1059 1105.0670 2137.9883 652.0997 1230.5738 2710.2585 1179.6483 559.3577 1999.5104 519.8711 3142.4126 2432.1160 2475.6001 3063.1854 1582.2076 1598.2641 2840.9366 666.5133 2218.8810 2275.6243 1183.0892 1272.4378 2190.7962 2014.4290 2335.9351 706.2301 221.0543 1077.0464 2780.4640 2186.7430 420.0202 1584.4636 583.1312 1962.7290 2600.0277 1805.6650 2752.5561 1045.5415 2076.6909 1692.0260 2431.7208 1944.9422 2333.3260 2531.8152
1367.8907 3182.5377 1413.2661 2976.0936 0.0000 3180.4630 1898.6443 1742.2239 1499.7243 805.4496 1386.1782 1598.6910 3344.3400 3023.7513 3411.2926 2958.7492 3335.2998 2934.3282 3208.9726 985.6429 1130.6936 2083.7728 2060.1015 2781.2375 1478.6210 483.7561 1791.2334 1732.5637 1706.3098 786.3034 3726.5963 1752.3096 3295.3598 1728.9795 2096.2254 3235.8792 1387.7323 1012.9763 465.1451 345.6545 3447.6347 3183.0055 2335.6303 3534.1273 3202.1383 1427.1331 1223.1047 3649.4609 816.6333 2512.4341 3976.5437 2017.0337 699.1152 1900.0413 2350.3621 578.0078 1971.1443 1882.0271 1875.7156 2325.0215 2021.2533 305.7613 3575.1091 3120.6041 1118.2777 2624.7615 228.8493 716.2576 503.0159 530.7297 1701.7932 1413.1967 1029.0083 2329.8251 763.8272 1892.3353 2763.5913 3280.3257 984.5898 962.1793 969.2812 3340.4533 2941.0383 1903.1815 1090.8148 837.0723 2556.1225 1994.8378 2486.7861 1282.8071 1763.9402 3251.0591 1368.3457 2031.3148 1394.3723 3133.9102 1857.0689 1592.3834 1782.7958 536.8063
2233.3204 932.0713 2738.5211 223.9732 3180.4630 0.0000 1281.9146 2545.3803 1792.8402 2668.0727 2926.7294 2001.8876 1054.7630 553.8312 257.7518 997.9950 1441.9764 1369.4791 1799.3471 2195.8873 2297.5520 1720.9492 1767.4889 1380.0540 1800.7401 2735.9834 1572.3721 2872.8049 2456.5411 2394.2598 1058.8036 2283.9829 277.6274 1487.6576 1464.6611 1531.8659 1845.1840 2178.0321 3182.7053 3084.1180 1591.4905 717.0642 935.2903 2025.4375 1456.7804 1862.2492 2261.3987 933.4077 2412.1553 1016.4773 962.1668 1217.5385 3152.4221 1387.2916 1383.4742 2723.3057 1258.2802 1301.4104 2356.0700 863.6539 1453.5543 2909.8022 1029.8476 468.9232 2180.7178 735.5719 3351.0275 2649.0149 2678.5787 3279.9721 1806.1520 1789.7318 3064.1777 886.4875 2420.1630 2493.1286 1191.8288 1187.0105 2370.4649 2218.2894 2509.5516 552.3812 274.6507 1277.5105 3004.0466 2399.9010 631.0190 1696.4637 735.4250 2185.4924 2820.1596 1754.3301 2976.3678 1268.9748 2300.6619 1651.6089 2650.0057 2168.3773 2553.0018 2725.6566
1130.6304 1479.7216 1678.9643 1078.8851 1898.6443 1281.9146 0.0000 1619.8006 617.6026 1436.5546 1850.2378 984.1611 1662.5102 1202.9306 1516.2773 1308.3260 1823.6954 1478.8009 1921.3186 914.0689 1103.8379 1053.3608 1080.5128 1360.2029 611.3019 1460.6882 567.6592 1914.4965 1520.0832 1112.6154 1963.7846 1374.1867 1412.5955 294.2448 773.9774 1795.4843 618.0623 899.4004 1920.7629 1812.4009 1976.7309 1405.0032 543.6626 2257.8720 1732.1663 668.9163 1112.8544 1864.1955 1141.3851 862.3601 2122.9437 313.0256 1918.0959 424.5904 978.7911 1461.5926 266.3081 81.7068 1504.9149 433.5262 676.4651 1631.5024 1837.1568 1278.1549 958.7935 809.6499 2070.5560 1397.0057 1397.2061 2022.2176 814.3279 536.6796 1890.5417 467.0171 1140.0009 1638.3751 1231.7942 1665.2498 1150.2769 936.4769 1311.3184 1503.0030 1049.1692 31.1448 1846.1194 1131.6625 659.9182 954.4045 622.0490 1031.9322 1878.9745 1924.7974 1891.6765 424.6999 1219.8049 1786.4862 1763.8268 1171.0273 1644.2813 1457.3472
580.6798 3056.2111 369.4117 2325.0009 1742.2239 2545.3803 1619.8006 0.0000 1042.5685 952.5025 516.5675 636.3875 3239.9151 2713.7133 2801.9773 2910.8976 3438.8046 3098.4464 3534.5892 1354.5376 800.7122 2544.0765 2554.2298 2977.1009 1062.0584 1678.5148 1070.4602 327.8796 99.7447 1426.4028 3476.3314 263.0076 2778.1785 1328.7536 1081.0000 3415.1512 1706.3016 1271.2612 1376.2006 1417.0974 3593.9484 2939.8129 2144.3584 3873.9923 3351.2246 1025.3687 2064.0739 3361.7586 1181.3289 2479.4993 3504.1650 1925.7105 1175.2455 1973.6274 2573.9934 1810.5659 1437.4234 1679.3243 222.0923 1812.7032 1103.9099 1712.5496 3375.4225 2752.6253 1804.1666 1811.4715 1732.6892 1068.8166 1523.5751 1402.8492 811.5294 1617.8470 866.6545 1732.9204 1483.2532 156.6046 2851.4272 3265.2205 1881.4316 1391.0618 2030.1946 2963.3393 2425.1783 1648.4380 778.9461 1157.0903 1995.3651 2431.1631 2150.0923 729.5382 275.3561 3541.5252 568.5578 1343.8155 489.8755 3403.3138 156.5407 451.3679 41.7732 1753.9170
515.1970 2096.8464 1063.5309 1572.4681 1499.7243 1792.8402 617.6026 1042.5685 0.0000 876.9493 1232.8280 420.0310 2279.8590 1805.0499 2044.1213 1924.9026 2433.5267 2075.7632 2499.8532 595.6148 506.9093 1507.1941 1520.1451 1947.7692 30.1496 1156.7476 293.9558 1316.1413 944.0053 784.0230 2571.5670 822.2469 1968.4270 330.0015 620.7898 2396.3149 715.6675 528.5641 1407.3042 1328.4352 2583.7697 2015.0159 1161.2149 2841.2858 2336.0071 73.7564 1173.4837 2467.9680 683.2313 1473.4049 2695.2968 902.5940 1360.2371 932.6403 1534.8280 1220.0598 535.4148 661.3963 970.2752 941.2810 532.2030 1292.3579 2449.7106 1869.9864 927.4751 1149.8043 1627.5518 870.9007 1041.1551 1498.8746 329.2370 613.2928 1288.7734 906.3686 834.8802 1090.4870 1834.8330 2281.7997 1074.3649 635.9402 1249.0576 2093.2695 1598.5597 641.8138 1238.3747 663.6181 1167.5209 1395.1276 1220.1516 416.0589 1286.3965 2510.2418 1274.0757 547.2668 606.8847 2372.5042 1194.8063 593.6194 1072.5008 1189.8403
582.0687 2886.1651 664.6879 2448.6404 805.4496 2668.0727 1436.5546 952.5025 876.9493 0.0000 708.8307 834.2002 3064.2345 2638.3550 2917.6018 2689.0671 3152.9979 2766.1050 3132.7499 669.4811 389.3443 2023.2316 2017.0099 2621.8308 867.5512 753.0478 1133.0322 1007.1206 907.2431 614.9504 3393.3425 946.8780 2834.3340 1184.9207 1388.0360 3087.1173 1158.9392 620.9187 550.8403 518.1235 3289.8416 2833.9585 1960.6091 3475.1301 3037.2911 806.2258 1317.3580 3297.4599 385.6488 2225.0182 3555.0360 1658.6657 484.8144 1611.4596 2180.4369 897.8252 1409.8216 1453.1087 1071.8517 1810.2735 1332.8976 763.0970 3259.6788 2714.6007 1084.2629 2019.3093 845.6979 129.3213 601.1090 631.0507 975.1579 1119.4927 515.1398 1782.1560 657.3713 1097.1025 2549.5451 3039.4279 1085.0862 684.5057 1195.4183 2939.4164 2465.1785 1452.8197 511.4098 376.0917 2039.9179 1913.7934 2058.5106 533.8773 1023.5390 3158.3986 715.5452 1419.3988 594.4182 3026.4871 1080.9339 796.8438 993.9869 836.3014
721.5019 3328.1016 189.7077 2702.9867 1386.1782 2926.7294 1850.2378 516.5675 1232.8280 708.8307 0.0000 925.9897 3511.4726 3021.2663 3184.3858 3157.6233 3661.7003 3295.0411 3700.1845 1311.8605 796.1570 2633.3851 2634.3698 3160.7752 1241.0681 1454.3899 1369.8412 355.8103 554.4159 1307.4559 3789.9301 708.8759 3138.5490 1559.1408 1481.3052 3617.2531 1759.7935 1242.0117 959.4384 1041.6357 3809.4269 3237.8823 2393.5800 4043.7718 3559.6343 1186.8450 2004.3006 3681.9132 1059.8358 2704.0468 3870.4070 2130.0951 730.9884 2133.6450 2732.2643 1602.4285 1726.4634 1892.9363 732.6097 2129.1588 1475.8472 1436.2298 3674.3529 3076.0163 1757.9605 2207.7647 1325.5165 837.7977 1305.9253 959.3414 1122.5017 1693.8551 388.6592 2067.3135 1355.4372 663.8531 3059.6949 3514.4793 1782.7689 1337.9555 1901.6540 3295.2551 2773.8464 1874.6418 307.5272 1042.2476 2336.1986 2520.5658 2439.6157 823.6601 400.2812 3716.9236 53.8516 1670.4305 638.2539 3580.7135 554.0984 760.3848 542.2629 1539.9003
262.8650 2435.4271 739.4322 1777.9904 1598.6910 2001.8876 984.1611 636.3875 420.0310 834.2002 925.9897 0.0000 2619.3933 2108.7847 2259.3827 2281.9395 2805.8029 2462.3779 2898.5141 883.5299 468.0182 1926.5524 1939.9838 2340.7163 443.8975 1363.7437 450.5641 933.6434 536.6563 1025.0005 2876.4529 403.0682 2212.7731 692.4081 584.1318 2779.6311 1124.1076 800.1862 1381.5531 1348.7542 2960.0122 2330.3109 1513.8804 3237.6759 2716.2292 421.3431 1547.8068 2765.7339 833.0720 1845.3021 2944.5470 1289.3231 1265.6844 1341.3426 1939.6198 1462.1901 816.4074 1042.9444 550.2763 1210.0264 558.4640 1459.8222 2767.2550 2157.6054 1291.1282 1290.0915 1673.5283 889.5044 1221.8944 1452.1381 196.5731 1025.8548 1092.1360 1143.1929 1083.0295 671.6815 2215.9535 2637.6065 1410.4815 925.1994 1578.1486 2374.6370 1848.9091 1012.5260 1021.8268 807.4930 1411.6859 1814.7245 1533.8553 316.0775 895.6752 2905.1602 974.9179 746.0811 305.0983 2766.9409 783.7576 187.2165 662.6160 1418.3434
2790.4095 183.9674 3337.2769 1160.5434 3344.3400 1054.7630 1662.5102 3239.9151 2279.8590 3064.2345 3511.4726 2619.3933 0.0000 572.6587 965.1679 385.6592 410.4790 564.1631 828.0731 2446.4166 2759.8322 1366.5230 1407.3663 683.3945 2273.7656 2861.4000 2171.8133 3551.3723 3141.9391 2605.6610 431.3351 2981.1510 805.4527 1952.3319 2212.7786 540.0148 1971.5590 2466.0018 3489.7327 3357.2597 544.0965 349.3566 1118.9374 988.5312 478.2175 2330.8567 2185.8401 421.8827 2721.4268 843.9390 881.7766 1406.1881 3530.8039 1467.5302 1023.2908 2793.3816 1804.1430 1626.6038 3090.0138 1435.6215 2158.8110 3041.8764 265.2414 601.6411 2228.8304 1601.8355 3553.4020 3002.5930 2861.0482 3597.2000 2431.5530 1973.5362 3542.6916 1528.6481 2608.0449 3229.2923 606.9341 169.5671 2384.5278 2451.3264 2465.0598 529.1446 954.8571 1639.4249 3503.0856 2718.9704 1294.3477 1415.5550 1090.2408 2694.3808 3509.7357 766.5488 3553.6263 1899.7226 2877.2264 705.0284 3371.6057 2805.3458 3258.4041 2819.3306
2301.4598 411.6916 2840.9127 604.6925 3023.7513 553.8312 1202.9306 2713.7133 1805.0499 2638.3550 3021.2663 2108.7847 572.6587 0.0000 585.3110 444.2128 916.6684 815.9865 1249.6115 2070.0348 2303.7752 1282.8114 1329.5721 835.0150 1803.7339 2551.8033 1658.2295 3031.9645 2617.4975 2250.5877 768.6664 2452.0532 400.8242 1475.4504 1662.7041 989.8535 1637.7549 2073.7601 3106.2943 2986.9926 1074.0135 231.9052 691.1042 1492.7692 913.7056 1863.8232 1964.1978 662.9246 2325.6126 581.2925 955.1649 1009.3805 3117.8547 1129.1364 920.7790 2509.7197 1295.2907 1186.5690 2552.2157 901.4150 1617.2276 2732.1087 662.0733 121.2353 1942.9115 1029.5266 3217.3884 2593.0787 2524.3758 3210.5641 1915.6169 1612.4754 3090.5550 983.2502 2263.8463 2691.9222 652.4944 669.7947 2120.4304 2082.8646 2233.8098 318.0252 388.8573 1185.6492 3042.9376 2318.9623 733.4971 1285.4019 584.9316 2220.4058 2986.8627 1207.7554 3066.2919 1370.4306 2383.0573 1100.4258 2838.9704 2291.4408 2729.3488 2524.4487
2489.7655 881.8509 2996.2260 481.4146 3411.2926 257.7518 1516.2773 2801.9773 2044.1213 2917.6018 3184.3858 2259.3827 965.1679 585.3110 0.0000 1005.9195 1372.0656 1373.0524 1764.0822 2429.3878 2549.8731 1846.6191 1893.5747 1411.7610 2051.1180 2959.5866 1828.4184 3129.5348 2713.5235 2625.2139 875.0023 2540.8522 185.6906 1734.4339 1721.5911 1483.2684 2058.3770 2415.3418 3427.3712 3325.4900 1509.0215 668.6830 1121.5436 1953.5509 1411.8587 2112.7423 2451.1956 752.3736 2653.3400 1134.5810 711.2475 1422.2081 3402.2917 1581.1066 1492.3220 2939.7636 1508.8158 1529.2681 2611.3219 1108.5387 1711.2826 3135.4306 879.9966 469.1961 2388.2081 991.0005 3586.7128 2895.3155 2908.4876 3525.7772 2063.5380 2009.7841 3319.2639 1138.7010 2648.6466 2747.9698 1234.7064 1117.9776 2575.5318 2450.0653 2707.5452 436.1112 471.1528 1509.4545 3259.8313 2641.9093 877.7067 1836.0950 936.8554 2439.8986 3076.5851 1711.0845 3233.9705 1524.7757 2557.7406 1623.5393 2905.3182 2426.1245 2809.1938 2945.2022
2438.9018 236.1038 2987.2864 1028.5806 2958.7492 997.9950 1308.3260 2910.8976 1924.9026 2689.0671 3157.6233 2281.9395 385.6592 444.2128 1005.9195 0.0000 544.4502 372.0874 814.8276 2064.2987 2394.4070 1008.7319 1052.1107 411.1265 1916.7319 2475.9008 1840.5434 3215.5674 2811.8976 2221.2271 788.7287 2656.0271 821.1973 1601.7082 1918.0954 575.7821 1586.8037 2086.0455 3106.7747 2973.1885 706.3427 362.1671 768.3033 1085.0184 499.8130 1972.1060 1806.3715 740.3270 2341.3263 464.1077 1166.6726 1035.7191 3152.0300 1085.3866 652.1265 2408.9765 1474.7315 1265.3462 2772.8577 1137.7539 1853.7017 2656.4399 627.0853 543.0037 1843.6757 1380.8403 3167.7615 2624.1726 2475.5561 3214.4886 2099.4364 1591.1009 3173.4500 1240.8005 2222.9766 2910.9620 260.4496 356.9314 2000.9623 2068.3061 2085.2244 621.4861 807.5302 1283.2182 3136.5832 2339.5600 1040.4773 1046.5338 784.7802 2336.2827 3176.8088 779.6332 3198.2184 1585.4479 2528.0421 663.4471 3047.8432 2468.9889 2931.8151 2434.3266
2948.6878 510.9256 3496.6810 1521.2166 3335.2998 1441.9764 1823.6954 3438.8046 2433.5267 3152.9979 3661.7003 2805.8029 410.4790 916.6684 1372.0656 544.4502 0.0000 400.9800 434.2188 2504.2781 2883.7491 1267.9756 1300.1850 554.2030 2422.7375 2852.8984 2370.5497 3737.9460 3339.3727 2640.9816 743.5005 3186.8759 1206.3851 2117.8340 2460.9104 159.6653 2012.0994 2537.0503 3532.4729 3390.2649 162.2652 724.9531 1295.7345 584.2303 143.8923 2475.3254 2130.6384 784.3889 2789.1728 961.3792 1237.6708 1531.8799 3600.2407 1543.6224 990.1358 2765.8651 2007.7462 1772.5205 3307.5009 1681.5023 2394.4778 3029.5883 604.1937 975.5332 2220.6292 1915.9024 3553.9489 3077.0375 2874.7174 3641.3460 2627.7886 2035.9027 3650.7710 1785.1308 2634.2097 3444.8097 604.7347 255.7851 2353.7748 2502.2886 2406.7092 936.2847 1304.8498 1796.6149 3620.0254 2790.5335 1581.7689 1344.9777 1328.7114 2838.0488 3701.4532 366.2922 3700.0645 2124.3222 3040.0666 341.3444 3578.6279 2993.0005 3461.1874 2800.0436
2589.1537 522.5514 3134.8462 1389.5125 2934.3282 1369.4791 1478.8009 3098.4464 2075.7632 2766.1050 3295.0411 2462.3779 564.1631 815.9865 1373.0524 372.0874 400.9800 0.0000 474.6504 2111.8471 2509.5820 871.2778 905.4943 153.3754 2062.7637 2451.9923 2039.3747 3388.9858 2998.7106 2244.0180 991.2467 2852.3283 1189.5756 1770.1548 2165.0000 322.6019 1618.1301 2147.6091 3135.2426 2991.9139 524.3787 712.1587 979.6208 789.0057 272.1838 2112.7179 1730.9850 984.6487 2398.0234 630.4958 1441.4250 1174.7310 3207.6321 1164.3990 592.0034 2365.0507 1685.8956 1420.2113 2979.8532 1402.1915 2089.4547 2628.6126 827.0218 914.2450 1820.0223 1699.5273 3153.1181 2686.6516 2474.9240 3244.1997 2291.9795 1646.8810 3268.2521 1511.7437 2236.0040 3114.9634 253.4028 419.3197 1952.9078 2108.4205 2007.7649 969.8876 1169.1091 1450.0159 3240.5081 2400.2883 1347.5251 944.9339 1060.3495 2472.3818 3355.5496 458.7036 3331.6308 1815.4168 2682.2155 324.5998 3242.5214 2648.8354 3123.0820 2399.0759
3007.5788 882.3361 3547.5580 1843.2564 3208.9726 1799.3471 1921.3186 3534.5892 2499.8532 3132.7499 3700.1845 2898.5141 828.0731 1249.6115 1764.0822 814.8276 434.2188 474.6504 0.0000 2466.2565 2906.6691 1132.5529 1151.5021 563.6923 2484.3319 2736.1332 2487.4292 3815.9636 3434.9416 2575.3077 1176.2419 3294.1172 1588.6903 2207.2664 2629.9129 288.0851 1973.8171 2512.0657 3457.1221 3306.8465 389.3995 1097.5614 1444.6792 343.7397 353.7358 2530.5497 1985.9995 1218.2364 2754.1193 1095.7536 1671.7012 1610.6055 3552.1522 1570.4292 968.4013 2631.2780 2141.8658 1856.9246 3426.2335 1873.9872 2551.2134 2905.2485 1038.2851 1331.9193 2122.1923 2173.2133 3434.2692 3042.9410 2780.6391 3565.9328 2735.2815 2019.6163 3643.4002 1984.1497 2559.0602 3559.3848 724.0898 660.1091 2227.0056 2457.0181 2249.4330 1334.6554 1622.2370 1891.4579 3622.6711 2759.5045 1821.9234 1232.7486 1534.5097 2883.3378 3785.7166 73.7835 3733.8727 2276.7822 3102.1904 152.3220 3681.7740 3083.3829 3561.0656 2673.2291
783.1711 2273.8395 1203.2477 1990.5087 985.6429 2195.8873 914.0689 1354.5376 595.6148 669.4811 1311.8605 883.5299 2446.4166 2070.0348 2429.3878 2064.2987 2504.2781 2111.8471 2466.2565 0.0000 557.6092 1353.7714 1347.9651 1964.8089 567.6090 576.3402 882.0255 1532.4859 1272.0947 204.6289 2801.3004 1216.8915 2319.2706 754.8152 1215.3028 2430.7057 494.6524 85.0941 1043.9866 917.7086 2636.2210 2246.4710 1379.0957 2807.9523 2383.9148 535.9897 711.8040 2714.4799 287.9201 1602.4884 3014.5792 1062.2434 1096.0082 979.0163 1521.9231 625.4798 995.3542 902.1231 1371.7496 1339.4002 1123.0107 732.0724 2658.3621 2159.7801 454.3710 1652.0463 1157.8877 577.0416 487.7551 1151.0039 890.0247 473.2410 1184.1191 1346.5827 245.9350 1457.0220 1905.0262 2406.9958 533.8249 42.0119 696.3232 2382.8067 1960.4515 919.9391 1173.2540 293.8197 1570.5139 1244.3512 1513.9396 635.3031 1526.8468 2493.6650 1333.2704 1074.0372 866.9729 2363.1049 1508.8502 985.0508 1393.7737 598.8998
258.0949 2578.4681 661.3660 2076.1746 1130.6936 2297.5520 1103.8379 800.7122 506.9093 389.3443 796.1570 468.0182 2759.8322 2303.7752 2549.8731 2394.4070 2883.7491 2509.5820 2906.6691 557.6092 0.0000 1838.6367 1840.8112 2372.2668 503.2415 926.0540 746.2339 979.4167 723.1051 630.8922 3067.2861 694.0958 2475.3198 830.7647 1000.5563 2832.1783 967.1572 476.6896 938.7843 889.2722 3028.0497 2508.7766 1643.1217 3250.3889 2776.8187 441.9378 1269.4003 2966.3016 398.0276 1934.0861 3201.7458 1359.0824 861.9571 1345.3539 1939.8603 1041.4802 1041.8839 1133.4805 843.3179 1448.1854 943.6318 1003.6742 2940.7633 2372.5434 1011.2275 1634.6428 1210.5205 424.3501 776.5417 1020.3695 589.2911 898.0050 786.9244 1411.3246 688.8977 912.9211 2279.4765 2749.6554 1080.7706 592.4432 1230.5031 2596.4976 2105.4524 1124.1779 743.3256 372.2392 1674.0400 1725.5915 1719.3432 152.6892 970.8167 2925.0089 827.6726 1038.0077 322.9396 2789.4804 953.4721 486.3713 840.7883 990.6932
1980.4934 1244.0342 2496.8981 1621.9723 2083.7728 1720.9492 1053.3608 2544.0765 1507.1941 2023.2316 2633.3851 1926.5524 1366.5230 1282.8114 1846.6191 1008.7319 1267.9756 871.2778 1132.5529 1353.7714 1838.6367 0.0000 46.9574 719.3365 1485.1306 1606.7473 1586.6001 2793.7806 2446.9908 1447.7465 1791.1351 2329.3407 1671.3530 1280.6409 1827.1579 1156.5954 874.6485 1408.2081 2325.1566 2174.3804 1368.6563 1334.9625 857.4252 1467.7060 1129.2480 1518.8107 866.2251 1748.9929 1639.4551 712.1461 2167.4402 775.6713 2426.1527 628.8561 366.0833 1508.2984 1318.2492 972.4325 2475.8837 1250.1072 1728.3640 1778.6571 1626.0726 1403.7952 989.7434 1667.7422 2307.0711 1925.9372 1648.0977 2433.8737 1797.9613 941.5912 2537.8111 1351.6871 1428.8824 2597.6759 760.5012 1261.3406 1099.2952 1340.0963 1139.8618 1570.0717 1450.2845 1023.0704 2524.4964 1647.2866 1346.0301 113.4416 1060.1755 1842.4931 2772.5486 1170.0838 2661.8514 1475.8879 2076.4279 1050.3380 2698.4514 2099.5661 2576.0202 1546.9874
1987.8966 1287.0695 2500.3146 1667.4463 2060.1015 1767.4889 1080.5128 2554.2298 1520.1451 2017.0099 2634.3698 1939.9838 1407.3663 1329.5721 1893.5747 1052.1107 1300.1850 905.4943 1151.5021 1347.9651 1840.8112 46.9574 0.0000 754.4879 1497.4732 1585.0155 1607.4878 2800.2187 2457.5795 1435.8834 1833.0003 2342.3631 1718.2951 1301.2271 1853.5569 1185.5294 874.5885 1404.5871 2309.1561 2157.3495 1397.4223 1380.3224 900.2805 1483.9063 1160.4223 1529.5780 839.6219 1792.1710 1632.3884 759.0922 2212.2102 808.6884 2414.2262 656.0678 412.0437 1483.5420 1346.1426 999.2197 2489.8604 1288.2379 1753.9752 1755.4771 1667.6993 1450.5792 973.4521 1707.4194 2284.2981 1917.7364 1630.2837 2417.6981 1814.9628 945.8081 2531.9747 1388.7984 1415.2745 2610.4216 802.2001 1299.6911 1076.3907 1332.9235 1110.8915 1616.2135 1496.6255 1050.5056 2520.2629 1640.9193 1388.0519 127.6401 1104.0059 1848.5410 2780.0031 1191.3291 2662.0210 1504.1390 2083.7524 1074.2090 2709.0340 2111.3505 2586.6490 1523.5633
2459.2228 608.4735 3003.0926 1375.1847 2781.2375 1380.0540 1360.2029 2977.1009 1947.7692 2621.8308 3160.7752 2340.7163 683.3945 835.0150 1411.7610 411.1265 554.2030 153.3754 563.6923 1964.8089 2372.2668 719.3365 754.4879 0.0000 1933.6458 2299.0542 1925.1039 3263.1808 2877.3726 2094.1263 1114.6022 2734.1662 1226.2178 1648.4914 2067.4344 465.8970 1470.5037 2002.3039 2985.0082 2840.9901 673.0267 772.1205 883.6996 897.6692 422.5731 1982.0991 1577.7303 1096.2614 2251.5737 536.8994 1545.7975 1051.4129 3060.0634 1027.3699 443.0169 2211.7127 1578.1914 1297.8582 2864.7242 1318.9803 1987.8695 2475.5056 948.6311 944.0381 1667.4846 1642.8101 3000.2763 2540.4954 2323.0439 3094.0026 2174.5294 1502.3438 3126.0358 1430.1262 2085.2937 2998.5605 192.1692 554.0081 1799.5902 1960.5165 1854.6687 1031.9932 1158.4213 1330.6668 3099.8466 2254.3549 1287.4735 791.6363 989.1638 2339.5153 3231.2334 564.6530 3196.4630 1713.4439 2552.9849 426.3531 3122.9782 2526.4166 3002.7696 2245.8586
526.5406 2091.0232 1073.9576 1581.0898 1478.6210 1800.7401 611.3019 1062.0584 30.1496 867.5512 1241.0681 443.8975 2273.7656 1803.7339 2051.1180 1916.7319 2422.7375 2062.7637 2484.3319 567.6090 503.2415 1485.1306 1497.4732 1933.6458 0.0000 1130.8139 318.5294 1331.8292 963.8698 757.5071 2569.3735 845.0781 1972.9339 328.4661 648.0069 2383.7370 687.7914 501.7739 1393.9785 1312.4256 2572.2848 2012.1203 1154.8407 2826.1366 2323.9832 61.6847 1143.6053 2466.6262 662.6507 1463.4606 2698.6256 891.0584 1351.6871 915.6577 1518.3313 1192.4953 542.4924 651.8911 994.0890 946.1401 558.0547 1268.0607 2446.1719 1870.3417 897.3656 1164.7270 1609.2197 857.3593 1016.8151 1486.6506 358.8036 586.0759 1287.8828 914.6174 807.8465 1112.9587 1822.9660 2273.5261 1044.2993 607.7146 1219.0332 2094.0038 1603.1126 634.5676 1239.2114 643.6226 1173.8390 1372.8256 1218.8294 420.6305 1303.1980 2495.4825 1281.5030 562.4091 619.5046 2357.8891 1215.0000 614.5934 1092.6047 1162.8831
1184.1220 2700.6314 1416.9435 2538.4990 483.7561 2735.9834 1460.6882 1678.5148 1156.7476 753.0478 1454.3899 1363.7437 2861.4000 2551.8033 2959.5866 2475.9008 2852.8984 2451.9923 2736.1332 576.3402 926.0540 1606.7473 1585.0155 2299.0542 1130.8139 0.0000 1449.0566 1760.0060 1617.9360 374.8346 3246.2193 1615.6129 2836.2369 1329.1087 1776.4473 2755.3893 914.1625 630.2484 765.5403 605.5617 2966.9029 2705.5410 1867.4916 3065.0188 2720.4827 1090.2481 756.3736 3170.9376 532.4303 2031.8339 3506.3371 1550.3435 934.4271 1424.2405 1866.9381 152.0428 1567.8986 1434.7745 1759.7264 1893.1976 1688.8236 181.0690 3093.6950 2651.4724 634.5274 2224.2583 701.5012 624.8880 154.9871 868.1164 1418.4076 950.4867 1179.2650 1910.1374 330.8474 1811.3147 2279.8406 2796.5809 509.4752 542.6094 530.9030 2869.3581 2488.4361 1461.4760 1210.6663 558.3637 2120.4797 1515.0716 2027.5663 1060.9929 1774.8761 2776.2206 1454.4724 1650.3539 1240.7973 2656.9586 1817.7307 1412.0287 1720.2584 88.3912
661.7870 1987.9097 1186.0017 1348.7542 1791.2334 1572.3721 567.6592 1070.4602 293.9558 1133.0322 1369.8412 450.5641 2171.8133 1658.2295 1828.4184 1840.5434 2370.5497 2039.3747 2487.4292 882.0255 746.2339 1586.6001 1607.4878 1925.1039 318.5294 1449.0566 0.0000 1379.5920 971.6625 1075.2349 2426.0117 816.3333 1771.8366 306.3152 336.9421 2352.3701 902.9208 819.3327 1676.2008 1607.3736 2526.8874 1879.9269 1074.9930 2822.3935 2286.6948 364.8041 1397.9049 2315.6520 974.6841 1414.3111 2503.6783 880.6100 1607.7727 967.9174 1545.3508 1507.4906 367.6860 638.1387 940.4786 760.3184 241.0187 1586.2638 2316.8332 1707.9851 1168.0839 889.0894 1912.9435 1143.5043 1335.0423 1762.8434 259.7557 795.0610 1492.8714 698.4168 1124.6444 1076.0019 1789.3781 2194.7665 1330.8832 921.0917 1506.6124 1926.0127 1405.2135 598.2048 1431.7102 954.2227 967.3846 1479.8625 1084.2324 619.1098 1338.2354 2489.1742 1417.0395 303.7845 733.9734 2350.9236 1208.1341 634.4336 1091.3570 1479.6168
814.3169 3367.4508 343.9564 2652.1274 1732.5637 2872.8049 1914.4965 327.8796 1316.1413 1007.1206 355.8103 933.6434 3551.3723 3031.9645 3129.5348 3215.5674 3737.9460 3388.9858 3815.9636 1532.4859 979.4167 2793.7806 2800.2187 3263.1808 1331.8292 1760.0060 1379.5920 0.0000 417.4326 1565.7177 3796.6018 589.0008 3104.1915 1620.7199 1408.2045 3708.0881 1934.7971 1454.2077 1314.0095 1390.1165 3891.2129 3256.5634 2447.4378 4157.4084 3645.9524 1287.5294 2242.1962 3683.0175 1314.0552 2776.7841 3831.0131 2214.2556 1086.7700 2247.2761 2850.0935 1903.2735 1747.2347 1969.1737 535.3597 2130.5553 1428.2423 1760.5082 3692.9081 3073.7484 1986.7526 2139.2003 1680.0503 1135.1617 1607.2287 1315.1186 1119.9040 1855.1043 743.7587 2053.8364 1618.6380 417.6147 3144.9528 3571.2398 2037.6025 1564.4271 2171.3740 3286.0367 2749.5747 1942.0404 663.3310 1292.7912 2317.9925 2680.3517 2463.3201 951.7232 64.4050 3826.1984 389.3443 1661.6116 718.4184 3688.3628 263.8371 746.7289 325.5549 1842.4603
492.3190 2958.1793 385.1753 2235.4530 1706.3098 2456.5411 1520.0832 99.7447 944.0053 907.2431 554.4159 536.6563 3141.9391 2617.4975 2713.5235 2811.8976 3339.3727 2998.7106 3434.9416 1272.0947 723.1051 2446.9908 2457.5795 2877.3726 963.8698 1617.9360 971.6625 417.4326 0.0000 1352.6515 3380.9675 173.1589 2686.8355 1229.0114 991.9325 3315.4591 1612.8788 1188.1321 1358.9588 1388.9053 3494.4173 2843.1161 2045.1293 3774.2900 3251.5813 928.1864 1979.3398 3266.8523 1111.0756 2379.9202 3414.0119 1825.9775 1168.6732 1874.5026 2474.6161 1746.4249 1338.8805 1579.5863 186.9866 1716.2296 1010.8422 1660.7110 3278.9907 2657.6194 1719.1079 1723.9072 1709.4259 1018.0855 1463.3885 1393.0919 712.4612 1523.1737 877.1551 1637.7088 1410.1323 193.3805 2751.7358 3166.3998 1801.8263 1309.4709 1953.5386 2869.2056 2332.2232 1548.7056 790.0190 1086.2988 1901.1305 2334.1862 2052.3723 641.7983 369.4239 3441.8071 608.0008 1247.2037 405.1234 3303.5923 251.4677 351.9233 129.0736 1691.1115
881.4579 2436.6151 1225.4020 2190.8072 786.3034 2394.2598 1112.6154 1426.4028 784.0230 614.9504 1307.4559 1025.0005 2605.6610 2250.5877 2625.2139 2221.2271 2640.9816 2244.0180 2575.3077 204.6289 630.8922 1447.7465 1435.8834 2094.1263 757.5071 374.8346 1075.2349 1565.7177 1352.6515 0.0000 2971.2100 1321.1639 2511.1856 959.3774 1404.6380 2558.8257 634.7031 255.9062 891.5049 752.4095 2767.1520 2419.9680 1559.8410 2913.8588 2516.0002 719.2246 702.4329 2887.9976 251.6764 1763.6082 3199.5783 1241.2252 978.4503 1141.1582 1652.0148 442.1154 1199.9821 1096.0534 1472.6065 1540.6836 1315.4908 527.4438 2824.8742 2343.6930 475.0853 1856.6750 967.7319 498.1245 284.8719 1000.3644 1058.4937 639.4279 1121.3496 1550.1135 58.6941 1543.4539 2048.4160 2557.4929 475.4787 176.4766 606.9539 2565.4483 2155.2227 1116.8890 1125.4901 273.2709 1771.0181 1343.3172 1703.5451 742.7577 1568.4451 2607.2902 1320.9682 1277.2255 953.6483 2480.1363 1575.9296 1100.1691 1467.2185 406.7284
3069.9910 553.6371 3609.4899 1230.9431 3726.5963 1058.8036 1963.7846 3476.3314 2571.5670 3393.3425 3789.9301 2876.4529 431.3351 768.6664 875.0023 788.7287 743.5005 991.2467 1176.2419 2801.3004 3067.2861 1791.1351 1833.0003 1114.6022 2569.3735 3246.2193 2426.0117 3796.6018 3380.9675 2971.2100 0.0000 3213.9230 781.2324 2241.6266 2413.4641 899.7255 2342.3204 2812.8962 3844.3028 3718.1518 815.1570 559.4462 1433.0251 1242.0403 856.2488 2628.9795 2593.2638 125.3994 3067.3758 1214.3859 498.6582 1742.1553 3868.8740 1830.7608 1440.0535 3186.7132 2063.8803 1940.7241 3309.0731 1667.2099 2375.1516 3427.2558 166.2919 724.4598 2618.6762 1733.5158 3930.0733 3341.6201 3235.4624 3950.3086 2682.6293 2332.7677 3854.1710 1743.4119 2978.3230 3448.7025 1030.8002 575.5979 2781.9477 2810.0429 2871.6354 527.4126 1070.7950 1944.5935 3808.2790 3062.6084 1483.4237 1834.3135 1352.0004 2987.3697 3750.3713 1105.9914 3834.9094 2135.4007 3151.7237 1079.6411 3598.2808 3058.3468 3490.6872 3209.1035
439.7204 2797.6249 527.7651 2063.1515 1752.3096 2283.9829 1374.1867 263.0076 822.2469 946.8780 708.8759 403.0682 2981.1510 2452.0532 2540.8522 2656.0271 3186.8759 2852.3283 3294.1172 1216.8915 694.0958 2329.3407 2342.3631 2734.1662 845.0781 1615.6129 816.3333 589.0008 173.1589 1321.1639 3213.9230 0.0000 2515.5049 1087.1306 819.3229 3167.1320 1515.7421 1131.8277 1438.8471 1451.0031 3343.0633 2678.6961 1891.3091 3631.7854 3102.1162 817.1034 1911.9440 3099.1076 1091.9345 2229.7417 3242.0187 1683.5255 1266.1742 1742.7886 2339.0094 1735.0458 1181.3488 1437.2018 155.6535 1551.5012 840.9102 1676.6589 3113.9409 2490.0452 1652.0109 1550.9739 1776.9460 1044.5066 1463.3557 1483.7766 560.3936 1420.8427 1000.2645 1470.5516 1379.6757 268.6336 2603.6378 3009.3521 1750.6713 1256.4434 1909.7353 2700.4350 2162.1751 1403.5387 915.2759 1066.2256 1732.5175 2217.3608 1890.9574 582.8147 538.2732 3298.8149 762.7169 1083.0129 374.8346 3160.5079 391.8622 238.2478 277.4815 1683.1976
2432.8750 707.0007 2952.1343 464.6988 3295.3598 277.6274 1412.5955 2778.1785 1968.4270 2834.3340 3138.5490 2212.7731 805.4527 400.8242 185.6906 821.1973 1206.3851 1189.5756 1588.6903 2319.2706 2475.3198 1671.3530 1718.2951 1226.2178 1972.9339 2836.2369 1771.8366 3104.1915 2686.8355 2511.1856 781.2324 2515.5049 0.0000 1649.6672 1698.5656 1310.8661 1927.8166 2310.6183 3332.5048 3224.8760 1348.7509 491.1375 978.7773 1790.1117 1238.1769 2034.5734 2301.7118 655.8331 2553.9495 960.6690 731.9563 1288.8433 3318.9194 1438.2785 1313.9658 2809.3567 1434.6714 1417.2233 2595.7698 1027.1577 1677.0107 3013.9081 755.9134 283.6230 2251.5117 983.1811 3476.9147 2804.7854 2792.4249 3432.9978 2016.2004 1885.9483 3253.2104 1073.8124 2531.5489 2734.1055 1049.0572 950.8444 2436.3508 2337.6281 2562.8192 283.2102 369.8675 1402.6290 3197.3115 2543.9532 805.3980 1665.1516 808.9654 2373.0053 3053.5188 1537.7181 3186.8696 1468.9602 2505.4920 1446.1165 2888.9322 2385.6305 2788.0920 2817.7361
838.2989 1768.9918 1386.0999 1271.5302 1728.9795 1487.6576 294.2448 1328.7536 330.0015 1184.9207 1559.1408 692.4081 1952.3319 1475.4504 1734.4339 1601.7082 2117.8340 1770.1548 2207.2664 754.8152 830.7647 1280.6409 1301.2271 1648.4914 328.4661 1329.1087 306.3152 1620.7199 1229.0114 959.3774 2241.6266 1087.1306 1649.6672 0.0000 592.0785 2088.0345 635.0031 716.4838 1695.3873 1600.9400 2270.5543 1685.0240 835.0407 2545.7262 2025.3602 389.0977 1144.5737 2138.3697 931.9163 1156.4605 2372.9075 597.0971 1669.6826 665.6223 1253.4257 1359.1427 242.1652 350.6337 1222.4733 625.9976 486.5645 1486.7158 2119.8493 1542.0000 937.6593 897.7422 1881.0130 1161.3806 1240.1246 1792.3147 531.0461 529.3061 1616.2797 608.3461 998.4558 1353.4641 1524.5593 1958.5630 1116.6150 786.6594 1289.8155 1765.8001 1280.3156 321.3378 1567.5207 917.6056 857.1814 1173.6115 890.5195 746.0241 1585.8515 2213.0407 1601.4806 331.8463 926.4556 2074.7860 1474.6542 878.6837 1354.2869 1342.6574
843.9763 2031.9756 1291.6044 1244.0016 2096.2254 1464.6611 773.9774 1081.0000 620.7898 1388.0360 1481.3052 584.1318 2212.7786 1662.7041 1721.5911 1918.0954 2460.9104 2165.0000 2629.9129 1215.3028 1000.5563 1827.1579 1853.5569 2067.4344 648.0069 1776.4473 336.9421 1408.2045 991.9325 1404.6380 2413.4641 819.3229 1698.5656 592.0785 0.0000 2463.9897 1221.5204 1149.3442 1938.7246 1886.6372 2621.5633 1893.2778 1185.7824 2954.0015 2393.6368 686.2099 1724.8455 2295.7617 1284.3570 1535.2036 2423.2385 1071.2012 1841.4073 1198.3030 1729.7980 1840.4700 511.8564 854.7263 898.3908 781.2925 105.5462 1906.9759 2323.1810 1689.3955 1500.9763 732.6459 2202.1900 1419.4140 1656.4879 2017.0198 413.5807 1114.1436 1675.7783 684.1550 1455.6665 1037.4671 1911.6004 2260.6924 1666.6373 1255.0219 1842.3292 1893.4131 1350.7394 804.5079 1604.0873 1262.0986 931.1933 1726.8830 1133.9533 854.4290 1356.0723 2622.7928 1533.0144 359.4565 887.7190 2486.1191 1190.7619 722.9301 1089.7715 1810.6275
2910.2455 604.2020 3456.4376 1591.8006 3235.8792 1531.8659 1795.4843 3415.1512 2396.3149 3087.1173 3617.2531 2779.6311 540.0148 989.8535 1483.2684 575.7821 159.6653 322.6019 288.0851 2430.7057 2832.1783 1156.5954 1185.5294 465.8970 2383.7370 2755.3893 2352.3701 3708.0881 3315.4591 2558.8257 899.7255 3167.1320 1310.8661 2088.0345 2463.9897 0.0000 1936.3752 2467.9362 3449.1776 3304.1648 212.0778 821.0347 1283.7932 509.2838 76.5506 2434.1678 2022.6876 934.3195 2717.4466 938.3565 1391.0607 1494.2868 3525.8973 1486.9960 908.8564 2662.8310 1994.8985 1738.9146 3292.4327 1691.2129 2392.3096 2930.1911 755.5084 1062.9487 2126.7358 1955.8643 3456.8833 3006.3381 2784.2135 3558.2029 2606.7884 1967.6557 3590.2011 1798.2539 2549.0096 3428.3712 563.7242 372.4849 2251.8537 2426.3192 2296.1411 1051.0538 1371.9971 1767.1633 3562.8619 2720.1529 1612.2258 1241.0979 1341.7097 2794.3672 3673.8771 228.3966 3654.0022 2119.4155 3003.0278 181.7278 3558.0136 2966.4047 3439.1308 2699.3942
1129.4494 1803.8173 1627.8802 1660.0928 1387.7323 1845.1840 618.0623 1706.3016 715.6675 1158.9392 1759.7935 1124.1076 1971.5590 1637.7549 2058.3770 1586.8037 2012.0994 1618.1301 1973.8171 494.6524 967.1572 874.6485 874.5885 1470.5037 687.7914 914.1625 902.9208 1934.7971 1612.8788 634.7031 2342.3204 1515.7421 1927.8166 635.0031 1221.5204 1936.3752 0.0000 538.5165 1523.8914 1387.0746 2142.4197 1795.6517 954.2243 2316.2290 1890.2891 702.8087 511.7695 2262.6785 782.2052 1130.9439 2592.1753 639.0493 1589.6053 512.5329 1027.5218 881.8038 816.6352 567.2081 1669.0147 1040.3509 1116.3100 1094.3551 2193.6987 1737.4444 342.5463 1427.3367 1587.8492 1071.4178 893.1562 1632.3434 1041.3765 107.8703 1670.5906 1084.6068 636.9152 1778.8249 1415.7316 1923.0564 534.8046 490.3305 693.2712 1955.2220 1588.2975 607.7705 1653.2562 786.3822 1252.6711 762.5307 1121.9349 985.0812 1918.2502 2000.0145 1787.5450 951.4710 1224.2798 1868.9088 1862.6567 1278.4569 1741.2852 890.4493
698.5528 2291.2959 1127.8448 1969.2608 1012.9763 2178.0321 899.4004 1271.2612 528.5641 620.9187 1242.0117 800.1862 2466.0018 2073.7601 2415.3418 2086.0455 2537.0503 2147.6091 2512.0657 85.0941 476.6896 1408.2081 1404.5871 2002.3039 501.7739 630.2484 819.3327 1454.2077 1188.1321 255.9062 2812.8962 1131.8277 2310.6183 716.4838 1149.3442 2467.9362 538.5165 0.0000 1032.7851 915.5414 2671.7788 2255.9710 1384.4508 2854.6448 2419.2464 465.1236 793.5162 2723.3498 255.4310 1622.6256 3012.9210 1070.8427 1066.5107 1001.6836 1560.3080 692.7178 958.5682 895.0559 1286.7206 1317.1674 1059.6547 775.6114 2672.6380 2160.1558 534.6569 1613.6573 1173.2285 540.2370 526.0114 1137.8686 812.8868 501.1547 1132.1276 1317.5325 306.4327 1372.5371 1935.2664 2432.1567 618.9152 125.6344 781.0410 2384.1000 1948.5197 908.0666 1116.3404 254.0020 1549.5112 1297.4332 1509.5887 550.4407 1447.2056 2537.4826 1265.3209 1027.0039 783.0332 2405.6143 1425.9067 899.9844 1310.3107 661.2866
1123.9506 3317.7369 1020.6846 2966.8517 465.1451 3182.7053 1920.7629 1376.2006 1407.3042 550.8403 959.4384 1381.5531 3489.7327 3106.2943 3427.3712 3106.7747 3532.4729 3135.2426 3457.1221 1043.9866 938.7843 2325.1566 2309.1561 2985.0082 1393.9785 765.5403 1676.2008 1314.0095 1358.9588 891.5049 3844.3028 1438.8471 3332.5048 1695.3873 1938.7246 3449.1776 1523.8914 1032.7851 0.0000 160.1531 3658.0001 3288.2074 2417.2342 3792.6835 3407.1234 1334.3257 1507.2641 3755.8265 781.1850 2645.9526 4042.1148 2102.9819 238.6001 2022.2267 2543.2692 907.3968 1929.8627 1923.9673 1540.5691 2319.5312 1882.0194 647.0626 3702.2027 3191.3649 1335.7384 2556.6277 366.0874 536.6237 682.7921 109.0413 1525.9895 1516.2404 581.8471 2301.9559 900.4355 1531.8619 2939.2776 3446.5155 1255.9256 1038.4801 1296.3989 3415.6633 2966.3853 1932.5889 653.6918 789.3960 2551.7856 2224.7054 2538.3690 1084.7166 1352.8167 3491.7682 934.0161 1954.3285 1120.8756 3366.5943 1471.2406 1325.3984 1414.2974 848.2482
1099.9418 3187.1155 1077.0376 2870.9699 345.6545 3084.1180 1812.4009 1417.0974 1328.4352 518.1235 1041.6357 1348.7542 3357.2597 2986.9926 3325.4900 2973.1885 3390.2649 2991.9139 3306.8465 917.7086 889.2722 2174.3804 2157.3495 2840.9901 1312.4256 605.5617 1607.3736 1390.1165 1388.9053 752.4095 3718.1518 1451.0031 3224.8760 1600.9400 1886.6372 3304.1648 1387.0746 915.5414 160.1531 0.0000 3513.6776 3164.0330 2296.3711 3641.2395 3263.4419 1254.7398 1349.9881 3632.0895 672.1674 2514.3719 3928.3769 1979.9253 364.9014 1890.9558 2400.2977 747.3005 1839.2588 1810.5472 1564.6501 2220.5481 1823.0140 489.4007 3573.8363 3075.0436 1184.6561 2477.0164 327.9832 467.2387 527.7954 263.7366 1477.9354 1385.9769 684.2551 2209.2614 756.0589 1570.0860 2800.0971 3309.8716 1098.8175 908.1410 1136.4599 3298.6762 2861.0636 1822.4020 745.1604 684.2814 2453.3351 2075.3007 2425.1289 1040.4023 1423.3777 3342.5766 1022.9374 1874.8347 1110.5751 3218.4673 1524.7485 1314.0609 1456.8356 688.0959
3098.6658 664.8225 3646.1048 1677.8087 3447.6347 1591.4905 1976.7309 3593.9484 2583.7697 3289.8416 3809.4269 2960.0122 544.0965 1074.0135 1509.0215 706.3427 162.2652 524.3787 389.3995 2636.2210 3028.0497 1368.6563 1397.4223 673.0267 2572.2848 2966.9029 2526.8874 3891.2129 3494.4173 2767.1520 815.1570 3343.0633 1348.7509 2270.5543 2621.5633 212.0778 2142.4197 2671.7788 3658.0001 3513.6776 0.0000 875.1828 1452.8049 446.7538 252.5569 2624.0385 2234.7640 876.0205 2922.3834 1114.7107 1313.7858 1681.2739 3731.9712 1684.5676 1115.5810 2874.8134 2165.2356 1923.6572 3464.9127 1842.7208 2554.3019 3141.9238 696.3476 1127.8409 2337.6202 2077.6853 3668.4041 3210.9703 2994.6102 3767.0005 2783.4621 2170.9007 3790.7104 1946.7291 2758.1525 3601.9134 749.7373 406.0542 2463.7390 2632.6720 2508.1302 1073.1566 1462.7389 1949.2165 3761.7584 2924.5801 1744.0267 1452.9546 1490.0899 2985.8689 3855.4535 315.6264 3847.1014 2283.5553 3190.6114 355.2942 3734.6641 3147.1374 3616.7969 2911.2200
