0.0000 1699.5464 1845.7229 942.3274 2709.4062 1440.0014 1315.0285 1751.1122 1226.9283 1379.0232 1953.6474 542.6527 744.4528 1288.5046 511.1653 1371.3125 1957.1472 876.8124 1267.4652 956.0131 2104.9031 1759.0728 2015.9625 658.5993 2052.0351 1051.4927 462.1796 2477.9978 844.6183 1615.0050 1136.8663 806.9752 1648.9027 2229.0036 1738.8286 1491.3594 1043.1917 2487.1144 2392.4141 379.0330 1641.0387 1195.0067 2875.2303 1519.5700 1646.7972 576.6671 1203.0067 1728.6602 861.9756 2216.6364 1523.4963 1977.1318 32.3110 1545.3857 1114.0166 2651.0089 1512.5492 2503.4506 1782.8026 1058.6468 948.0527 2002.1913 1472.7614 961.2081 1023.5165 1443.4161 1040.0000 1690.9089 1598.8787 2350.7807 2454.8503 2217.7687 1863.4133 1561.8867 1637.8925 2456.4991 1238.2932 1254.1874 740.7624 1224.0543 1723.7729 1365.7119 2029.0727 1859.2270 215.8726 2526.1215 2317.2797 2507.6485 1830.7081 2142.0934 2315.8795 1361.8120 924.8762 2431.3356 2400.6241 2036.6544 1832.8822 2406.5349 1271.7692 1650.4584 2595.6579 2045.2345 1674.8970 1307.3584 1224.6012 1749.9223 769.0416 2047.8520 2361.7760 807.5952 2388.9119 1768.5593 1954.9335 2013.1935 1150.3965 806.0434 740.5572 1918.1129 2649.7692 1181.0775 2426.6629 2098.8344 2415.3165 2298.0009 463.0616 2170.0811 1529.6281 1750.4048 2763.9474 825.5616 2546.5068 809.5875 2325.1720 1540.1211 1410.5917 1848.6657 379.3257 1839.9054 2471.1042 1285.1965 1282.7864 744.7664 1071.8255 1932.9030 2206.2321 1404.2952 1055.1422 2490.5295 1412.8061 2096.7892
1699.5464 0.0000 1118.2133 1352.7354 1157.3556 552.2409 2851.3986 972.2757 2573.6793 1824.2218 2632.0524 1580.8257 1022.0959 1561.1182 1234.6028 2436.5779 1266.9400 1973.0327 1871.1670 1195.7646 617.4504 853.9936 349.4810 2191.6033 1348.8165 2499.3345 1244.4340 1145.9655 2041.4235 331.3080 767.3233 2332.3261 1803.4395 1449.6707 76.2955 1685.6824 2233.0358 1090.5577 1052.9050 1477.5385 713.7408 1111.3294 1299.1401 2432.8948 1892.5234 1903.0242 782.0927 2417.8478 1872.6324 628.0072 2577.4532 2658.8719 1714.8207 499.3846 1051.6924 1195.8871 1661.6368 1508.4127 988.7108 1107.6809 2336.0809 585.8498 2466.2863 1171.0478 708.4547 2254.1500 893.6632 208.6552 1335.1498 679.2231 1019.1526 777.5680 1124.9822 1649.0494 715.3587 772.8143 503.7460 2638.7512 1107.7116 476.1607 1919.6158 2751.4740 630.1254 2564.8308 1484.6457 922.6440 2739.2074 1292.0112 667.2046 1376.1141 616.3700 1873.5853 1640.5030 733.8781 717.8649 2505.5325 2024.9684 1314.1522 1783.4139 1762.1297 1212.4463 389.0116 2451.4245 494.6595 1885.2549 1117.7952 930.5767 997.1018 1335.0610 1177.0217 715.4928 909.9275 822.4336 1138.6668 606.1699 1286.9763 2335.3426 1071.4630 1156.0558 2290.9024 755.4634 672.4879 717.2754 857.9522 1901.6540 888.9601 2585.5135 2556.4110 1064.9587 889.2075 894.4300 2269.0355 743.2691 695.0719 2535.0986 1861.2267 2046.2028 579.8293 830.1193 992.5019 1774.1344 2126.9680 1565.3920 2125.7855 1253.1728 2586.1479 668.2432 1293.1036 518.0473 2656.4316
1845.7229 1118.2133 0.0000 975.9805 2130.1045 1544.6958 2533.5471 2042.9990 2141.0619 1075.2135 1769.9664 1413.4840 1545.4828 863.4958 1626.2598 1842.2055 2349.1862 1569.4117 1199.5520 1918.9601 806.1811 1938.2394 1073.1682 2012.4080 2439.1238 2165.1443 1453.4776 2233.9620 1672.3448 792.8796 1575.4498 2107.1127 886.2398 2555.4937 1061.8117 849.4563 1783.8621 2162.2962 2145.1830 1477.6011 414.3972 1962.7756 2229.6444 1744.6220 992.4616 1688.2399 1640.8370 1604.5414 1466.5828 1655.5603 1940.9039 1793.8810 1841.0880 1545.3291 1865.3112 2231.6938 809.3763 2626.4550 130.1384 790.2126 1996.1185 1695.8328 1818.6074 1897.6459 1347.2390 1555.2251 1651.3767 910.6185 415.3264 1220.6986 2081.8994 1863.5023 17.7200 763.4664 1780.7821 1326.6428 960.1338 2221.5996 1674.5686 1148.5574 982.9476 2312.9211 1739.8865 1729.0651 1690.2692 1878.2601 1747.9205 2396.8688 483.3891 2477.2785 1383.1489 1141.9917 1195.9787 1499.6886 1570.6639 1565.0847 1055.9593 2430.7754 1100.0964 837.2646 2279.1746 1057.1703 1678.6081 1375.4537 1243.0434 2171.6853 1303.2337 2112.5769 2453.2576 1809.5273 1247.6975 1991.0161 1938.1914 2242.2357 954.7068 1061.8027 2178.0845 114.5426 2173.4033 1768.6800 1261.8027 729.0439 1481.3727 1935.4795 1763.1860 2001.2888 1948.3575 1776.7217 1657.2538 1382.4460 1278.4021 2005.0000 1754.0770 1728.8568 1954.2221 851.0006 2046.5398 1695.6370 1204.9203 561.1034 1082.8112 1851.2914 1025.8972 1134.0040 2368.5618 2031.7047 1311.7111 2400.6083 1492.1562 1733.4001
942.3274 1352.7354 975.9805 0.0000 2508.4906 1433.7786 1607.4032 1918.8124 1262.1284 579.6154 1362.8254 444.6403 994.9759 383.5896 933.6943 1083.9949 2206.5670 654.1720 560.1366 1407.2136 1486.9385 1862.6245 1552.0541 1039.9558 2307.9456 1237.2372 689.2554 2432.3363 743.3418 1102.6749 1263.8639 1143.8225 757.5256 2467.1575 1349.9667 592.7040 905.4027 2399.9027 2337.4525 564.6849 921.8313 1563.0259 2651.8673 1090.0000 787.9048 714.5488 1350.5925 1130.7630 547.7271 1977.8943 1225.1702 1389.9457 929.2153 1500.9464 1454.0014 2528.0002 602.8864 2653.6051 950.2684 257.6238 1065.8091 1869.6762 1115.7173 1394.8627 1011.7930 921.0955 1260.3924 1230.6502 665.0248 1842.5496 2339.6233 2087.9811 993.3076 642.2344 1699.6767 1958.8121 871.1125 1335.6186 1105.9593 1008.2629 854.9082 1441.4000 1909.8369 1281.5803 846.7184 2275.3006 1597.2001 2534.5457 1135.0441 2377.6259 1900.1645 602.1005 290.3946 2028.4871 2045.4410 1323.0163 974.0021 2496.8230 497.0010 746.5454 2521.7242 1564.1691 1138.7173 1234.5546 557.6065 1992.6578 766.1566 2125.1835 2484.2755 1250.0196 1879.2469 1898.5734 1975.4412 2177.6467 775.4257 163.6368 1205.3390 1070.0776 2497.2185 944.5152 1909.2742 1448.1537 2009.7226 2172.8012 787.5513 2134.0537 1233.2254 1241.3903 2301.3848 896.3956 1989.5854 1048.6682 2093.9245 1610.2323 1183.8116 938.1855 1080.8390 1771.3060 1909.0639 473.2410 496.0262 893.7930 240.9502 1083.6074 2353.3417 1238.6323 1005.7435 2527.0714 1382.6178 1439.0587
2709.4062 1157.3556 2130.1045 2508.4906 0.0000 1273.0318 3953.0608 1166.1389 3707.4596 2974.3021 3776.6933 2701.1394 1966.8472 2710.9574 2201.1860 3591.3184 1237.0485 3115.9721 3027.1587 1918.1358 1350.2403 1077.9652 1059.4569 3279.1092 1236.4667 3615.0122 2293.7777 448.6569 3177.5050 1448.8827 1585.0530 3426.3311 2924.6350 1183.6254 1170.1543 2820.8433 3376.1305 351.1410 460.8959 2565.4504 1787.5374 1710.2880 170.0735 3590.2191 3019.9439 3014.7406 1534.3158 3567.6799 3018.4102 530.6534 3733.6525 3803.2260 2731.4923 1165.6282 1726.2772 218.9292 2793.1611 967.1427 2014.2604 2265.0238 3457.9072 707.4942 3623.1975 1898.4691 1694.6563 3410.9858 1700.5558 1309.9592 2435.8853 974.1047 315.5693 499.2675 2130.5082 2773.3337 1127.1637 910.0429 1644.4476 3768.3843 1996.5533 1551.5080 3038.2029 3882.9495 683.0593 3712.9434 2497.1354 251.9206 3848.8088 629.0032 1649.0149 1179.6483 761.1623 3025.9296 2794.6137 667.5874 569.3031 3631.2980 3135.4146 799.0720 2938.0383 2880.2717 355.5081 1073.0564 3605.3896 1406.8404 3042.2442 1285.0409 1980.1205 872.2775 884.1380 1992.1215 964.1670 1104.7027 847.5783 1047.1953 1745.2364 2433.8817 3408.8404 2046.7420 140.0321 3441.3837 973.2816 1435.4149 682.4456 428.5534 2994.1409 625.8706 3741.7087 3710.4077 766.0607 1893.2073 1062.8212 3375.8629 414.5660 1212.4013 3688.2198 2952.7501 3082.2865 878.2084 1089.5366 2139.8103 2928.1641 3242.2204 2722.7347 3229.2494 961.4333 3736.5012 1669.2408 655.0763 1296.9368 3788.4040
1440.0014 552.2409 1544.6958 1433.7786 1273.0318 0.0000 2712.1121 513.0789 2509.1283 1989.4183 2792.9357 1504.4800 695.6623 1741.3213 929.7537 2464.2309 819.7030 1951.1853 1993.0479 704.1598 1169.2805 433.8491 880.0347 2034.4545 916.1768 2391.4048 1046.8706 1054.9829 1994.2257 783.9930 314.2308 2184.5990 2054.3544 1057.0416 628.0740 1910.1793 2205.0580 1052.4875 964.7513 1336.2462 1132.7577 572.1547 1440.7890 2509.5914 2125.9419 1797.0523 279.7088 2563.0813 1865.3284 810.0599 2616.8961 2820.1294 1463.2840 109.0183 531.7415 1212.4372 1896.8292 1220.0152 1416.7205 1243.6032 2244.4189 566.2950 2519.2908 680.6945 455.4844 2350.3842 437.3786 719.9785 1650.7105 1178.6136 1015.8277 778.1221 1555.5170 1901.5788 267.8656 1249.8576 632.2231 2561.9231 725.2758 446.4314 2170.3652 2678.0442 590.3389 2713.8963 1230.4654 1107.9070 2979.8277 1121.2159 1159.7414 970.7564 1041.1503 2024.3419 1689.0660 1125.3750 1056.0038 2721.0963 2286.2732 1065.8902 1922.4060 2021.1455 1165.5677 922.5985 2572.1190 201.1616 1991.1012 628.9865 751.4712 692.3540 1050.5551 738.2208 1210.4214 476.4473 552.4790 753.1162 695.8448 1313.5943 2154.2426 1526.0790 1209.7706 2294.0349 1250.4019 1221.0954 1114.2612 858.0000 1757.8197 744.4730 2624.7381 2674.2335 1476.1982 643.1330 1399.3659 2146.0708 908.0072 189.9079 2548.5433 2159.1019 1816.0231 400.0500 1345.6210 1233.4448 1918.2088 2024.0052 1672.8497 2394.8399 921.3555 2582.4324 444.4963 1110.0383 55.0000 2853.7199
1315.0285 2851.3986 2533.5471 1607.4032 3953.0608 2712.1121 0.0000 3062.6658 438.6217 1545.7247 1495.0030 1272.7749 2031.8135 1684.4916 1809.0467 860.4662 3271.8828 966.0331 1390.7178 2269.0141 3088.9987 3063.3774 3111.9263 677.6939 3366.2377 370.7411 1665.9802 3765.3628 867.1655 2666.0107 2426.4503 527.7736 1856.4752 3543.3251 2869.9388 1779.2833 759.6848 3764.1129 3676.3505 1387.6318 2528.9595 2509.4591 4112.5789 1073.5255 1780.6170 948.7829 2499.8250 1387.3464 1071.1909 3436.0135 893.0358 1503.2797 1285.5940 2811.2526 2428.9168 3920.1148 1820.4354 3817.8692 2535.3944 1857.3737 542.1218 3255.8578 964.5776 2275.2250 2265.3057 1182.8990 2342.3381 2778.3695 2142.7060 3423.8659 3723.3493 3477.3901 2549.3891 1882.1397 2932.5934 3538.6144 2348.7584 359.7694 2049.1796 2406.6535 1849.2888 340.6479 3287.7476 1422.1030 1500.4763 3746.7856 1951.0502 3809.7177 2742.1233 3456.7499 3448.4724 1482.7137 1344.3630 3573.7483 3568.9875 1745.2991 1896.3452 3716.2446 1477.7351 1891.1914 3877.6617 3130.8433 1273.8367 2552.0913 1335.9117 3064.9307 1974.2049 3352.5695 3674.1217 2122.6234 3461.5603 3076.4905 3248.3807 3326.4924 2246.8556 1603.2698 575.0139 2640.0055 3909.5576 820.3146 3494.2938 3053.9158 3555.8259 3560.6814 958.9546 3455.0045 891.6872 1267.1089 3874.1689 2070.2937 3585.5210 582.4946 3550.0880 2833.8117 778.5788 2047.7307 946.8453 3108.8326 3505.2931 2080.3908 1496.5925 728.9643 1507.9025 1941.0868 3519.4772 692.8701 2287.0560 3793.9616 2676.8954 1690.0074
1751.1122 972.2757 2042.9990 1918.8124 1166.1389 513.0789 3062.6658 0.0000 2909.7294 2485.5754 3281.6368 1928.9920 1044.7660 2242.9111 1255.6321 2910.4405 307.6573 2385.9409 2478.6791 829.0724 1566.4281 127.7693 1229.9679 2391.3396 403.1005 2769.3821 1436.3732 797.6020 2415.8696 1261.4060 671.7001 2542.8514 2563.8335 549.6517 1045.6658 2417.2267 2630.9050 847.3134 734.0879 1735.8180 1628.7572 591.3383 1331.9884 2974.3956 2633.0380 2194.0686 586.9046 3049.1894 2308.7053 888.6827 3065.8840 3308.7581 1779.2836 497.6796 645.7778 1024.2431 2405.2694 762.2709 1913.6397 1744.8006 2635.7060 609.5408 2975.0455 815.5520 908.8652 2823.8300 727.2482 1171.2169 2163.6647 1457.5733 854.0585 707.6751 2052.8159 2411.7985 262.6062 1495.0164 1145.2057 2954.5693 1013.5704 957.4868 2679.4001 3070.4236 595.4242 3199.9177 1563.0179 1098.5663 3484.8548 773.6310 1629.3465 461.2353 1260.4063 2516.8890 2158.0904 1299.5188 1194.7192 3222.6301 2796.0624 656.2103 2413.3265 2531.5310 926.7028 1272.1077 3050.9844 709.4618 2472.2771 155.5442 1185.6850 320.7554 611.5848 950.5893 1480.8005 74.2428 326.9144 268.1679 1205.7238 1786.6897 2490.3616 2015.6083 1056.9035 2732.4762 1517.0712 1632.3554 1295.3718 752.1928 2134.0009 540.2685 3073.5322 3151.2767 1625.7371 1059.4197 1667.5806 2521.3667 935.7334 323.2105 2987.3053 2671.7337 2128.5793 458.0502 1633.0542 1745.8167 2410.3952 2414.9859 2159.6379 2905.1107 459.0272 3012.8055 913.0701 752.9309 568.0713 3350.9308
1226.9283 2573.6793 2141.0619 1262.1284 3707.4596 2509.1283 438.6217 2909.7294 0.0000 1120.1652 1089.6903 1009.3587 1864.9839 1280.6034 1663.8837 426.8220 3147.3103 608.8949 968.5355 2165.5895 2747.2696 2893.0002 2805.5859 585.9181 3245.7358 220.5176 1475.0664 3561.6361 532.3016 2355.5424 2248.0036 465.0269 1424.9944 3420.7441 2582.9491 1357.0004 360.8795 3548.9380 3469.5712 1177.1087 2177.1819 2395.2824 3860.8445 644.8969 1345.9606 716.0698 2328.1933 959.6942 714.6587 3180.9901 487.1653 1101.3560 1194.7238 2600.6307 2303.1005 3695.6381 1398.8252 3671.9374 2154.4173 1519.1846 279.6587 3026.9795 538.0455 2167.1128 2053.8824 744.5247 2182.6243 2477.1056 1739.4971 3103.4834 3500.4424 3249.9042 2156.1864 1459.8044 2749.2532 3219.5585 2071.2665 82.6620 1908.6985 2157.2932 1413.2586 179.4269 3062.2921 1009.6693 1368.8492 3488.2083 1543.9016 3626.8468 2389.6228 3331.7030 3150.1868 1055.3942 979.7780 3277.6504 3284.6834 1322.2965 1458.0919 3551.0000 1060.2877 1461.4192 3666.6171 2820.3342 849.1508 2332.4479 916.0136 2933.4896 1757.7451 3179.3045 3517.9558 2006.6552 3140.4084 2913.4641 3058.5081 3177.5898 1968.9533 1291.0201 597.0008 2250.6750 3676.9906 388.0322 3170.8989 2705.0518 3259.1823 3334.6360 783.5260 3251.9602 487.8781 855.6413 3560.8724 1869.7553 3251.3766 421.3751 3296.7960 2650.9244 359.3466 1612.7616 923.8187 2894.9848 3170.8474 1726.4834 1078.9708 496.2842 1125.2009 1502.5475 3368.5482 286.1224 2068.6865 3613.7518 2468.0049 1282.3393
1379.0232 1824.2218 1075.2135 579.6154 2974.3021 1989.4183 1545.7247 2485.5754 1120.1652 0.0000 811.3723 838.1199 1572.1950 263.3724 1491.5177 774.0291 2778.1116 663.1327 157.8892 1981.6367 1796.7092 2422.2469 1952.8466 1190.0126 2879.1612 1199.3106 1241.6139 2948.4752 767.0704 1527.0396 1839.3156 1228.3387 321.8462 3035.1119 1804.6628 239.0397 790.6757 2905.5308 2853.5287 1040.8617 1233.3568 2142.4108 3105.0195 671.2570 278.8691 925.4285 1925.6921 593.7078 597.0536 2449.9053 865.7944 838.4659 1356.7406 2047.2836 2033.4468 3019.5293 281.4427 3207.3743 1120.6159 747.5667 1048.1474 2380.0893 743.4978 1970.2467 1584.1177 481.0873 1839.6633 1665.2525 659.8939 2195.5776 2838.7788 2590.9074 1087.9090 340.9179 2257.1444 2310.4461 1388.5737 1202.8204 1679.5476 1550.1703 358.1759 1278.8620 2422.3082 740.8603 1346.6262 2730.4045 1017.9165 3066.1363 1427.5899 2946.1434 2300.6393 67.6240 454.9648 2428.0086 2466.8630 743.5873 457.1849 3042.2316 107.5174 349.5025 3028.0134 1954.6511 636.2272 1788.3649 215.3532 2565.7508 1345.7526 2675.0815 3035.6958 1821.7917 2228.8618 2461.0813 2518.3395 2740.0221 1304.1982 734.8041 1341.5036 1189.4688 2980.1023 732.6070 2252.0946 1736.5233 2408.9037 2674.1842 1048.3592 2660.3505 873.2153 740.5998 2654.8088 1475.8675 2301.3431 1113.5048 2563.5698 2171.3245 886.1354 528.5471 1376.7531 2301.7934 2222.7346 834.5040 96.6023 982.4642 347.3111 554.0731 2910.6743 968.0021 1574.6396 3060.9521 1936.4819 865.3554
1953.6474 2632.0524 1769.9664 1362.8254 3776.6933 2792.9357 1495.0030 3281.6368 1089.6903 811.3723 0.0000 1472.9189 2321.9862 1072.3852 2201.2960 684.0848 3568.2821 1078.4888 803.3343 2715.3550 2550.6519 3223.9239 2741.0467 1504.9003 3669.7665 1283.5860 1954.7982 3759.7602 1129.0040 2327.8155 2623.7807 1456.6966 884.9599 3829.8727 2609.4906 960.0130 980.3005 3716.0861 3664.8286 1696.9915 2009.5039 2898.9572 3903.0610 471.3141 779.9391 1389.0360 2710.6879 235.9831 1096.1259 3255.4897 604.7520 27.2029 1924.6116 2854.5166 2791.6692 3827.9271 991.5831 4012.6636 1847.1083 1556.5401 1218.5705 3191.2944 562.9103 2707.3332 2374.1542 510.5801 2610.4777 2466.7989 1378.7404 2960.4061 3648.6123 3401.4221 1778.3433 1021.9706 3059.9768 3072.6214 2199.3863 1152.1753 2415.8735 2357.7254 788.2417 1155.1403 3233.5828 94.6414 1991.5253 3530.4918 456.1327 3877.0340 2187.6933 3740.2687 3084.4727 769.9104 1144.2945 3210.0992 3257.1291 297.4777 734.8041 3850.5605 870.6004 933.6386 3838.5604 2739.1331 281.5706 2592.4483 814.4114 3353.5870 2116.2356 3481.7053 3841.9381 2550.5137 2991.4829 3260.7956 3327.0102 3539.9325 2113.5473 1500.4026 1599.1138 1881.6623 3786.8120 835.1491 3011.0007 2482.1966 3191.0537 3484.4572 1517.2304 3471.5314 605.1942 235.7477 3412.6730 2247.2583 3043.1209 1357.1890 3368.2353 2971.8891 730.4416 951.3175 1804.6678 3112.4656 2967.3048 1639.7561 875.3588 1303.7688 1122.0303 695.6321 3713.9793 807.7011 2368.5669 3871.5962 2740.7614 195.1640
542.6527 1580.8257 1413.4840 444.6403 2701.1394 1504.4800 1272.7749 1928.9920 1009.3587 838.1199 1472.9189 0.0000 896.8801 752.9276 738.4484 987.4867 2186.6095 458.4234 734.9912 1259.3669 1839.9057 1900.9274 1840.4274 636.9655 2287.3023 918.6561 504.7316 2554.0801 490.0653 1397.0272 1258.6139 764.1970 1107.4186 2458.1971 1597.5309 951.7589 703.0768 2539.8665 2461.5834 224.2008 1303.3158 1463.7230 2856.4903 1082.7488 1104.1925 324.7230 1342.2597 1239.6491 393.2862 2177.0367 1144.4147 1498.1756 522.2452 1593.4632 1361.4716 2686.3149 974.9220 2689.2268 1376.5395 639.6132 757.4510 2017.6744 1063.8844 1254.3448 1049.1377 967.6456 1209.8297 1506.3681 1107.5130 2156.5199 2491.0837 2240.6004 1431.0196 1026.6382 1751.3206 2270.3700 1077.3087 1067.7013 969.1465 1149.7204 1181.1202 1182.7920 2052.9335 1380.6089 523.2791 2486.0382 1802.7593 2625.0488 1512.4298 2368.0988 2175.7229 824.6236 383.1919 2300.9835 2297.6066 1520.5726 1290.5305 2557.4616 731.3173 1110.6183 2657.8683 1860.4172 1204.7938 1324.1790 697.2001 1969.9513 754.0537 2183.6231 2529.7530 1093.4578 2194.4703 1925.7295 2056.0547 2196.8568 975.0918 361.8093 796.9122 1502.4144 2668.2251 805.0292 2228.2336 1813.7767 2283.0528 2325.3043 358.4215 2245.0167 1151.8029 1292.8917 2603.3580 872.8115 2326.0105 690.6113 2292.3745 1653.9846 1059.2247 1309.0794 636.2955 1886.6065 2246.4060 878.9278 741.6205 546.1584 531.9192 1391.3339 2384.7323 1084.1148 1061.6407 2613.0191 1461.7254 1597.3732
744.4528 1022.0959 1545.4828 994.9759 1966.8472 695.6623 2031.8135 1044.7660 1864.9839 1572.1950 2321.9862 896.8801 0.0000 1369.1698 234.3416 1884.3291 1291.0325 1355.1273 1527.9274 415.6164 1532.8095 1033.6677 1363.7408 1355.5460 1391.3454 1727.1424 394.6239 1737.6309 1376.9713 1036.3942 395.3796 1506.9323 1734.0548 1563.4593 1075.8927 1571.4786 1592.8079 1743.6892 1650.6620 693.5416 1211.0004 577.0416 2133.5475 1969.2996 1777.1958 1149.5151 468.3599 2086.0422 1286.4245 1483.2872 2041.1793 2348.4957 768.1575 801.6165 470.4689 1906.7234 1572.9873 1806.9535 1442.2763 916.1010 1591.1386 1259.3538 1958.0889 401.3839 313.6431 1835.5119 317.6948 1069.7201 1466.9986 1699.0468 1710.4689 1473.6743 1561.3472 1599.2611 900.9917 1794.8889 662.8725 1910.0848 129.5415 561.7090 1839.5067 2026.0299 1285.3303 2234.0692 536.9628 1790.1285 2589.8349 1778.0914 1348.1461 1473.5841 1626.7071 1587.8092 1177.7139 1733.4650 1689.0145 2312.9395 1959.6666 1690.1893 1482.2311 1714.4588 1853.4989 1399.1462 2070.1773 575.7013 1509.3422 1074.8367 253.5843 1322.4054 1654.0048 271.9779 1735.9614 1050.5503 1217.3681 1312.6104 617.8819 837.4270 1466.4668 1578.1828 1905.4105 1701.3883 1775.5971 1549.9806 1718.9031 1553.6364 1090.8089 1428.4236 2048.5956 2165.2420 2077.3033 167.0748 1909.7458 1479.3303 1588.9434 802.3123 1954.8568 1891.0381 1121.4464 1095.4716 1840.6417 1041.7773 1484.0718 1370.3069 1225.9869 2070.4560 1503.6735 1975.2683 354.4587 1762.6778 669.9918 2419.1571
1288.5046 1561.1182 863.4958 383.5896 2710.9574 1741.3213 1684.4916 2242.9111 1280.6034 263.3724 1072.3852 752.9276 1369.1698 0.0000 1317.1947 985.0858 2539.2387 736.0462 345.0797 1783.7772 1547.1125 2175.0322 1692.0641 1232.9740 2639.7765 1321.4072 1072.6313 2687.8335 843.0990 1264.0036 1608.0799 1300.7586 374.3421 2792.4679 1541.2907 209.7737 927.2869 2643.7038 2592.9529 921.9078 978.4580 1928.6734 2842.0016 914.2806 408.0306 929.8909 1693.5457 857.0333 642.9075 2186.5720 1095.5387 1099.3680 1270.9839 1795.1114 1819.4529 2756.6364 224.9022 2956.0611 890.7059 498.2058 1157.1067 2119.2381 974.3439 1770.4138 1350.0319 725.0007 1618.5982 1402.0802 459.2004 1941.0023 2576.4367 2329.0414 878.0279 273.7919 2009.1670 2056.4299 1131.7182 1361.8994 1484.0232 1298.5688 472.1282 1450.6209 2161.6707 1003.7196 1217.7294 2467.2207 1243.5405 2808.0856 1177.8285 2704.1021 2040.5769 317.2381 404.1089 2168.2548 2205.2447 979.9923 591.7981 2787.9243 245.3263 366.5638 2766.1793 1694.8121 897.3940 1540.1902 382.5232 2329.0479 1130.7736 2422.8731 2783.5923 1629.0641 1974.8924 2215.4914 2263.9463 2493.8212 1050.5618 547.2202 1394.8265 975.2010 2716.8888 905.2491 1999.2311 1490.3134 2149.1529 2412.1202 1036.3638 2401.6411 1103.3087 1002.1502 2401.4123 1258.1971 2053.9146 1190.5041 2300.2037 1925.5869 1096.3453 562.5842 1358.3004 2044.4853 1974.6433 571.1970 230.5320 1043.7897 225.2687 702.0954 2661.3936 1171.0922 1337.1750 2803.4202 1687.7337 1114.3505
511.1653 1234.6028 1626.2598 933.6943 2201.1860 929.7537 1809.0467 1255.6321 1663.8837 1491.5177 2201.2960 738.4484 234.3416 1317.1947 0.0000 1717.5017 1483.5016 1188.2803 1426.0105 521.3108 1710.4073 1254.6238 1569.0013 1135.8208 1581.8552 1515.1069 250.3198 1967.6933 1197.0071 1210.7820 625.8283 1287.3636 1690.5177 1756.9385 1283.2884 1525.7356 1412.3601 1975.9696 1881.6410 518.6637 1331.8206 735.6120 2367.8397 1821.1856 1720.4177 954.1326 693.7038 1965.9908 1131.4504 1715.8348 1874.6714 2227.1641 535.7630 1035.9252 639.8414 2139.9463 1533.5139 2015.0993 1535.2931 917.3860 1386.6456 1493.6934 1799.8055 517.3480 532.3533 1701.9342 533.4960 1261.1094 1487.8874 1905.6306 1943.8776 1707.8501 1643.0596 1567.8010 1128.5185 2005.1439 827.1131 1704.3720 244.9020 762.4441 1788.4879 1819.6376 1519.6164 2110.5774 308.7539 2023.4159 2500.3114 2002.0862 1491.0298 1668.0318 1845.7443 1497.6548 1065.4586 1955.5656 1915.4013 2219.6326 1907.3031 1907.4863 1393.8798 1677.1777 2084.7854 1602.4013 1938.8889 806.6350 1399.8321 1270.2638 346.4462 1543.8368 1867.1261 355.5840 1943.0929 1267.5346 1445.5231 1521.4999 760.8482 770.0805 1239.8552 1673.4781 2139.3786 1530.2634 1982.2232 1719.3871 1940.5072 1787.6135 882.1814 1659.3089 1881.7960 2029.3460 2296.3808 345.9277 2111.9804 1267.1740 1822.2308 1030.3441 1780.1250 1864.0282 889.3964 1329.3495 2040.4828 1087.3711 1398.5310 1167.5997 1145.4257 2016.4543 1714.0158 1793.3346 569.2319 1985.7807 904.3058 2313.0770
1371.3125 2436.5779 1842.2055 1083.9949 3591.3184 2464.2309 860.4662 2910.4405 426.8220 774.0291 684.0848 987.4867 1884.3291 985.0858 1717.5017 0.0000 3173.1008 529.9981 642.8888 2238.0002 2519.5248 2875.2852 2626.1776 838.7354 3273.9924 602.6085 1491.7506 3495.7009 530.0057 2180.0489 2238.7499 776.0470 1050.0676 3444.0652 2433.6156 1011.7692 330.8550 3470.1867 3401.4610 1199.5199 1945.6685 2449.2458 3735.7073 220.5108 960.4025 795.7669 2323.7808 534.0599 601.7707 3060.6694 157.2037 699.4970 1339.8784 2544.5520 2348.1109 3604.3343 1054.1864 3667.4238 1875.6857 1334.5880 537.4477 2940.4959 121.4907 2234.7942 2014.3336 332.1807 2196.1607 2311.2388 1428.5297 2900.4744 3413.4651 3161.2814 1855.7503 1111.5269 2720.4562 3016.8278 1949.0346 501.2784 1954.0545 2068.0196 1020.6650 542.1669 2979.1828 597.4521 1457.9592 3359.2059 1130.7383 3583.2283 2152.2309 3353.8804 2975.9368 706.4121 796.7296 3104.4847 3126.5153 898.2455 1051.5669 3527.5742 742.7819 1091.4674 3591.0402 2635.0548 426.2793 2273.3587 602.6492 2956.2926 1726.1903 3152.9827 3504.7197 2072.7846 2935.8586 2903.2864 3016.0552 3177.4597 1850.0968 1164.1392 919.0653 1955.5605 3576.5325 190.7092 2962.8967 2467.5105 3085.5567 3246.3903 910.4285 3191.3712 164.4384 448.7460 3361.9056 1851.0565 3027.5873 682.0689 3176.8187 2624.9794 112.2007 1222.6287 1158.7347 2828.5293 2947.5905 1505.9734 759.7006 654.5968 887.9212 1086.6922 3363.1108 196.4306 2020.3656 3573.2245 2417.4542 871.0895
1957.1472 1266.9400 2349.1862 2206.5670 1237.0485 819.7030 3271.8828 307.6573 3147.3103 2778.1116 3568.2821 2186.6095 1291.0325 2539.2387 1483.5016 3173.1008 0.0000 2645.0227 2764.9667 1004.3047 1845.9437 413.8792 1500.8324 2609.9123 101.5923 2995.6585 1685.6278 807.7586 2667.8915 1564.7012 945.4153 2760.5681 2865.4663 273.4374 1338.4319 2717.0521 2883.7753 889.1012 776.4599 1984.0184 1934.8181 762.5143 1389.4985 3247.3549 2932.7298 2435.3254 858.5348 3334.5754 2572.7746 1082.5987 3329.5405 3595.3204 1987.0362 804.1803 846.0934 1055.5401 2706.1593 564.8734 2219.6333 2041.8678 2870.1089 828.9083 3242.8403 996.9714 1194.8946 3102.1820 976.9468 1469.6782 2470.3627 1698.1946 924.6583 856.7433 2358.7933 2714.1512 568.5464 1721.4787 1451.1737 3187.5409 1238.6315 1262.0063 2980.5976 3302.5687 802.3821 3485.0036 1783.8615 1230.6604 3782.4397 707.1577 1929.4427 185.0432 1485.2034 2807.1674 2436.3844 1504.4049 1390.1040 3517.8292 3097.8499 541.2994 2702.8533 2833.9725 932.4811 1541.7980 3331.9833 1013.8013 2756.0307 216.8986 1458.5918 386.2499 465.3955 1150.0213 1717.5241 359.2005 510.5389 193.3106 1509.0358 2069.0619 2696.9613 2319.8664 1108.6686 2991.6191 1751.3658 1915.6119 1503.3486 873.7214 2365.4296 649.2157 3337.0527 3430.9800 1806.7922 1329.1053 1898.7248 2748.2629 1101.8357 629.8587 3245.5070 2976.6441 2327.8920 716.1767 1872.5739 2050.6206 2700.6762 2651.0413 2447.4789 3207.2912 315.3300 3266.2302 1203.5124 680.2382 874.6211 3643.0416
876.8124 1973.0327 1569.4117 654.1720 3115.9721 1951.1853 966.0331 2385.9409 608.8949 663.1327 1078.4888 458.4234 1355.1273 736.0462 1188.2803 529.9981 2645.0227 0.0000 509.7333 1709.2457 2140.8262 2354.9558 2197.5407 527.9706 2745.7254 596.1854 961.9615 2993.5719 107.4244 1747.3984 1714.7667 570.1658 983.8699 2916.5351 1979.2840 868.7652 260.2480 2973.9364 2900.1250 669.8552 1573.1395 1919.2710 3266.3173 646.6011 937.0064 313.3449 1799.0400 858.1527 106.7801 2587.0595 687.1688 1101.4944 847.2095 2036.0002 1818.1400 3114.6891 906.0270 3145.1208 1569.3645 910.6772 426.7130 2447.0002 613.1770 1705.6263 1497.6468 570.2017 1668.1966 1870.2334 1187.1870 2494.6042 2921.2275 2669.4003 1585.4933 967.7861 2202.8827 2610.6681 1473.3397 681.4881 1424.0959 1572.9555 1015.2798 788.3204 2484.0644 983.8928 937.3585 2891.8523 1461.8841 3072.3185 1786.1389 2826.4189 2543.0096 615.5745 378.9934 2670.7289 2680.3052 1186.9292 1099.1165 3009.9917 569.2776 1007.0020 3093.4770 2211.8463 798.5988 1765.0343 452.8664 2428.3468 1205.4978 2635.6210 2984.3167 1543.7778 2531.5489 2381.1346 2503.6543 2653.5538 1371.6457 686.4008 678.5168 1674.8006 3091.8533 346.7333 2562.1267 2100.6061 2652.1829 2754.4887 443.9212 2686.3604 694.4365 873.9090 2952.0307 1327.7168 2643.7430 457.2002 2703.2101 2106.3174 601.3726 1191.6061 755.2801 2325.1778 2563.2238 1122.4482 587.1806 319.4949 543.7739 1178.9970 2840.6232 631.2567 1506.7332 3061.1986 1906.3213 1229.2457
1267.4652 1871.1670 1199.5520 560.1366 3027.1587 1993.0479 1390.7178 2478.6791 968.5355 157.8892 803.3343 734.9912 1527.9274 345.0797 1426.0105 642.8888 2764.9667 509.7333 0.0000 1929.6821 1890.7546 2422.6219 2024.2048 1037.6420 2866.4438 1042.0677 1176.0111 2978.4931 612.0719 1587.9210 1820.6694 1071.8811 479.1200 3026.6604 1857.6730 388.8972 633.8841 2940.8587 2883.4606 949.1523 1320.0379 2103.5572 3162.9684 572.9232 427.2763 784.5438 1907.5589 570.6295 451.4532 2499.0968 750.4619 830.3939 1243.2860 2057.9400 1995.4501 3061.6551 430.4707 3213.0517 1233.8237 769.8188 890.2719 2412.1347 629.3632 1920.0065 1570.8654 386.3806 1809.9116 1724.1117 786.8043 2281.5543 2877.1114 2627.0185 1213.2473 491.7987 2259.3893 2397.3352 1413.3655 1051.0804 1628.0003 1562.6993 505.6689 1130.7736 2453.4099 721.4437 1254.8008 2786.8308 1075.6119 3087.4658 1521.6964 2937.0162 2373.8547 106.0189 362.2154 2502.0194 2534.1902 794.1064 593.8392 3054.3533 100.1848 507.3825 3063.1833 2029.0303 584.0719 1793.2479 57.7235 2550.3710 1314.9498 2683.6665 3043.2447 1766.8146 2315.8895 2458.7090 2531.8770 2737.7830 1322.8605 698.2048 1186.9697 1312.7547 3025.9638 582.6869 2340.9744 1834.9087 2482.9438 2711.1835 910.7634 2684.4053 758.2361 688.3931 2742.5727 1446.0055 2398.0277 956.8803 2614.0048 2170.2905 754.7775 684.3223 1237.9418 2322.9034 2318.5875 896.9292 116.8118 828.1817 320.2031 681.3296 2913.2113 832.4836 1565.6695 3080.8546 1941.4801 891.3254
956.0131 1195.7646 1918.9601 1407.2136 1918.1358 704.1598 2269.0141 829.0724 2165.5895 1981.6367 2715.3550 1259.3669 415.6164 1783.7772 521.3108 2238.0002 1004.3047 1709.2457 1929.6821 0.0000 1779.6899 867.8825 1543.9566 1612.8292 1097.4666 2002.8345 761.2838 1608.4185 1715.0851 1309.9168 428.4414 1762.3677 2149.5639 1274.6278 1264.2231 1986.8085 1929.6228 1639.9247 1533.2821 1039.9178 1554.4108 243.3105 2088.2074 2342.0611 2191.7126 1465.7865 427.2353 2479.5413 1652.5511 1501.8841 2395.1058 2741.5012 986.5906 807.5209 192.2758 1814.3112 1988.5678 1559.1183 1807.3849 1330.1203 1886.2632 1235.4226 2321.0827 24.7386 580.5385 2219.8417 304.6457 1304.4731 1873.4375 1862.7692 1626.7504 1420.9029 1933.9002 2014.8064 791.0379 1942.5615 980.2025 2200.2720 302.1854 822.0608 2254.6348 2313.9412 1248.3177 2625.6310 797.1211 1785.5064 2997.8889 1602.3395 1660.4954 1188.7241 1741.8453 1994.3031 1573.4322 1829.2102 1759.5423 2719.4194 2374.7526 1481.0216 1889.0897 2130.0751 1734.4374 1584.3879 2456.3911 701.2311 1907.5285 802.9477 664.8504 1144.5982 1427.4891 165.9187 1896.6942 862.4506 1089.7972 1077.8428 966.0254 1247.4763 1694.0047 1939.1895 1831.1335 2050.1339 1936.9920 1812.9835 1817.8242 1489.7533 1382.4460 1317.4160 2402.1751 2548.1797 2180.0922 552.4717 2082.4025 1757.1924 1590.7388 707.8545 2298.6779 2306.2094 1323.8705 1051.4966 2022.4552 1442.7117 1891.8541 1671.0643 1634.5143 2485.4587 1269.3687 2309.0171 620.8462 1581.9482 710.7756 2820.4290
2104.9031 617.4504 806.1811 1486.9385 1350.2403 1169.2805 3088.9987 1566.4281 2747.2696 1796.7092 2550.6519 1839.9057 1532.8095 1547.1125 1710.4073 2519.5248 1845.9437 2140.8262 1890.7546 1779.6899 0.0000 1442.1886 354.3247 2476.8468 1918.2995 2720.5944 1645.5227 1525.5851 2229.6468 499.6259 1356.5581 2600.9575 1667.9188 1994.6178 541.3354 1598.6244 2388.0410 1438.6914 1446.2731 1805.9250 574.2064 1720.1674 1435.6775 2461.3269 1771.4232 2159.4893 1384.4342 2367.1884 2034.1753 930.0022 2639.5977 2575.6687 2112.7274 1114.5483 1652.4679 1477.8894 1563.3765 1987.5256 708.0452 1232.5989 2549.6833 1059.8250 2519.4605 1755.0670 1233.9210 2271.7220 1475.1681 475.2789 1171.9556 414.7541 1353.5660 1171.7700 803.1251 1528.9908 1319.2229 523.2447 883.6996 2821.8939 1640.1622 977.2001 1772.9439 2926.1066 1099.3566 2501.1873 1902.4011 1101.5049 2553.5657 1710.0936 369.3630 1930.8923 590.1398 1858.5879 1767.8532 699.0350 781.6937 2363.2033 1855.0024 1782.1922 1791.9342 1620.0160 1546.5268 318.9436 2427.8882 1087.5206 1922.0970 1717.4973 1369.2487 1527.8825 1824.0343 1734.6380 443.0000 1498.8359 1359.6095 1695.6135 959.5358 1489.1625 2635.4241 710.0028 1411.1478 2409.3204 460.4889 85.5862 681.3200 1229.2132 2193.4642 1350.5973 2647.4767 2530.2972 862.1752 1375.3229 508.0630 2517.2423 1009.5237 1308.8812 2628.0487 1654.9834 2405.7084 1131.2422 428.1367 1021.9711 1777.6051 2364.4247 1637.4190 1937.6112 1775.6354 2694.9924 1190.5201 1719.6930 1132.9828 2529.2030
1759.0728 853.9936 1938.2394 1862.6245 1077.9652 433.8491 3063.3774 127.7693 2893.0002 2422.2469 3223.9239 1900.9274 1033.6677 2175.0322 1254.6238 2875.2852 413.8792 2354.9558 2422.6219 867.8825 1442.1886 0.0000 1103.7110 2388.4242 500.9361 2760.4264 1418.0793 740.5471 2390.2278 1151.4730 645.0070 2539.9276 2487.0466 627.2862 926.2613 2343.7449 2604.0031 776.2455 667.0367 1716.0656 1523.8822 641.9502 1246.2432 2930.4146 2559.4640 2177.0278 565.8498 2993.1163 2273.9237 768.4816 3029.6270 3251.1021 1786.0305 397.5550 677.5618 952.4353 2330.0167 793.6410 1808.4347 1677.1523 2621.8308 486.5645 2935.5349 851.5022 862.3253 2775.1564 721.1331 1055.9025 2074.8446 1329.9147 772.1094 602.5156 1947.5117 2333.8725 166.5803 1368.1612 1061.5880 2940.8096 1018.3123 879.5294 2603.2461 3056.9449 475.5639 3143.9571 1563.3765 992.1799 3413.5943 748.6361 1515.5689 543.6699 1133.9334 2456.2388 2111.0663 1175.5041 1072.5955 3154.8797 2718.7265 658.0008 2353.7629 2453.2770 866.9539 1145.7037 2999.3721 634.8740 2418.9322 283.2896 1149.6791 289.2145 629.4958 972.7718 1353.2867 56.6480 230.5342 319.4761 1129.1187 1736.9171 2494.2622 1906.9148 977.0619 2700.5068 1389.6654 1509.2385 1170.9078 655.0763 2123.9211 457.1925 3037.3714 3100.7780 1504.9844 1028.1172 1540.2922 2512.7573 821.7700 252.6064 2955.5189 2587.9556 2138.1901 330.4376 1505.3920 1663.6673 2349.9523 2400.7007 2102.6158 2826.9427 491.0733 2984.6038 860.7590 731.5217 487.9201 3286.9402
2015.9625 349.4810 1073.1682 1552.0541 1059.4569 880.0347 3111.9263 1229.9679 2805.5859 1952.8466 2741.0467 1840.4274 1363.7408 1692.0641 1569.0013 2626.1776 1500.8324 2197.5407 2024.2048 1543.9566 354.3247 1103.7110 0.0000 2467.6572 1570.0653 2751.2652 1555.2251 1184.4003 2275.6909 450.1600 1115.6630 2602.6790 1874.9253 1641.8849 288.1423 1781.1238 2454.2376 1103.0616 1101.6951 1764.0479 734.5373 1449.2074 1169.2767 2596.1980 1973.0915 2165.1503 1126.3481 2541.2117 2093.2102 591.6502 2758.1867 2767.1041 2028.8768 808.0396 1395.3294 1160.2332 1750.7141 1634.6070 955.2644 1295.5285 2583.7215 705.5813 2641.8927 1519.2689 1050.8173 2410.5445 1242.6975 334.5504 1381.6230 336.7150 1019.7181 823.5709 1074.4990 1726.2575 992.7059 440.6234 783.3320 2875.2170 1454.0378 806.6238 1986.7088 2984.8621 745.0322 2682.6271 1803.5265 807.6466 2792.1834 1363.5754 590.3973 1579.6117 350.0700 2009.2907 1842.1414 478.5645 516.1637 2580.9277 2080.5922 1429.7276 1929.6575 1829.3895 1215.7570 43.0465 2588.9428 843.4791 2047.0176 1383.4742 1249.9680 1174.8570 1470.2235 1526.2716 374.3862 1160.1487 1008.0516 1345.4772 879.8233 1516.4343 2618.0516 995.4748 1100.4308 2495.9121 413.2699 433.6646 459.5705 885.5670 2178.1168 997.1625 2766.2164 2693.4354 763.2169 1223.2224 546.6425 2530.6894 683.3447 995.4657 2730.1315 1894.4825 2349.1754 784.6585 480.7671 1127.4613 1917.7012 2383.1177 1739.2886 2172.3961 1421.5924 2788.9328 1009.3364 1371.9162 853.2338 2741.1330
658.5993 2191.6033 2012.4080 1039.9558 3279.1092 2034.4545 677.6939 2391.3396 585.9181 1190.0126 1504.9003 636.9655 1355.5460 1232.9740 1135.8208 838.7354 2609.9123 527.9706 1037.6420 1612.8292 2476.8468 2388.4242 2467.6572 0.0000 2706.0379 394.3704 988.7168 3087.7098 429.1678 2028.7730 1749.5885 151.5586 1509.4002 2882.6325 2214.9460 1386.7408 524.7418 3086.5678 2998.6570 716.5508 1937.1012 1849.5453 3439.8169 1035.1773 1464.9130 325.6010 1823.8596 1312.3845 598.3619 2765.2302 970.1392 1523.6945 627.2519 2133.8463 1764.1916 3243.1005 1421.8762 3149.5879 1990.1744 1266.6973 321.7592 2579.8188 957.0961 1616.9533 1588.5758 1031.3763 1667.9835 2133.1085 1661.9416 2788.3380 3046.2956 2800.9600 2029.4728 1482.6358 2255.7910 2901.3026 1692.7153 601.9078 1378.2634 1737.7094 1543.2433 710.2915 2611.2436 1412.5905 828.6181 3076.4228 1928.3703 3133.6206 2147.4862 2794.9535 2796.9228 1143.5283 835.5387 2920.3240 2909.2104 1666.2917 1626.0787 3043.0020 1093.2200 1530.3941 3199.9877 2489.4989 1227.2640 1875.8073 980.8369 2400.0252 1299.0643 2677.4759 3002.8908 1460.3167 2826.4333 2402.9093 2571.2355 2656.6665 1592.1611 993.5759 165.6804 2109.2506 3233.4316 669.9918 2860.8565 2450.4622 2902.8002 2884.0244 290.1258 2777.3306 974.4973 1275.7437 3230.7634 1392.9483 2961.3122 167.8005 2878.5837 2156.9655 841.3382 1717.8882 338.9410 2431.4475 2881.9287 1503.0253 1110.5575 214.7044 1017.9867 1703.2407 2849.3924 809.8308 1611.1623 3118.2049 1999.4769 1678.8907
2052.0351 1348.8165 2439.1238 2307.9456 1236.4667 916.1768 3366.2377 403.1005 3245.7358 2879.1612 3669.7665 2287.3023 1391.3454 2639.7765 1581.8552 3273.9924 101.5923 2745.7254 2866.4438 1097.4666 1918.2995 500.9361 1570.0653 2706.0379 0.0000 3092.6696 1785.8673 796.1413 2767.9978 1651.9785 1047.0038 2856.4819 2964.7961 177.1807 1419.0240 2816.8921 2983.9117 885.5789 776.6112 2084.0082 2024.7469 857.0373 1382.6167 3348.7999 3032.6169 2534.4208 960.1255 3436.0992 2673.8306 1125.6487 3430.4858 3696.8086 2082.1383 895.9113 943.3138 1044.7928 2805.7094 489.0409 2309.3464 2142.2280 2968.2325 884.7791 3344.0481 1091.0293 1296.2168 3203.7619 1077.8497 1553.4417 2566.7296 1753.7873 929.7150 889.1265 2448.4340 2813.2234 660.5604 1771.3373 1548.2513 3285.3752 1337.0957 1359.9812 3080.0716 3400.2601 854.7748 3586.5389 1880.9957 1250.6422 3882.8238 673.0267 2013.7577 95.5196 1535.6777 2908.4188 2537.9716 1547.2947 1430.3916 3618.5943 3197.1401 497.5480 2804.1535 2933.0184 915.9214 1610.3490 3433.5754 1111.7994 2857.5850 318.2012 1560.1516 421.4095 414.3646 1245.7423 1771.4638 448.3860 567.0811 229.5125 1607.6131 2170.6243 2791.2322 2407.5143 1103.7196 3092.2717 1804.1898 1989.7462 1547.3881 896.7363 2463.4143 676.1450 3437.9881 3532.5692 1839.1316 1430.6194 1949.7120 2845.4666 1135.1128 726.2926 3346.0498 3074.5206 2421.3220 787.1086 1927.0464 2148.5255 2801.9217 2749.4518 2548.8684 3306.4498 282.3119 3366.3495 1304.5233 645.0000 971.1668 3744.1716
1051.4927 2499.3345 2165.1443 1237.2372 3615.0122 2391.4048 370.7411 2769.3821 220.5176 1199.3106 1283.5860 918.6561 1727.1424 1321.4072 1515.1069 602.6085 2995.6585 596.1854 1042.0677 2002.8345 2720.5944 2760.4264 2751.2652 394.3704 3092.6696 0.0000 1346.3035 3446.3766 496.4484 2303.6753 2117.3276 256.2850 1516.4791 3268.8215 2514.7839 1427.7178 409.1577 3439.5617 3355.7330 1055.8717 2159.0009 2237.5134 3772.1257 822.6008 1448.0642 600.2733 2194.5988 1132.8994 700.8231 3093.4204 690.9197 1297.3361 1019.8318 2487.1035 2149.5795 3591.3988 1468.0123 3530.0006 2165.2515 1488.3017 171.4789 2924.1582 721.9841 2006.1271 1939.0413 889.0022 2043.0343 2418.7005 1777.9814 3059.8838 3395.1060 3146.6867 2181.1263 1530.0944 2622.4273 3175.0365 1995.6756 212.2287 1759.4323 2064.2214 1520.4236 316.2436 2957.6580 1199.1080 1211.7987 3403.1640 1733.1186 3501.4491 2372.2000 3180.6001 3090.5076 1139.1282 973.9327 3216.5777 3215.6500 1498.0441 1578.9832 3417.3313 1123.9724 1548.1247 3555.2458 2769.0751 1028.2631 2222.9802 985.6597 2784.1345 1644.2603 3048.6615 3380.1984 1847.9397 3097.4249 2777.5934 2935.5238 3036.0726 1893.3497 1237.9907 379.6656 2270.9139 3577.1475 502.4789 3129.6626 2684.5232 3198.4692 3230.7611 636.5226 3135.8777 692.7691 1047.8826 3512.2870 1748.4018 3218.6945 248.0181 3208.3522 2523.6299 558.4640 1714.4200 723.6332 2783.8199 3138.3660 1710.0178 1142.8149 373.1622 1139.2476 1635.0245 3228.2604 496.8883 1957.6322 3487.0759 2353.2182 1472.8999
462.1796 1244.4340 1453.4776 689.2554 2293.7777 1046.8706 1665.9802 1436.3732 1475.0664 1241.6139 1954.7982 504.7316 394.6239 1072.6313 250.3198 1491.7506 1685.6278 961.9615 1176.0111 761.2838 1645.5227 1418.0793 1555.2251 988.7168 1785.8673 1346.3035 0.0000 2101.4721 982.3533 1153.4544 773.2095 1138.2429 1446.7654 1958.0820 1280.5534 1281.9520 1198.1840 2098.2402 2011.6036 299.5063 1203.5954 959.3086 2456.1956 1584.1228 1473.4751 759.0105 853.1500 1719.1591 896.9147 1786.3295 1648.8047 1980.8382 473.7700 1145.2812 856.7409 2254.3899 1291.5204 2198.5416 1374.8254 702.6414 1204.0806 1591.9359 1568.3520 754.4037 600.2566 1458.6569 711.1076 1228.9528 1273.7743 1889.4084 2057.5811 1812.6059 1470.8219 1328.2545 1276.6903 1995.8482 776.1495 1522.9576 465.7177 772.1431 1542.6215 1639.1354 1622.8524 1864.7040 257.4976 2097.5262 2250.0358 2155.6124 1383.8157 1868.1975 1860.4301 1247.3436 816.0355 1978.0306 1952.9450 1969.4428 1660.9097 2076.0472 1143.6297 1435.2731 2212.2952 1583.9198 1695.1254 887.9685 1150.5451 1469.4604 317.9072 1704.9868 2043.1319 595.9362 1927.5814 1438.5020 1589.2265 1704.5146 688.6697 525.9087 1115.0664 1512.7898 2245.2949 1307.7041 1965.1567 1642.2740 1961.6004 1895.4815 711.1962 1790.9199 1656.1473 1787.2663 2306.7130 404.3192 2084.3630 1099.9755 1897.9897 1177.9987 1560.7360 1624.7686 802.9458 1442.8534 2008.9246 898.0356 1148.3924 982.9410 896.0022 1769.5525 1894.6161 1580.6445 624.5518 2141.6164 1010.9327 2063.9925
