0.0000 2606.9294 548.5125 2009.4945 1367.8907 2233.3204 1130.6304 580.6798 515.1970 582.0687 721.5019 262.8650 2790.4095 2301.4598 2489.7655 2438.9018 2948.6878 2589.1537 3007.5788 783.1711 258.0949 1980.4934 1987.8966 2459.2228 526.5406 1184.1220 661.7870 814.3169 492.3190 881.4579 3069.9910 439.7204 2432.8750 838.2989 843.9763 2910.2455 1129.4494 698.5528 1123.9506 1099.9418 3098.6658 2516.8967 1673.2555 3350.0210 2850.5096 477.2463 1487.5819 2963.0204 655.3968 1988.5698 3164.4628 1417.3920 1002.9043 1437.2341 2039.9797 1298.8372 1008.4766 1176.5547 592.0760 1414.3302 809.6542 1258.2150 2953.1830 2358.7889 1227.2612 1534.8544 1426.9818 651.9202 1034.2340 1191.6497 438.5487 1044.8445 838.6018 1359.0659 939.9878 674.0757 2349.4578 2795.8330 1315.7173 821.6471 1472.1620 2579.4327 2065.3089 1155.7703 772.9114 629.4958 1627.7337 1867.1135 1718.8165 149.4958 792.1237 3020.1076 765.2091 965.5491 95.9635 2882.7605 737.1092 229.4777 617.8236 1248.5656 1146.2085 3161.6559 2228.6969 2050.4841 2469.6643 2168.2161 432.1400 478.8194 2600.1202 2677.8307 825.2515 2633.8796 1361.9049 1550.7975 1284.9817 1492.2805 1048.3148 2041.3197 2970.3400 2364.9958 2762.3796 799.4623 400.9589 1183.8720 2331.4109 2917.9488 1147.1726 2799.1722 793.6227 3183.4888 1172.4862 1336.6301 1550.8359 790.7832 2935.4770 552.5305 2910.0440 625.1400 1616.9010 2163.9968 1286.4750 489.4344 1807.6839 2187.2871 1442.7786 500.0000 2608.8559 3262.5286 1171.8985 1074.8339 3003.9662 537.1052 2381.1766 1546.1426 2771.1662 2999.6775 1090.5283 699.8207 2008.0202 2376.5002 325.5104 2739.6140 1445.5483 1829.1454 1383.3702 542.7605 516.4194 1546.0741 1004.8930 1012.7191 1911.2849 938.9382 1553.0061 181.1574 549.8509 801.5890 1685.9184 1161.3651 1396.7394 935.8900 793.5849 2064.2103 2191.6044 1191.8557 1901.6038 1444.9671 2925.0622 1276.6021 863.0226 998.7242 1552.6123 3003.5852 2196.2352 1158.3475 3062.8457 1472.0523 1395.3082 1239.7580 1231.5506 3117.4894
2606.9294 0.0000 3153.6197 1013.4520 3182.5377 932.0713 1479.7216 3056.2111 2096.8464 2886.1651 3328.1016 2435.4271 183.9674 411.6916 881.8509 236.1038 510.9256 522.5514 882.3361 2273.8395 2578.4681 1244.0342 1287.0695 608.4735 2091.0232 2700.6314 1987.9097 3367.4508 2958.1793 2436.6151 553.6371 2797.6249 707.0007 1768.9918 2031.9756 604.2020 1803.8173 2291.2959 3317.7369 3187.1155 664.8225 216.9470 936.4000 1093.4578 531.1798 2148.3456 2039.8277 505.1703 2546.6935 673.0267 940.7072 1227.5166 3354.7274 1296.1732 888.2207 2637.2761 1620.2321 1445.0093 2907.0984 1253.5123 1976.7107 2881.4774 394.3159 464.6633 2070.3683 1433.6335 3389.1748 2826.4502 2695.5439 3424.8393 2247.6552 1801.7494 3362.1523 1347.8624 2440.7314 3046.3048 488.6727 259.0077 2230.8485 2279.9002 2318.3555 457.0536 800.2325 1456.9345 3321.7888 2543.6800 1118.0501 1282.6223 906.8875 2511.6536 3325.8919 830.7208 3370.4077 1716.6112 2693.5664 742.2351 3188.2235 2621.3914 3074.8296 2661.1684 2564.3683 895.9046 473.1691 1021.7651 446.7897 456.3266 2478.2014 2428.3585 65.0077 262.6404 2926.1540 926.1215 2295.9059 1258.3235 1553.7583 1176.0961 3101.9905 570.4463 741.7473 316.7965 585.2350 3365.8528 2776.0088 2159.9838 349.4939 315.2681 2214.2312 902.6561 3329.0443 1060.9731 1683.9730 3123.9534 1329.3686 2474.9935 1031.0393 2941.2931 794.8188 2519.0556 1406.4082 474.4059 1911.5190 2979.5263 1082.7530 932.1212 1493.6790 2184.4635 697.0007 859.8430 3418.1716 2609.3227 873.5044 2348.9404 660.7276 1263.5648 172.6297 702.8357 1896.6299 3297.4187 629.0453 857.4672 2323.1918 765.9817 1285.9755 859.8709 1319.6318 2473.9268 2823.0062 1276.0768 1668.3060 3331.3999 1209.5574 2023.2815 1556.1893 2495.2805 2808.4190 1871.4016 1104.9000 1621.4759 2230.4372 1744.9095 2425.3495 729.1783 455.4964 1856.1716 708.8159 1167.5157 321.0140 2190.4703 3106.5809 3090.8919 1267.6687 539.2819 1081.0902 3042.1759 673.8731 1135.6782 3334.3221 3442.1663 1643.6119 933.3622
548.5125 3153.6197 0.0000 2514.8777 1413.2661 2738.5211 1678.9643 369.4117 1063.5309 664.6879 189.7077 739.4322 3337.2769 2840.9127 2996.2260 2987.2864 3496.6810 3134.8462 3547.5580 1203.2477 661.3660 2496.8981 2500.3146 3003.0926 1073.9576 1416.9435 1186.0017 343.9564 385.1753 1225.4020 3609.4899 527.7651 2952.1343 1386.0999 1291.6044 3456.4376 1627.8802 1127.8448 1020.6846 1077.0376 3646.1048 3059.1543 2221.1317 3890.6911 3397.4121 1022.3160 1908.8829 3500.4897 973.8362 2536.9249 3683.8308 1964.9880 810.7040 1977.8311 2579.1675 1559.6025 1545.6225 1724.9258 570.3508 1946.1480 1286.8232 1422.5291 3495.9502 2893.6221 1656.0447 2018.4370 1382.7295 792.0770 1263.8014 1039.8101 935.9899 1555.3090 497.3982 1882.1929 1277.4525 525.2238 2896.6066 3344.2129 1699.0144 1233.2015 1829.7620 3112.0130 2588.2668 1704.2409 409.6950 953.3022 2150.8838 2383.6118 2260.8636 664.2326 359.3021 3562.0898 241.9194 1485.0943 460.0533 3425.2092 450.5685 571.1129 403.1129 1498.9710 1430.0224 3704.4905 2777.0329 2581.7120 3016.8096 2716.4309 790.2715 899.2097 3145.6638 3218.5278 912.6631 3137.8999 1726.7301 2061.8208 1808.6592 2038.7557 1065.6425 2586.6256 3514.1101 2906.9243 3290.3430 389.9667 584.2756 1593.1142 2872.9819 3463.7501 1544.1933 3308.0274 357.6605 3720.6340 1654.4927 1403.7015 2050.3331 1127.6205 3467.7648 485.3906 3451.2679 962.9673 2132.5489 2712.4373 1746.2932 433.2436 2343.2450 2720.9471 1925.8619 1025.4102 3128.5398 3808.6303 1015.8366 1341.2748 3544.1886 980.5509 2923.9761 2081.6294 3318.5599 3527.6231 1530.2111 162.2005 2556.5260 2911.8182 841.0595 3279.5831 1986.4541 2376.3613 1907.8221 921.3604 574.2691 2054.8112 1546.3919 847.2745 2432.7310 1367.7299 2053.7911 668.0030 621.2520 1319.8019 2225.9598 1660.8447 1777.5368 1455.0780 1151.7209 2593.2933 2740.0883 1672.2087 2449.3969 1989.1104 3471.0184 1672.1139 823.6613 1010.8610 2087.2511 3551.7086 2720.7692 1233.0551 3595.0168 2018.0832 1371.0233 1097.0005 1713.0852 3658.0128
2009.4945 1013.4520 2514.8777 0.0000 2976.0936 223.9732 1078.8851 2325.0009 1572.4681 2448.6404 2702.9867 1777.9904 1160.5434 604.6925 481.4146 1028.5806 1521.2166 1389.5125 1843.2564 1990.5087 2076.1746 1621.9723 1667.4463 1375.1847 1581.0898 2538.4990 1348.7542 2652.1274 2235.4530 2190.8072 1230.9431 2063.1515 464.6988 1271.5302 1244.0016 1591.8006 1660.0928 1969.2608 2966.8517 2870.9699 1677.8087 811.4734 792.3156 2096.8131 1515.3617 1642.4616 2096.4675 1106.5234 2199.6884 943.5094 1179.5495 1046.9785 2932.5956 1225.6794 1307.1438 2532.2421 1039.1059 1105.0670 2137.9883 652.0997 1230.5738 2710.2585 1179.6483 559.3577 1999.5104 519.8711 3142.4126 2432.1160 2475.6001 3063.1854 1582.2076 1598.2641 2840.9366 666.5133 2218.8810 2275.6243 1183.0892 1272.4378 2190.7962 2014.4290 2335.9351 706.2301 221.0543 1077.0464 2780.4640 2186.7430 420.0202 1584.4636 583.1312 1962.7290 2600.0277 1805.6650 2752.5561 1045.5415 2076.6909 1692.0260 2431.7208 1944.9422 2333.3260 2531.8152 2410.7862 1893.3568 1024.9029 1454.2768 1249.1157 869.3866 1746.6542 2014.2532 963.8221 905.0552 2575.1808 624.4694 2268.9868 459.7619 1458.2544 1073.4640 2791.0500 661.0431 1719.8988 699.4691 830.5330 2808.9486 2295.4119 2065.0039 670.0784 1224.8008 2099.4344 793.2370 2604.0156 2035.7340 868.2304 2921.7666 465.3945 2188.6439 1935.1509 2191.5479 1742.6072 2162.4218 1539.1312 905.4292 1871.7505 2466.9191 1318.4813 1468.1502 606.9811 1729.9908 634.9244 1873.0523 3050.0784 2420.1190 1835.1406 1955.8758 1364.2881 1299.6065 1171.3625 1057.0076 1039.4229 2633.4170 884.0051 1528.9294 1686.8269 1652.5087 1218.7247 1016.1481 647.3183 2086.5294 2066.6797 463.4879 1352.2019 2924.1977 1541.3896 1195.4685 1658.8237 1854.4180 2040.0755 1208.0981 1222.1673 854.0521 2226.4377 1074.7772 2143.7082 308.6487 929.5945 1759.5465 767.3936 761.4263 1235.8175 2136.3813 2717.2258 2763.1160 1312.1284 1552.4561 1609.5183 2792.0861 1147.5208 789.4618 3092.5163 3095.6311 812.0006 1914.8264
1367.8907 3182.5377 1413.2661 2976.0936 0.0000 3180.4630 1898.6443 1742.2239 1499.7243 805.4496 1386.1782 1598.6910 3344.3400 3023.7513 3411.2926 2958.7492 3335.2998 2934.3282 3208.9726 985.6429 1130.6936 2083.7728 2060.1015 2781.2375 1478.6210 483.7561 1791.2334 1732.5637 1706.3098 786.3034 3726.5963 1752.3096 3295.3598 1728.9795 2096.2254 3235.8792 1387.7323 1012.9763 465.1451 345.6545 3447.6347 3183.0055 2335.6303 3534.1273 3202.1383 1427.1331 1223.1047 3649.4609 816.6333 2512.4341 3976.5437 2017.0337 699.1152 1900.0413 2350.3621 578.0078 1971.1443 1882.0271 1875.7156 2325.0215 2021.2533 305.7613 3575.1091 3120.6041 1118.2777 2624.7615 228.8493 716.2576 503.0159 530.7297 1701.7932 1413.1967 1029.0083 2329.8251 763.8272 1892.3353 2763.5913 3280.3257 984.5898 962.1793 969.2812 3340.4533 2941.0383 1903.1815 1090.8148 837.0723 2556.1225 1994.8378 2486.7861 1282.8071 1763.9402 3251.0591 1368.3457 2031.3148 1394.3723 3133.9102 1857.0689 1592.3834 1782.7958 536.8063 619.2003 3395.1926 2715.9096 2268.5260 2868.9854 2734.8667 1794.9318 1038.2740 3203.3888 3349.8719 545.0917 3556.0114 939.1539 2547.0234 1635.4428 2040.2833 348.0359 2712.4566 3237.0395 3050.6934 3544.3908 1152.2001 974.1730 1025.9864 3025.3119 3488.1342 969.5205 3688.6705 1761.3864 3331.8442 2313.5058 58.6941 2590.1809 790.9317 3049.2130 1804.7063 3138.8789 857.3943 1800.3650 2711.0288 1278.3712 1002.7966 2118.7864 2407.6420 2544.9057 1308.0998 3455.1069 3556.9380 547.3947 575.8585 3209.2068 1065.8879 2694.0113 1919.0628 3310.1053 3765.5332 2321.4472 1522.5518 2563.8292 2587.5409 1594.3406 2966.6496 1910.0746 2325.5769 2343.0787 951.2013 1828.2325 2552.1618 1629.4247 646.4712 2068.3242 2202.4373 1656.4942 1530.4617 1871.9458 1912.5820 2078.0053 2257.4574 1014.0493 2009.9664 833.8117 2901.3219 2727.6666 1326.5990 2528.2409 2234.7942 3491.1752 1012.3132 589.8754 403.0199 1914.8708 3393.2417 2326.9194 211.1019 3791.7422 2224.6018 176.3236 494.2722 2365.2235 3317.4395
2233.3204 932.0713 2738.5211 223.9732 3180.4630 0.0000 1281.9146 2545.3803 1792.8402 2668.0727 2926.7294 2001.8876 1054.7630 553.8312 257.7518 997.9950 1441.9764 1369.4791 1799.3471 2195.8873 2297.5520 1720.9492 1767.4889 1380.0540 1800.7401 2735.9834 1572.3721 2872.8049 2456.5411 2394.2598 1058.8036 2283.9829 277.6274 1487.6576 1464.6611 1531.8659 1845.1840 2178.0321 3182.7053 3084.1180 1591.4905 717.0642 935.2903 2025.4375 1456.7804 1862.2492 2261.3987 933.4077 2412.1553 1016.4773 962.1668 1217.5385 3152.4221 1387.2916 1383.4742 2723.3057 1258.2802 1301.4104 2356.0700 863.6539 1453.5543 2909.8022 1029.8476 468.9232 2180.7178 735.5719 3351.0275 2649.0149 2678.5787 3279.9721 1806.1520 1789.7318 3064.1777 886.4875 2420.1630 2493.1286 1191.8288 1187.0105 2370.4649 2218.2894 2509.5516 552.3812 274.6507 1277.5105 3004.0466 2399.9010 631.0190 1696.4637 735.4250 2185.4924 2820.1596 1754.3301 2976.3678 1268.9748 2300.6619 1651.6089 2650.0057 2168.3773 2553.0018 2725.6566 2606.3864 1827.5240 1047.1724 1535.7816 1238.2996 895.2346 1968.5398 2230.5416 874.4856 774.3726 2789.7426 400.5621 2447.8409 683.0117 1632.0006 1232.5555 3003.5213 714.2899 1666.2389 640.0195 640.0133 3032.7578 2516.4690 2250.1869 618.7091 1096.4110 2287.4967 570.1096 2824.1928 1985.7203 1089.7651 3125.4881 688.4330 2395.9136 1915.4960 2411.0102 1703.6396 2375.4158 1679.4871 934.8636 2046.7716 2689.5014 1431.1132 1529.1112 825.0297 1947.2339 431.0603 1784.4464 3267.2242 2619.6099 1790.8213 2170.3332 1383.3474 1446.9364 1073.2875 855.4093 1254.6824 2856.3657 951.0862 1562.9680 1910.7781 1634.2537 1379.4963 1122.0771 866.0976 2301.3685 2286.0265 687.2474 1552.1424 3143.2531 1646.1841 1412.8500 1807.7710 2078.3806 2258.5535 1431.8397 1351.2531 1077.7927 2401.7154 1298.2950 2350.2113 354.9028 953.6425 1940.3010 859.7843 950.9837 1107.8921 2317.2201 2934.7600 2976.7314 1458.5969 1466.1037 1677.8859 2999.5861 953.3981 971.0170 3300.5298 3311.5483 1032.8954 1860.3107
1130.6304 1479.7216 1678.9643 1078.8851 1898.6443 1281.9146 0.0000 1619.8006 617.6026 1436.5546 1850.2378 984.1611 1662.5102 1202.9306 1516.2773 1308.3260 1823.6954 1478.8009 1921.3186 914.0689 1103.8379 1053.3608 1080.5128 1360.2029 611.3019 1460.6882 567.6592 1914.4965 1520.0832 1112.6154 1963.7846 1374.1867 1412.5955 294.2448 773.9774 1795.4843 618.0623 899.4004 1920.7629 1812.4009 1976.7309 1405.0032 543.6626 2257.8720 1732.1663 668.9163 1112.8544 1864.1955 1141.3851 862.3601 2122.9437 313.0256 1918.0959 424.5904 978.7911 1461.5926 266.3081 81.7068 1504.9149 433.5262 676.4651 1631.5024 1837.1568 1278.1549 958.7935 809.6499 2070.5560 1397.0057 1397.2061 2022.2176 814.3279 536.6796 1890.5417 467.0171 1140.0009 1638.3751 1231.7942 1665.2498 1150.2769 936.4769 1311.3184 1503.0030 1049.1692 31.1448 1846.1194 1131.6625 659.9182 954.4045 622.0490 1031.9322 1878.9745 1924.7974 1891.6765 424.6999 1219.8049 1786.4862 1763.8268 1171.0273 1644.2813 1457.3472 1334.6569 2061.5026 1102.1093 1035.9247 1351.3908 1037.6252 1074.1927 981.0571 1476.4315 1570.2904 1524.2982 1662.0159 1229.3250 673.8086 493.3893 400.1325 1730.1529 921.0543 1867.1650 1255.6751 1699.3046 1888.2545 1309.1879 1010.9688 1223.8636 1792.8218 1037.6223 1803.0696 1881.6248 2107.4288 647.3090 1843.8506 738.6589 1114.9946 1883.4038 1521.9412 1819.1924 1106.7633 757.4325 1033.5652 858.6577 1506.8182 785.5100 1151.3166 756.1118 715.0699 1580.2259 2147.0021 2011.5519 1341.4444 1916.6685 910.7124 1289.2157 560.1178 1641.9735 1932.4622 812.1188 1827.0506 878.2312 1324.3028 867.5782 1656.6472 427.6739 716.0293 471.4955 1041.7648 1414.8936 683.7690 275.0727 1901.9372 965.0622 832.4062 799.8956 1033.8148 1411.4464 502.1952 641.7757 550.0036 1199.0938 436.0562 1068.7900 1019.4749 1061.4259 729.3730 771.9922 348.1738 1799.4871 1093.4752 1683.9575 1706.8524 572.5033 1877.6552 1207.5446 1718.4161 1980.6335 356.8095 2019.5841 2049.2889 666.9723 2027.7931
580.6798 3056.2111 369.4117 2325.0009 1742.2239 2545.3803 1619.8006 0.0000 1042.5685 952.5025 516.5675 636.3875 3239.9151 2713.7133 2801.9773 2910.8976 3438.8046 3098.4464 3534.5892 1354.5376 800.7122 2544.0765 2554.2298 2977.1009 1062.0584 1678.5148 1070.4602 327.8796 99.7447 1426.4028 3476.3314 263.0076 2778.1785 1328.7536 1081.0000 3415.1512 1706.3016 1271.2612 1376.2006 1417.0974 3593.9484 2939.8129 2144.3584 3873.9923 3351.2246 1025.3687 2064.0739 3361.7586 1181.3289 2479.4993 3504.1650 1925.7105 1175.2455 1973.6274 2573.9934 1810.5659 1437.4234 1679.3243 222.0923 1812.7032 1103.9099 1712.5496 3375.4225 2752.6253 1804.1666 1811.4715 1732.6892 1068.8166 1523.5751 1402.8492 811.5294 1617.8470 866.6545 1732.9204 1483.2532 156.6046 2851.4272 3265.2205 1881.4316 1391.0618 2030.1946 2963.3393 2425.1783 1648.4380 778.9461 1157.0903 1995.3651 2431.1631 2150.0923 729.5382 275.3561 3541.5252 568.5578 1343.8155 489.8755 3403.3138 156.5407 451.3679 41.7732 1753.9170 1667.5470 3679.8028 2717.8457 2598.4938 2970.8310 2638.6557 584.7016 1043.6613 3040.9216 3092.1271 1215.2452 2938.9211 1921.6998 1888.3432 1847.2274 2007.3116 1395.1032 2485.8457 3485.9755 2787.6876 3129.8348 755.5640 820.8709 1756.1617 2752.7354 3358.3151 1715.7745 3114.3889 279.2168 3716.3522 1457.1112 1726.2784 1861.3106 1330.3101 3477.9126 143.3771 3434.1324 1159.6159 2182.9031 2640.1737 1867.0750 739.5303 2350.6135 2730.8555 1720.7559 1072.7483 2953.6262 3766.3967 1379.0957 1585.7203 3530.3688 1110.8542 2903.2218 2091.4975 3225.8142 3365.3303 1299.1247 377.6612 2489.4795 2916.2346 753.5582 3267.7788 1981.0888 2335.1788 1760.2983 1093.0032 264.7754 1878.1656 1545.9550 1209.1472 2471.0656 1136.8105 2127.0799 597.4354 302.0017 1185.2806 2220.9084 1483.4642 1962.2375 1314.6578 1342.7323 2442.2786 2669.5282 1771.8671 2368.5797 1891.8544 3366.4890 1845.7611 1159.8832 1340.1616 2099.2880 3491.5774 2751.5904 1550.0052 3441.7224 1929.9402 1716.6508 1459.5838 1513.0003 3642.6689
515.1970 2096.8464 1063.5309 1572.4681 1499.7243 1792.8402 617.6026 1042.5685 0.0000 876.9493 1232.8280 420.0310 2279.8590 1805.0499 2044.1213 1924.9026 2433.5267 2075.7632 2499.8532 595.6148 506.9093 1507.1941 1520.1451 1947.7692 30.1496 1156.7476 293.9558 1316.1413 944.0053 784.0230 2571.5670 822.2469 1968.4270 330.0015 620.7898 2396.3149 715.6675 528.5641 1407.3042 1328.4352 2583.7697 2015.0159 1161.2149 2841.2858 2336.0071 73.7564 1173.4837 2467.9680 683.2313 1473.4049 2695.2968 902.5940 1360.2371 932.6403 1534.8280 1220.0598 535.4148 661.3963 970.2752 941.2810 532.2030 1292.3579 2449.7106 1869.9864 927.4751 1149.8043 1627.5518 870.9007 1041.1551 1498.8746 329.2370 613.2928 1288.7734 906.3686 834.8802 1090.4870 1834.8330 2281.7997 1074.3649 635.9402 1249.0576 2093.2695 1598.5597 641.8138 1238.3747 663.6181 1167.5209 1395.1276 1220.1516 416.0589 1286.3965 2510.2418 1274.0757 547.2668 606.8847 2372.5042 1194.8063 593.6194 1072.5008 1189.8403 1065.1920 2650.8293 1713.5233 1555.9361 1955.0248 1654.8453 582.4852 466.9047 2092.2411 2178.2500 1027.3870 2190.2991 1141.0859 1115.5613 813.1728 978.6996 1254.5374 1534.7371 2458.6736 1864.0453 2282.5304 1277.0591 724.2237 921.0999 1831.1846 2409.3155 909.1408 2347.1534 1288.5593 2678.6513 817.6552 1453.1180 1136.8025 734.3201 2436.5059 966.9798 2401.0681 642.5481 1150.4630 1649.8151 929.0780 906.6962 1308.4774 1688.8390 1063.8205 194.4942 2142.3877 2748.6107 1484.3483 1029.5630 2495.9818 434.6056 1870.9810 1048.9542 2259.5579 2518.8587 827.3137 1214.5242 1493.4420 1875.2922 309.6982 2232.1938 940.4010 1314.5726 927.0151 550.9673 879.2070 1115.2708 503.3905 1352.8710 1431.5816 726.2568 1112.1151 445.2527 889.4155 413.7596 1180.8527 771.4175 1149.6195 522.2279 704.9631 1587.0929 1677.1863 807.0812 1389.5773 943.3313 2416.1434 1022.2236 1151.0430 1218.9643 1056.7199 2488.3939 1709.8038 1295.5096 2575.5660 965.4978 1583.2249 1535.0948 871.6611 2609.0826
582.0687 2886.1651 664.6879 2448.6404 805.4496 2668.0727 1436.5546 952.5025 876.9493 0.0000 708.8307 834.2002 3064.2345 2638.3550 2917.6018 2689.0671 3152.9979 2766.1050 3132.7499 669.4811 389.3443 2023.2316 2017.0099 2621.8308 867.5512 753.0478 1133.0322 1007.1206 907.2431 614.9504 3393.3425 946.8780 2834.3340 1184.9207 1388.0360 3087.1173 1158.9392 620.9187 550.8403 518.1235 3289.8416 2833.9585 1960.6091 3475.1301 3037.2911 806.2258 1317.3580 3297.4599 385.6488 2225.0182 3555.0360 1658.6657 484.8144 1611.4596 2180.4369 897.8252 1409.8216 1453.1087 1071.8517 1810.2735 1332.8976 763.0970 3259.6788 2714.6007 1084.2629 2019.3093 845.6979 129.3213 601.1090 631.0507 975.1579 1119.4927 515.1398 1782.1560 657.3713 1097.1025 2549.5451 3039.4279 1085.0862 684.5057 1195.4183 2939.4164 2465.1785 1452.8197 511.4098 376.0917 2039.9179 1913.7934 2058.5106 533.8773 1023.5390 3158.3986 715.5452 1419.3988 594.4182 3026.4871 1080.9339 796.8438 993.9869 836.3014 775.8982 3304.2276 2457.5716 2149.3052 2667.0227 2431.0576 1014.1484 458.5194 2891.3818 3000.9127 264.3710 3064.0251 1099.5695 1992.4630 1386.5389 1713.1973 470.7526 2347.6086 3122.9838 2687.1474 3134.6338 574.6790 182.0440 1005.9747 2656.3819 3201.4111 949.2529 3217.7298 1022.0690 3289.7570 1671.8756 782.4168 2012.5407 524.1698 3020.8040 1003.1082 3044.7397 396.5905 1670.3667 2417.7696 1205.5911 232.2283 1935.6345 2293.7918 1930.7517 726.0881 3006.2590 3433.4130 614.2719 684.5144 3130.7196 537.3360 2537.0002 1685.0119 3038.0273 3368.6058 1629.7092 806.3579 2260.0232 2486.7378 859.1490 2868.9484 1621.3359 2045.4313 1802.0069 416.0829 1022.8025 1992.2141 1218.2553 475.9370 1974.2892 1489.9480 1562.2804 757.5553 1066.5177 1271.0677 1844.3376 1638.6961 1158.8136 1392.6299 562.4918 2446.6990 2441.3443 1166.9190 2182.2000 1782.8545 3206.8946 1068.7025 287.0888 419.1539 1686.8056 3210.4093 2262.8701 603.5106 3416.9560 1792.9557 815.8388 673.3706 1729.0278 3244.5795
721.5019 3328.1016 189.7077 2702.9867 1386.1782 2926.7294 1850.2378 516.5675 1232.8280 708.8307 0.0000 925.9897 3511.4726 3021.2663 3184.3858 3157.6233 3661.7003 3295.0411 3700.1845 1311.8605 796.1570 2633.3851 2634.3698 3160.7752 1241.0681 1454.3899 1369.8412 355.8103 554.4159 1307.4559 3789.9301 708.8759 3138.5490 1559.1408 1481.3052 3617.2531 1759.7935 1242.0117 959.4384 1041.6357 3809.4269 3237.8823 2393.5800 4043.7718 3559.6343 1186.8450 2004.3006 3681.9132 1059.8358 2704.0468 3870.4070 2130.0951 730.9884 2133.6450 2732.2643 1602.4285 1726.4634 1892.9363 732.6097 2129.1588 1475.8472 1436.2298 3674.3529 3076.0163 1757.9605 2207.7647 1325.5165 837.7977 1305.9253 959.3414 1122.5017 1693.8551 388.6592 2067.3135 1355.4372 663.8531 3059.6949 3514.4793 1782.7689 1337.9555 1901.6540 3295.2551 2773.8464 1874.6418 307.5272 1042.2476 2336.1986 2520.5658 2439.6157 823.6601 400.2812 3716.9236 53.8516 1670.4305 638.2539 3580.7135 554.0984 760.3848 542.2629 1539.9003 1484.5986 3860.2405 2943.8928 2728.0469 3179.8008 2887.6707 979.6867 1020.2475 3321.5975 3398.2548 928.4724 3326.3297 1803.0918 2249.0500 1952.6815 2201.5254 1045.3387 2762.8205 3671.2059 3085.8548 3474.9849 261.9637 674.9852 1688.5645 3052.1366 3639.3815 1636.0147 3496.0092 396.5905 3870.2625 1843.6879 1384.4887 2238.7427 1211.3336 3613.3821 648.1705 3605.3334 1055.5970 2270.0564 2882.4762 1859.6174 483.6621 2493.6162 2868.9012 2115.1693 1177.9495 3314.9314 3969.0807 935.1754 1392.8622 3697.0759 1104.7864 3080.4105 2232.6809 3491.8352 3712.3214 1719.8142 156.2626 2725.8118 3060.8172 1024.7810 3432.4714 2142.5417 2540.0776 2092.6863 1028.7983 748.6361 2242.3149 1704.5671 775.0645 2572.6276 1557.2540 2183.5075 852.5872 794.2122 1505.0648 2380.6033 1848.9446 1859.0132 1640.4283 1241.3686 2777.4263 2909.6771 1795.3209 2621.9764 2166.3252 3646.4638 1760.9463 802.6114 992.3936 2237.6103 3717.1942 2861.9001 1223.6282 3778.4924 2193.5170 1321.2070 1016.8151 1902.3396 3811.1218
262.8650 2435.4271 739.4322 1777.9904 1598.6910 2001.8876 984.1611 636.3875 420.0310 834.2002 925.9897 0.0000 2619.3933 2108.7847 2259.3827 2281.9395 2805.8029 2462.3779 2898.5141 883.5299 468.0182 1926.5524 1939.9838 2340.7163 443.8975 1363.7437 450.5641 933.6434 536.6563 1025.0005 2876.4529 403.0682 2212.7731 692.4081 584.1318 2779.6311 1124.1076 800.1862 1381.5531 1348.7542 2960.0122 2330.3109 1513.8804 3237.6759 2716.2292 421.3431 1547.8068 2765.7339 833.0720 1845.3021 2944.5470 1289.3231 1265.6844 1341.3426 1939.6198 1462.1901 816.4074 1042.9444 550.2763 1210.0264 558.4640 1459.8222 2767.2550 2157.6054 1291.1282 1290.0915 1673.5283 889.5044 1221.8944 1452.1381 196.5731 1025.8548 1092.1360 1143.1929 1083.0295 671.6815 2215.9535 2637.6065 1410.4815 925.1994 1578.1486 2374.6370 1848.9091 1012.5260 1021.8268 807.4930 1411.6859 1814.7245 1533.8553 316.0775 895.6752 2905.1602 974.9179 746.0811 305.0983 2766.9409 783.7576 187.2165 662.6160 1418.3434 1305.2892 3043.4273 2084.3071 1968.9797 2335.5385 2009.6450 209.2391 620.6335 2423.5786 2487.2646 1063.9483 2401.9475 1467.1609 1323.1104 1233.1975 1371.0671 1292.0720 1865.4672 2849.6459 2177.8606 2551.4515 1041.9031 652.2162 1265.5280 2143.4563 2741.7908 1239.8004 2570.6468 898.4637 3080.9013 925.7397 1563.1539 1314.7935 945.6596 2844.8109 549.2285 2797.8796 796.5538 1570.4856 2009.5502 1319.2801 752.0239 1719.4863 2099.1058 1197.5208 506.8511 2389.1733 3131.1539 1432.7554 1245.2895 2894.2462 648.9992 2266.9742 1462.4011 2603.2749 2788.6672 830.6684 869.4970 1857.2466 2282.8984 117.2391 2631.8976 1348.4955 1699.0047 1169.0428 702.2856 459.3093 1316.5489 918.6294 1274.9125 1850.0303 677.0118 1529.9235 82.6801 471.4000 581.0000 1587.4297 924.3944 1490.1493 716.0698 936.0262 1855.0132 2038.4985 1206.4966 1739.9463 1267.9590 2749.5245 1364.3405 1119.0112 1244.6526 1470.8300 2859.0925 2126.0078 1387.6761 2857.2144 1302.4976 1639.0964 1499.3205 984.8376 3006.4414
2790.4095 183.9674 3337.2769 1160.5434 3344.3400 1054.7630 1662.5102 3239.9151 2279.8590 3064.2345 3511.4726 2619.3933 0.0000 572.6587 965.1679 385.6592 410.4790 564.1631 828.0731 2446.4166 2759.8322 1366.5230 1407.3663 683.3945 2273.7656 2861.4000 2171.8133 3551.3723 3141.9391 2605.6610 431.3351 2981.1510 805.4527 1952.3319 2212.7786 540.0148 1971.5590 2466.0018 3489.7327 3357.2597 544.0965 349.3566 1118.9374 988.5312 478.2175 2330.8567 2185.8401 421.8827 2721.4268 843.9390 881.7766 1406.1881 3530.8039 1467.5302 1023.2908 2793.3816 1804.1430 1626.6038 3090.0138 1435.6215 2158.8110 3041.8764 265.2414 601.6411 2228.8304 1601.8355 3553.4020 3002.5930 2861.0482 3597.2000 2431.5530 1973.5362 3542.6916 1528.6481 2608.0449 3229.2923 606.9341 169.5671 2384.5278 2451.3264 2465.0598 529.1446 954.8571 1639.4249 3503.0856 2718.9704 1294.3477 1415.5550 1090.2408 2694.3808 3509.7357 766.5488 3553.6263 1899.7226 2877.2264 705.0284 3371.6057 2805.3458 3258.4041 2819.3306 2725.3765 804.0529 628.4306 1145.8621 533.9747 633.2282 2661.5187 2606.9133 206.5188 297.3214 3099.5059 983.5248 2447.5498 1432.4922 1721.7599 1352.0658 3272.1028 754.3030 679.0736 480.9366 598.0836 3547.5858 2956.1625 2319.5694 515.7073 144.3122 2374.9712 926.1749 3512.8957 988.3663 1861.8542 3285.6800 1500.4336 2646.4930 1007.6160 3124.6544 755.6831 2694.4434 1556.9676 647.4264 2069.2368 3160.3982 1233.0361 1041.4500 1665.0456 2365.4566 756.4827 732.9843 3590.9560 2772.9618 819.0739 2526.9011 751.0399 1427.7171 45.4863 651.8052 2073.1437 3481.2702 804.4936 938.1396 2507.1498 768.5961 1457.3486 1029.3542 1500.4213 2651.0786 3006.1484 1449.7283 1847.2122 3506.7228 1340.9403 2202.1535 1706.1761 2679.2157 2991.2648 2054.9696 1267.0154 1801.2851 2380.4693 1928.1144 2596.8481 890.6655 625.6333 2019.6012 890.9141 1351.4825 146.8400 2345.9659 3281.5419 3262.1688 1430.9787 421.5412 1182.7088 3208.1487 594.0042 1319.4700 3498.3705 3613.4998 1820.2967 858.6111
2301.4598 411.6916 2840.9127 604.6925 3023.7513 553.8312 1202.9306 2713.7133 1805.0499 2638.3550 3021.2663 2108.7847 572.6587 0.0000 585.3110 444.2128 916.6684 815.9865 1249.6115 2070.0348 2303.7752 1282.8114 1329.5721 835.0150 1803.7339 2551.8033 1658.2295 3031.9645 2617.4975 2250.5877 768.6664 2452.0532 400.8242 1475.4504 1662.7041 989.8535 1637.7549 2073.7601 3106.2943 2986.9926 1074.0135 231.9052 691.1042 1492.7692 913.7056 1863.8232 1964.1978 662.9246 2325.6126 581.2925 955.1649 1009.3805 3117.8547 1129.1364 920.7790 2509.7197 1295.2907 1186.5690 2552.2157 901.4150 1617.2276 2732.1087 662.0733 121.2353 1942.9115 1029.5266 3217.3884 2593.0787 2524.3758 3210.5641 1915.6169 1612.4754 3090.5550 983.2502 2263.8463 2691.9222 652.4944 669.7947 2120.4304 2082.8646 2233.8098 318.0252 388.8573 1185.6492 3042.9376 2318.9623 733.4971 1285.4019 584.9316 2220.4058 2986.8627 1207.7554 3066.2919 1370.4306 2383.0573 1100.4258 2838.9704 2291.4408 2729.3488 2524.4487 2416.3230 1290.2143 526.5102 1074.1778 687.4511 392.7035 2130.2178 2181.1201 367.9837 378.7268 2709.8511 681.8746 2192.4913 866.0716 1394.5985 983.9614 2902.7465 313.3385 1120.7074 95.1315 522.8097 3082.0910 2511.7096 2025.4876 66.2118 662.8725 2073.3514 738.2046 2990.2940 1438.8836 1301.9236 2966.0582 929.8887 2274.6598 1361.6769 2592.3667 1152.1220 2293.9741 1336.5336 433.0970 1791.4109 2706.9291 1036.9069 1036.0483 1094.4921 1917.8939 488.9376 1269.3810 3201.4748 2448.3474 1241.2252 2107.3844 848.0053 1139.6921 576.6012 742.4123 1509.1418 2977.7260 514.3890 1037.3852 2001.1682 1080.6230 1119.4110 743.5940 955.3900 2236.9873 2471.2106 882.3933 1431.3214 3099.6459 1222.6222 1644.1247 1481.3119 2174.5770 2453.0106 1531.8805 1003.2079 1248.5520 2134.7880 1399.8761 2225.7030 318.5671 442.1911 1710.9205 500.8493 862.1607 672.6307 2073.2723 2878.7402 2885.2870 1147.8929 948.9452 1190.5335 2864.9279 779.5928 846.1282 3163.8157 3233.6149 1257.3917 1315.6067
2489.7655 881.8509 2996.2260 481.4146 3411.2926 257.7518 1516.2773 2801.9773 2044.1213 2917.6018 3184.3858 2259.3827 965.1679 585.3110 0.0000 1005.9195 1372.0656 1373.0524 1764.0822 2429.3878 2549.8731 1846.6191 1893.5747 1411.7610 2051.1180 2959.5866 1828.4184 3129.5348 2713.5235 2625.2139 875.0023 2540.8522 185.6906 1734.4339 1721.5911 1483.2684 2058.3770 2415.3418 3427.3712 3325.4900 1509.0215 668.6830 1121.5436 1953.5509 1411.8587 2112.7423 2451.1956 752.3736 2653.3400 1134.5810 711.2475 1422.2081 3402.2917 1581.1066 1492.3220 2939.7636 1508.8158 1529.2681 2611.3219 1108.5387 1711.2826 3135.4306 879.9966 469.1961 2388.2081 991.0005 3586.7128 2895.3155 2908.4876 3525.7772 2063.5380 2009.7841 3319.2639 1138.7010 2648.6466 2747.9698 1234.7064 1117.9776 2575.5318 2450.0653 2707.5452 436.1112 471.1528 1509.4545 3259.8313 2641.9093 877.7067 1836.0950 936.8554 2439.8986 3076.5851 1711.0845 3233.9705 1524.7757 2557.7406 1623.5393 2905.3182 2426.1245 2809.1938 2945.2022 2828.1517 1765.4688 1111.5548 1646.4778 1257.2390 972.4119 2225.9257 2476.4394 818.0568 668.3510 3033.0612 146.5401 2651.7370 938.9851 1835.1245 1426.3117 3244.1319 832.9766 1622.0345 647.0185 444.8382 3289.1044 2768.2579 2461.6371 638.6901 974.1463 2501.9051 312.5780 3080.6443 1940.0219 1347.1451 3355.6257 946.1839 2631.1537 1906.6413 2667.0992 1676.1504 2617.2604 1848.4710 1013.2098 2248.3883 2943.5030 1575.9648 1618.2117 1081.2447 2194.5688 228.8777 1695.3245 3513.4977 2845.6901 1755.2313 2414.1355 1430.8019 1626.0040 993.0005 630.7654 1508.8963 3114.0708 1066.6138 1622.0928 2167.7069 1632.5884 1572.6061 1268.1975 1117.2524 2545.4675 2542.0710 943.9094 1781.9972 3392.0831 1779.1194 1668.1082 1984.1452 2335.6802 2514.0796 1688.1792 1514.0558 1335.4419 2601.9302 1554.2310 2584.6650 523.3278 1025.1683 2148.4850 1004.2853 1176.5245 985.7976 2523.7522 3181.6933 3218.7529 1636.6457 1386.6478 1771.8344 3234.2828 738.6068 1189.4579 3535.5397 3556.2278 1290.0671 1811.2935
2438.9018 236.1038 2987.2864 1028.5806 2958.7492 997.9950 1308.3260 2910.8976 1924.9026 2689.0671 3157.6233 2281.9395 385.6592 444.2128 1005.9195 0.0000 544.4502 372.0874 814.8276 2064.2987 2394.4070 1008.7319 1052.1107 411.1265 1916.7319 2475.9008 1840.5434 3215.5674 2811.8976 2221.2271 788.7287 2656.0271 821.1973 1601.7082 1918.0954 575.7821 1586.8037 2086.0455 3106.7747 2973.1885 706.3427 362.1671 768.3033 1085.0184 499.8130 1972.1060 1806.3715 740.3270 2341.3263 464.1077 1166.6726 1035.7191 3152.0300 1085.3866 652.1265 2408.9765 1474.7315 1265.3462 2772.8577 1137.7539 1853.7017 2656.4399 627.0853 543.0037 1843.6757 1380.8403 3167.7615 2624.1726 2475.5561 3214.4886 2099.4364 1591.1009 3173.4500 1240.8005 2222.9766 2910.9620 260.4496 356.9314 2000.9623 2068.3061 2085.2244 621.4861 807.5302 1283.2182 3136.5832 2339.5600 1040.4773 1046.5338 784.7802 2336.2827 3176.8088 779.6332 3198.2184 1585.4479 2528.0421 663.4471 3047.8432 2468.9889 2931.8151 2434.3266 2339.8402 878.1674 242.9156 786.4814 252.0397 272.3252 2340.5412 2233.1883 279.3510 476.6015 2717.7745 1076.8138 2064.9245 1186.8804 1337.2360 976.0251 2888.0308 453.6254 695.8807 363.1597 784.9745 3182.8871 2586.2192 1934.2040 380.0908 529.4006 1989.4424 1083.7901 3179.7379 1008.3060 1589.3930 2900.0941 1268.5496 2263.4381 917.5124 2801.7316 714.0938 2315.1765 1174.5369 275.2235 1684.2292 2792.6081 850.4828 701.6702 1428.9045 1999.2103 855.2923 896.1322 3208.5816 2387.3102 806.7744 2152.0000 446.7527 1042.2442 353.1345 928.8062 1806.5088 3134.9222 432.7829 645.2852 2167.4153 636.4755 1075.2376 646.8825 1212.9819 2274.5279 2686.4841 1206.3884 1475.6612 3126.9618 973.4578 1920.7293 1324.1337 2337.3874 2675.1572 1732.7299 881.3745 1517.1345 1998.6558 1612.3734 2213.8132 722.3365 248.9739 1633.9627 542.3329 1020.9682 532.4631 1961.6914 2901.4290 2878.7733 1045.3961 591.3392 853.1149 2822.7074 907.3753 980.9730 3112.7231 3230.0666 1555.2006 889.8685
2948.6878 510.9256 3496.6810 1521.2166 3335.2998 1441.9764 1823.6954 3438.8046 2433.5267 3152.9979 3661.7003 2805.8029 410.4790 916.6684 1372.0656 544.4502 0.0000 400.9800 434.2188 2504.2781 2883.7491 1267.9756 1300.1850 554.2030 2422.7375 2852.8984 2370.5497 3737.9460 3339.3727 2640.9816 743.5005 3186.8759 1206.3851 2117.8340 2460.9104 159.6653 2012.0994 2537.0503 3532.4729 3390.2649 162.2652 724.9531 1295.7345 584.2303 143.8923 2475.3254 2130.6384 784.3889 2789.1728 961.3792 1237.6708 1531.8799 3600.2407 1543.6224 990.1358 2765.8651 2007.7462 1772.5205 3307.5009 1681.5023 2394.4778 3029.5883 604.1937 975.5332 2220.6292 1915.9024 3553.9489 3077.0375 2874.7174 3641.3460 2627.7886 2035.9027 3650.7710 1785.1308 2634.2097 3444.8097 604.7347 255.7851 2353.7748 2502.2886 2406.7092 936.2847 1304.8498 1796.6149 3620.0254 2790.5335 1581.7689 1344.9777 1328.7114 2838.0488 3701.4532 366.2922 3700.0645 2124.3222 3040.0666 341.3444 3578.6279 2993.0005 3461.1874 2800.0436 2719.7445 393.8782 721.6495 1068.2476 486.1214 809.0222 2874.3495 2704.7018 567.5253 706.7708 3154.0767 1393.9935 2407.7651 1727.2200 1770.7631 1460.7098 3305.6830 997.6382 284.2534 821.7597 1004.8607 3669.7144 3064.8837 2314.3373 851.8034 457.5642 2373.7365 1332.4628 3704.2075 579.9974 2133.7826 3276.8430 1806.0753 2695.0150 640.3913 3333.4658 383.8593 2766.9839 1538.2396 801.9589 2061.5358 3274.9318 1231.4694 933.7692 1968.1184 2489.8916 1166.6589 355.6754 3637.7732 2778.7573 425.4139 2620.8079 641.3252 1470.0180 379.2545 1024.8888 2350.7658 3647.8850 949.4614 772.3244 2689.9638 464.6902 1533.9628 1121.8561 1757.3471 2736.9985 3220.1213 1746.3347 1961.1859 3570.9416 1270.1063 2464.9578 1679.2772 2857.4398 3210.4492 2267.9447 1309.1665 2061.4415 2335.8350 2150.6506 2646.0546 1228.6464 771.7059 2038.0775 1076.4669 1556.8693 448.4473 2323.1713 3345.0549 3302.5448 1469.3512 58.1378 1041.5551 3220.3449 943.5295 1513.1986 3498.5061 3651.3340 2099.1867 450.4442
2589.1537 522.5514 3134.8462 1389.5125 2934.3282 1369.4791 1478.8009 3098.4464 2075.7632 2766.1050 3295.0411 2462.3779 564.1631 815.9865 1373.0524 372.0874 400.9800 0.0000 474.6504 2111.8471 2509.5820 871.2778 905.4943 153.3754 2062.7637 2451.9923 2039.3747 3388.9858 2998.7106 2244.0180 991.2467 2852.3283 1189.5756 1770.1548 2165.0000 322.6019 1618.1301 2147.6091 3135.2426 2991.9139 524.3787 712.1587 979.6208 789.0057 272.1838 2112.7179 1730.9850 984.6487 2398.0234 630.4958 1441.4250 1174.7310 3207.6321 1164.3990 592.0034 2365.0507 1685.8956 1420.2113 2979.8532 1402.1915 2089.4547 2628.6126 827.0218 914.2450 1820.0223 1699.5273 3153.1181 2686.6516 2474.9240 3244.1997 2291.9795 1646.8810 3268.2521 1511.7437 2236.0040 3114.9634 253.4028 419.3197 1952.9078 2108.4205 2007.7649 969.8876 1169.1091 1450.0159 3240.5081 2400.2883 1347.5251 944.9339 1060.3495 2472.3818 3355.5496 458.7036 3331.6308 1815.4168 2682.2155 324.5998 3242.5214 2648.8354 3123.0820 2399.0759 2318.9534 586.3659 412.2924 667.7125 146.6049 548.4761 2546.9421 2322.1871 585.7320 784.4743 2759.3095 1435.2801 2007.2917 1494.7515 1380.3235 1097.0807 2907.4877 766.1338 391.0921 734.8170 1107.6823 3291.8689 2684.4092 1913.7967 752.1556 687.3849 1973.3626 1423.9607 3358.0596 671.6815 1865.3946 2875.8764 1583.2021 2300.1272 547.1179 2999.9235 368.7560 2377.0564 1138.0562 524.4321 1661.1156 2895.6659 835.5034 535.6958 1736.9942 2118.3760 1209.0170 674.0401 3241.0222 2378.4770 467.8226 2237.4702 240.3518 1081.1031 518.6839 1207.0435 2083.5127 3288.8919 639.6202 390.2435 2345.4637 264.8849 1155.1056 763.4461 1485.3121 2350.7450 2890.7148 1515.2373 1590.4983 3177.3103 869.8350 2181.7571 1278.4338 2508.9346 2884.6360 1947.9476 922.9388 1783.6513 1935.5955 1839.6752 2251.4218 1081.0296 493.8714 1640.2564 783.8010 1249.2354 683.9079 1922.1915 2951.6628 2905.2485 1079.3795 458.9172 654.0031 2820.1918 1157.3059 1198.7014 3097.6746 3253.3295 1838.4776 568.1769
3007.5788 882.3361 3547.5580 1843.2564 3208.9726 1799.3471 1921.3186 3534.5892 2499.8532 3132.7499 3700.1845 2898.5141 828.0731 1249.6115 1764.0822 814.8276 434.2188 474.6504 0.0000 2466.2565 2906.6691 1132.5529 1151.5021 563.6923 2484.3319 2736.1332 2487.4292 3815.9636 3434.9416 2575.3077 1176.2419 3294.1172 1588.6903 2207.2664 2629.9129 288.0851 1973.8171 2512.0657 3457.1221 3306.8465 389.3995 1097.5614 1444.6792 343.7397 353.7358 2530.5497 1985.9995 1218.2364 2754.1193 1095.7536 1671.7012 1610.6055 3552.1522 1570.4292 968.4013 2631.2780 2141.8658 1856.9246 3426.2335 1873.9872 2551.2134 2905.2485 1038.2851 1331.9193 2122.1923 2173.2133 3434.2692 3042.9410 2780.6391 3565.9328 2735.2815 2019.6163 3643.4002 1984.1497 2559.0602 3559.3848 724.0898 660.1091 2227.0056 2457.0181 2249.4330 1334.6554 1622.2370 1891.4579 3622.6711 2759.5045 1821.9234 1232.7486 1534.5097 2883.3378 3785.7166 73.7835 3733.8727 2276.7822 3102.1904 152.3220 3681.7740 3083.3829 3561.0656 2673.2291 2609.0496 189.9316 886.4536 983.4658 620.9960 1022.0592 2995.0240 2703.7208 946.0365 1114.6627 3097.4238 1801.4217 2269.8469 1969.2092 1753.9715 1527.5513 3224.2410 1238.2730 150.4726 1159.8901 1426.0004 3677.3210 3067.7200 2215.7123 1183.5544 891.0426 2277.3539 1754.0140 3787.9790 197.0913 2337.7378 3151.6704 2057.2336 2641.8917 229.8369 3441.9675 106.1037 2737.5555 1465.3454 998.9695 1969.9756 3280.2421 1207.0812 838.9762 2211.5479 2523.1984 1572.0029 381.4826 3565.2215 2678.6090 9.0000 2617.8419 632.1550 1467.5302 790.1240 1458.5489 2555.6404 3704.6950 1110.9028 646.0255 2781.2754 268.0019 1562.0499 1208.1378 1957.9849 2722.5461 3336.1620 1989.6555 2002.7221 3517.7280 1165.5951 2650.4122 1587.5220 2940.0605 3332.5537 2403.2988 1321.8718 2254.5503 2195.0847 2300.0217 2594.9206 1537.0966 968.2995 1975.2716 1256.6340 1714.6895 882.1933 2205.7627 3294.5570 3228.2999 1462.8004 453.4865 886.7700 3117.9764 1377.6422 1662.0481 3379.1918 3569.1514 2311.8592 111.8302
783.1711 2273.8395 1203.2477 1990.5087 985.6429 2195.8873 914.0689 1354.5376 595.6148 669.4811 1311.8605 883.5299 2446.4166 2070.0348 2429.3878 2064.2987 2504.2781 2111.8471 2466.2565 0.0000 557.6092 1353.7714 1347.9651 1964.8089 567.6090 576.3402 882.0255 1532.4859 1272.0947 204.6289 2801.3004 1216.8915 2319.2706 754.8152 1215.3028 2430.7057 494.6524 85.0941 1043.9866 917.7086 2636.2210 2246.4710 1379.0957 2807.9523 2383.9148 535.9897 711.8040 2714.4799 287.9201 1602.4884 3014.5792 1062.2434 1096.0082 979.0163 1521.9231 625.4798 995.3542 902.1231 1371.7496 1339.4002 1123.0107 732.0724 2658.3621 2159.7801 454.3710 1652.0463 1157.8877 577.0416 487.7551 1151.0039 890.0247 473.2410 1184.1191 1346.5827 245.9350 1457.0220 1905.0262 2406.9958 533.8249 42.0119 696.3232 2382.8067 1960.4515 919.9391 1173.2540 293.8197 1570.5139 1244.3512 1513.9396 635.3031 1526.8468 2493.6650 1333.2704 1074.0372 866.9729 2363.1049 1508.8502 985.0508 1393.7737 598.8998 472.6489 2639.7434 1826.4197 1483.0354 2020.1547 1817.9384 1089.3117 311.8926 2286.0429 2414.5430 653.5786 2574.7367 585.2470 1563.4795 734.0007 1100.7270 833.1248 1764.6147 2460.8862 2106.4420 2584.6597 1232.9530 638.1826 401.6615 2078.4850 2587.1753 364.2444 2711.7614 1527.1261 2621.1925 1363.4680 931.7022 1610.2512 204.7071 2351.4710 1335.6770 2379.8036 272.9047 1001.9232 1799.9136 548.0557 844.1830 1277.0983 1627.7911 1576.4026 410.5569 2482.7163 2773.9394 1144.5440 449.5298 2464.4293 246.2214 1878.9329 1035.0043 2416.8626 2811.6650 1409.9975 1364.4750 1644.9802 1820.3571 817.6662 2203.7899 989.1840 1417.5190 1358.9621 283.3020 1290.8641 1569.3215 648.9291 1067.0019 1305.3279 1319.9735 893.0605 854.2113 1318.3554 979.8745 1197.0505 1296.6148 614.7162 1056.4511 156.2626 1924.8161 1820.8309 497.6676 1586.9449 1254.2747 2591.6890 493.4471 841.0095 818.2695 1035.1396 2562.1274 1593.5627 805.0093 2847.1187 1248.2888 1106.3029 1169.0684 1410.6374 2578.0669
