0.0000 2793.1720 2096.9626 1655.2755 2250.9180 2118.3402 1514.5273 685.1233 2586.1263 2735.5813 589.8966 2971.0772 365.2629 2002.7643 1022.7825 1432.6441 635.6493 2103.7158 2630.0696 2439.5518 2938.5005 1326.7019 854.2798 406.9754 2415.1226 2869.2405 350.4069 3096.3852 1783.0550 2740.5009 1831.6075 560.5087 2057.0877 360.0056 2459.6392 1681.0497 2535.0018 521.0701 1182.6889 2093.7717 659.7575 1005.3378 1499.8817 1796.0805 2035.2661 874.9823 2858.4473 2949.6618 979.6816 93.3488 2608.8099 662.7005 2078.8458 1301.3935 2691.0020 3156.4127 1882.6391 1578.6466 1948.0454 1979.2031 1258.3422 2361.1906 1298.2588 1708.9263 1797.8112 607.6455 1661.3768 2010.5355 1059.7453 974.4835 1456.7828 1791.1005 1040.5354 1260.0571 1695.9912 1452.1491 1459.5359 1761.2135 438.0011 1525.0154 371.5172 2311.2287 2109.9024 709.9310 1917.9773 1655.4504 2872.2160 403.3175 779.6371 653.6941 1296.8566 2777.7779 1723.0940 509.3457 3179.2430 1638.8411 778.8074 970.7863 1877.1641 2718.8030
2793.1720 0.0000 992.5049 1157.3077 725.4033 1114.0346 3132.0219 2870.7240 955.5904 1100.6385 3275.0139 1787.5016 2456.2453 2058.9660 1921.1314 1673.6681 3405.5073 1322.8825 195.2742 1196.7360 1395.1864 3844.0749 3234.6184 2397.8075 1224.2242 836.9092 2459.2814 1721.7389 3936.8385 206.5260 2444.4026 3337.7477 2143.4066 2818.2551 402.8511 3583.4065 260.2307 2910.0632 1641.2206 1096.4497 2150.5929 3446.9595 1371.8721 1012.4747 2301.6920 2682.3251 1560.4515 202.2993 3745.6025 2861.6107 188.0984 2785.0619 780.5652 1629.9623 773.0524 1397.0057 2662.6453 3860.3892 1223.2028 821.1121 2926.3057 436.2855 1718.2113 1345.4951 2064.3113 2892.2457 3475.2043 2078.9375 2158.1219 3695.2472 1344.4560 2764.9783 1766.9001 3087.8319 3469.7648 2534.1549 1479.6395 2365.0127 2381.6349 2425.9815 2770.8780 1593.1051 1065.2258 2151.6329 1364.6586 1834.8651 826.6589 2390.0471 3471.4199 3408.6024 1626.0753 387.8660 1070.0790 3301.7003 1305.7121 1784.8389 3564.8755 3750.8148 2415.0414 101.9804
2096.9626 992.5049 0.0000 571.6861 267.7387 155.5410 2156.3759 2003.5474 505.9694 688.0443 2479.9923 1205.8424 1823.1909 1085.2599 1096.8646 748.1825 2647.7315 370.7937 798.3145 479.1294 971.5189 2960.0895 2359.5767 1691.2886 478.2353 772.2959 1746.5603 1243.2960 2982.6533 1083.2511 1453.6114 2657.2501 1175.2387 2024.4308 930.4219 2613.9204 780.3858 2080.0793 933.3129 120.8139 1441.3730 2567.6082 609.5843 513.4715 1326.8579 1777.1016 1000.2505 1052.4167 2970.0135 2144.7429 879.7937 1921.3495 339.6999 800.3505 594.8311 1141.1332 1671.8044 2927.3567 232.0453 516.2567 1968.3762 653.7010 838.6895 412.1468 1073.4379 2042.1295 2501.7300 1105.9100 1250.0912 2890.9462 746.7503 1772.4743 1083.0706 2135.8024 2493.2970 1552.1034 638.9781 1372.8631 1757.4211 1438.9232 1974.8481 720.1180 95.3520 1391.4863 372.3614 845.2455 775.2658 1719.1047 2665.1683 2639.2196 803.1967 775.5785 668.6442 2580.6381 1131.8242 797.8195 2870.1674 2990.4090 1426.2486 980.1520
1655.2755 1157.3077 571.6861 0.0000 622.7913 682.0689 2091.3445 1723.1300 1064.9178 1255.8503 2118.4138 1754.4518 1339.5895 1343.8579 775.6526 642.6523 2254.5769 822.8688 982.4261 1042.3531 1543.0049 2696.2316 2086.8821 1252.3905 1035.8542 1287.6125 1312.8778 1807.0971 2840.3725 1144.1626 1589.4153 2210.1930 1440.5836 1661.1035 886.0530 2518.0876 897.1494 1754.1166 484.3841 642.2935 1001.1998 2299.4210 251.8293 144.8378 1557.7282 1556.7546 1560.3544 1299.7792 2592.3628 1717.8175 981.5101 1637.1222 427.8329 507.0069 1104.6307 1709.8684 1793.0937 2741.0221 585.3290 337.4404 1852.8249 721.0687 623.3498 453.4424 1243.7781 1739.7408 2421.0758 1364.3137 1052.5460 2538.5045 202.3388 1848.2641 616.2929 2001.0940 2423.6842 1538.0832 394.1675 1492.8858 1267.9093 1461.0014 1613.6233 1182.8377 637.9318 994.6703 686.9119 953.7321 1287.6809 1256.2309 2314.3675 2255.4922 499.2995 1125.9472 178.1011 2159.6523 1693.6295 893.5664 2433.2932 2600.5001 1582.7318 1095.2959
2250.9180 725.4033 267.7387 622.7913 0.0000 401.9266 2414.6977 2218.6126 504.4571 707.0453 2671.2038 1328.7001 1951.7656 1348.2481 1286.2239 978.3583 2826.8856 619.8871 530.8352 612.0074 1025.1541 3184.3332 2579.0002 1844.1521 625.7196 671.4172 1902.4271 1331.4823 3232.7835 818.0740 1721.3164 2810.3512 1436.6050 2212.4782 686.1348 2869.8934 515.2184 2281.7016 1068.6463 377.9735 1591.1882 2789.2436 753.2762 509.2239 1590.5534 2005.8519 1106.3295 795.6161 3156.6780 2306.3482 614.0660 2134.6897 217.8623 985.2457 490.4080 1148.5230 1939.5200 3169.4127 497.8002 411.4183 2218.9576 403.7140 1047.9408 640.5193 1341.1312 2250.9920 2759.3088 1368.7166 1477.0796 3087.1181 823.0772 2039.7855 1213.9695 2384.1963 2752.1530 1813.0165 823.7870 1640.5380 1881.8610 1702.3701 2163.3338 940.4690 347.3327 1559.9417 640.0695 1110.0000 670.4006 1859.5174 2861.1470 2822.3147 985.0325 543.3986 648.7349 2746.8973 1111.8318 1060.8676 3029.2707 3172.0255 1693.6626 712.7650
2118.3402 1114.0346 155.5410 682.0689 401.9266 0.0000 2069.0336 1973.6851 469.5913 622.5962 2469.9686 1074.3393 1864.0649 947.7763 1101.6410 719.8139 2647.0824 219.1461 922.8721 363.7609 875.4165 2917.0082 2323.4959 1716.6386 354.4573 771.0045 1769.2038 1125.8215 2907.4129 1219.1185 1332.6309 2676.4187 1035.1932 2019.5012 1079.8241 2529.8808 916.6008 2062.7654 983.7611 40.8044 1471.7381 2528.4377 668.4310 645.8266 1190.4138 1733.8861 878.4190 1154.3344 2962.0933 2160.1836 1014.9325 1893.7331 495.1818 817.6368 608.3626 1064.8868 1550.6776 2863.4839 172.9855 668.0479 1895.1902 800.2962 831.3056 409.4142 953.4202 2018.1913 2414.9836 968.0961 1214.0498 2875.1169 837.6354 1659.0582 1132.5869 2065.3167 2404.0917 1461.4712 664.1160 1256.4179 1801.5504 1342.3386 1969.8695 564.7380 60.2080 1408.5840 270.0852 749.6326 776.1701 1752.9683 2650.2628 2635.3878 823.0298 858.6530 799.4961 2590.3737 1070.5443 708.7969 2884.1737 2986.5922 1301.7012 1110.5210
1514.5273 3132.0219 2156.3759 2091.3445 2414.6977 2069.0336 0.0000 829.8247 2461.0404 2508.3847 1255.0797 2364.9019 1671.1200 1305.1176 1382.9277 1472.1766 1479.8828 1908.5819 2937.1015 2205.2723 2546.0954 1138.2798 833.0720 1465.6343 2170.2028 2777.7437 1442.3072 2538.4992 863.1952 3181.6112 878.7861 1761.3702 1281.6244 1154.8874 2955.3179 463.1857 2892.4365 1004.8408 1718.3835 2072.9354 1505.2312 901.0488 1839.7880 2215.8159 1146.8326 701.3879 2372.1214 3208.3946 1595.6920 1454.2795 2990.2649 857.3943 2363.0999 1589.0708 2648.7516 2781.9396 740.5194 892.1031 1925.7123 2394.4177 280.8452 2730.7761 1468.0031 1787.7024 1175.9600 911.0719 345.9509 1295.4729 1055.9285 1432.4388 1986.4352 577.6660 1690.4937 265.3469 337.7469 608.0477 1702.1663 899.9344 1691.7600 733.5101 1145.1262 1857.6009 2102.8849 1387.1427 1799.3160 1319.5730 2786.1062 1565.2687 1293.5645 1430.6478 1598.6626 2925.9072 2254.5478 1584.4090 2857.4368 1361.2571 1827.0331 1665.9787 936.0096 3100.9265
685.1233 2870.7240 2003.5474 1723.1300 2218.6126 1973.6851 829.8247 0.0000 2433.0871 2542.6233 564.1312 2622.9773 883.3555 1563.9556 949.8684 1257.1925 788.6850 1889.2162 2686.1787 2229.0144 2680.3181 973.6118 364.0055 712.8990 2198.3987 2743.6255 672.2328 2772.6826 1216.5463 2867.2448 1284.5544 994.0382 1593.2106 325.1861 2604.4195 1030.0922 2612.5865 185.2242 1254.8964 1961.0431 847.3169 576.5223 1498.8772 1866.2628 1528.4744 285.7761 2556.7059 2992.9285 1037.0583 625.1400 2701.2081 86.0349 2097.0384 1242.8616 2581.1862 2913.4668 1283.2022 1061.2394 1803.1109 2059.2914 582.1280 2437.6483 1170.8091 1591.5467 1367.2736 88.1192 993.2799 1565.6784 760.1066 921.1406 1559.0080 1166.0570 1163.6151 575.5432 1024.0410 880.3619 1399.2616 1236.7235 919.9918 987.3004 319.2695 1996.1323 1985.0123 775.4869 1723.7764 1328.5759 2749.2015 802.1851 705.7620 754.9265 1245.8319 2761.7864 1848.8670 831.4716 2960.1790 1336.6174 1116.5487 1081.3861 1338.4891 2815.3636
2586.1263 955.5904 505.9694 1064.9178 504.4571 469.5913 2461.0404 2433.0871 0.0000 202.5883 2937.1525 861.1487 2323.8438 1225.9804 1571.1375 1185.9747 3116.1305 559.0537 804.5154 275.0455 523.0545 3364.3699 2777.9332 2183.0593 309.5351 318.2766 2236.4548 838.6000 3314.8819 1123.3459 1655.8892 3144.8855 1294.1008 2488.1425 1096.0292 2924.2238 859.2677 2527.9686 1436.2291 492.3789 1936.1180 2980.0136 1113.6768 980.6121 1458.6929 2185.0915 632.0000 912.4845 3429.5715 2629.1278 937.1809 2354.5949 715.7213 1284.7420 208.7989 650.3076 1866.8200 3287.9331 642.2461 913.4484 2312.2980 830.7647 1300.7479 878.0023 1296.2322 2480.6298 2805.0800 1243.2096 1673.1363 3340.0217 1249.1937 1996.5195 1586.0243 2484.8970 2789.4804 1855.6427 1128.1073 1596.2312 2259.3530 1727.5431 2438.5328 686.5340 476.8700 1876.8178 709.6774 1157.0069 325.9509 2216.1900 3115.7107 3103.9306 1289.4844 592.6458 1131.2444 3059.9190 628.7837 1128.0838 3353.4475 3455.0145 1614.0266 995.3216
2735.5813 1100.6385 688.0443 1255.8503 707.0453 622.5962 2508.3847 2542.6233 202.5883 0.0000 3061.1058 688.3669 2486.5920 1233.0945 1714.4308 1315.5782 3247.3289 653.6520 967.9737 314.6363 323.5429 3455.0457 2879.1375 2336.2145 347.0706 322.5182 2387.6767 645.8049 3368.8698 1281.7004 1672.5301 3291.6265 1289.3211 2618.3057 1279.6945 2970.2325 1035.0077 2647.7645 1605.0583 652.5711 2093.1042 3076.8720 1286.1050 1177.7139 1452.6971 2284.8582 460.0891 1027.4288 3553.6580 2774.2266 1105.6844 2466.7576 917.7086 1437.8122 328.1052 454.0418 1875.6665 3356.0051 788.7420 1115.6926 2379.2856 1022.2348 1440.1976 1029.2181 1332.8886 2595.0418 2848.7668 1248.1282 1786.4560 3457.3459 1434.7937 2015.0097 1754.3013 2552.6717 2830.0150 1910.6072 1286.3965 1623.0995 2424.1390 1778.5458 2568.9103 670.0784 643.1866 2025.7692 827.6134 1235.0259 333.9012 2374.7210 3234.7014 3232.5174 1443.8075 718.7941 1329.6616 3199.6128 448.1261 1214.6872 3495.8701 3582.5931 1625.8536 1152.1133
589.8966 3275.0139 2479.9923 2118.4138 2671.2038 2469.9686 1255.0797 564.1312 2937.1525 3061.1058 0.0000 3179.4946 944.8264 2127.1194 1386.1724 1751.1793 231.4908 2408.7611 3100.3548 2750.6910 3218.5085 744.0134 429.1200 902.2023 2721.7357 3239.9298 840.9310 3325.5996 1269.7169 3244.1555 1842.8293 519.1724 2157.3215 459.1841 2968.7656 1267.4644 3014.7909 417.6123 1634.0554 2452.6284 1132.7074 482.1971 1923.8152 2263.0742 2091.0404 849.8470 3104.5233 3416.0066 492.6439 496.9547 3096.1378 619.4272 2524.0971 1686.8969 3070.2199 3448.7495 1824.3476 1043.5195 2297.1184 2453.9032 1071.2371 2838.7978 1642.5645 2070.9334 1929.0767 488.6686 1285.2926 2129.1841 1278.6907 420.3047 1931.8411 1694.2057 1510.4979 992.3679 1328.4156 1438.0462 1849.2877 1798.7710 1012.3720 1549.4651 508.0246 2543.7523 2473.8735 1123.7971 2234.4022 1872.0732 3244.5605 943.8861 199.8600 191.6716 1686.4984 3212.0504 2214.7869 339.8485 3489.0113 1873.9867 576.0946 525.0905 1897.8907 3208.9032
2971.0772 1787.5016 1205.8424 1754.4518 1328.7001 1074.3393 2364.9019 2622.9773 861.1487 688.3669 3179.4946 0.0000 2790.0790 1083.4136 1974.0719 1563.5668 3390.3348 952.4915 1655.7397 729.9651 410.0988 3433.3124 2914.3799 2602.1847 727.7149 970.8084 2643.1899 181.0331 3217.2387 1970.0673 1486.4865 3500.2197 1087.5891 2776.7333 1957.1472 2803.1418 1718.5884 2763.6067 1977.0496 1114.8543 2386.4224 3089.0445 1697.2227 1717.5078 1218.6287 2341.0942 229.5583 1701.6865 3660.0355 2989.5635 1792.4690 2560.6140 1513.4398 1758.4439 1016.3188 550.1754 1643.0076 3254.3087 1181.4538 1708.2497 2311.2916 1689.1752 1709.3063 1391.6943 1263.3388 2691.9556 2678.0786 1087.8056 1926.9582 3538.5638 1895.0683 1803.4004 2114.8357 2478.6811 2649.2584 1832.3812 1641.7262 1477.6214 2739.2373 1698.7395 2730.1335 662.0891 1123.8665 2288.4165 1129.5632 1321.2600 982.2551 2662.9302 3328.2323 3365.0866 1768.7399 1402.6154 1872.1904 3379.7019 665.3435 1332.9561 3680.9794 3702.7225 1428.9258 1840.4722
365.2629 2456.2453 1823.1909 1339.5895 1951.7656 1864.0649 1671.1200 883.3555 2323.8438 2486.5920 944.8264 2790.0790 0.0000 1900.2931 816.8702 1226.8504 1000.3484 1879.8492 2299.7002 2204.2232 2714.2299 1666.9028 1142.4609 228.7400 2183.0973 2591.8538 232.0086 2900.7758 2069.6995 2393.7686 1809.4919 882.0051 1967.9484 599.6541 2111.5137 1913.4171 2200.3947 767.8704 890.5998 1835.4239 403.8329 1319.4306 1214.6349 1475.5535 1975.4081 976.6192 2656.0922 2619.5622 1343.7206 453.0309 2270.1106 829.0290 1767.2241 1053.6584 2410.5869 2921.9942 1901.0957 1882.3608 1699.6500 1651.7706 1395.3996 2028.8026 1082.2038 1459.2909 1700.3070 828.6966 1873.9658 1911.4319 964.6414 1338.9193 1137.6735 1837.7649 741.4560 1439.4502 1902.5207 1470.9181 1200.3283 1726.2816 75.3260 1513.8444 580.4826 2128.6064 1847.9386 509.6165 1692.0721 1508.4446 2593.8392 136.0000 1139.4020 1018.9431 1046.2313 2465.3878 1389.0212 864.4871 2934.2462 1480.0476 1110.3045 1331.7886 1846.7322 2378.2878
2002.7643 2058.9660 1085.2599 1343.8579 1348.2481 947.7763 1305.1176 1563.9556 1225.9804 1233.0945 2127.1194 1083.4136 1900.2931 0.0000 1120.7038 802.5086 2346.5347 736.1556 1869.6270 953.1558 1241.6191 2350.1194 1837.1056 1684.2066 917.8932 1528.9343 1711.4304 1248.7121 2167.4616 2166.2987 440.9410 2494.1590 96.7729 1756.3317 2010.2189 1759.1308 1863.4659 1718.2354 1283.4773 970.3221 1518.6840 2007.2531 1145.8621 1402.3708 242.7694 1278.5042 1068.4213 2081.6762 2597.0816 2003.4862 1962.2110 1509.3353 1394.7706 1040.8698 1430.1514 1476.9942 643.2705 2184.4771 875.0154 1516.3562 1229.2445 1737.8613 929.8909 894.0895 205.0610 1638.8728 1635.2718 21.0238 947.2534 2468.3397 1371.4536 782.8423 1376.4000 1398.2335 1612.3564 749.2089 1017.1775 405.2086 1866.5926 615.3284 1713.2781 564.7345 1000.9181 1394.8193 727.7156 435.6799 1538.6488 1764.8190 2263.8324 2316.5183 1054.7388 1769.6059 1518.1337 2357.2195 1554.6540 487.9969 2655.9763 2644.6219 392.7875 2058.2490
1022.7825 1921.1314 1096.8646 775.6526 1286.2239 1101.6410 1382.9277 949.8684 1571.1375 1714.4308 1386.1724 1974.0719 816.8702 1120.7038 0.0000 413.8273 1550.9075 1081.5581 1737.6496 1416.7798 1917.2493 1923.4682 1313.8683 632.3962 1392.3854 1864.1086 678.8498 2088.4035 2078.2649 1919.3158 1139.1269 1577.2134 1199.3206 928.6420 1660.7110 1779.0166 1662.7622 996.8039 337.2907 1079.7870 414.7722 1526.3512 549.7390 917.5930 1240.0258 786.4973 1845.9754 2046.9394 1874.3372 1059.8349 1751.4066 864.0787 1150.4869 301.0066 1690.3704 2133.7640 1291.3938 1968.8243 929.6069 1110.3247 1121.3443 1487.7799 275.5068 693.9027 933.1972 972.2474 1692.2485 1134.6934 334.5923 1801.0025 626.3194 1287.1476 322.5678 1253.9936 1701.2966 920.5417 463.1555 1042.7296 769.7565 897.3138 879.1888 1312.2172 1098.3642 317.0647 895.3351 703.8636 1868.0067 688.8694 1575.0079 1542.5382 301.4249 1828.5388 912.5399 1488.8066 2156.8704 669.3549 1782.7510 1893.6383 1160.2987 1865.5728
1432.6441 1673.6681 748.1825 642.6523 978.3583 719.8139 1472.1766 1257.1925 1185.9747 1315.5782 1751.1793 1563.5668 1226.8504 802.5086 413.8273 0.0000 1932.5240 672.1733 1480.7515 1011.3526 1505.8692 2212.0915 1611.6243 1046.1682 985.3020 1490.7783 1091.7774 1675.0672 2263.1717 1711.2574 962.5284 1982.4664 893.4993 1303.6997 1483.6738 1914.8183 1426.8234 1342.9598 482.1307 704.8695 823.0462 1819.4299 397.6581 752.4945 976.9693 1029.8063 1432.1927 1770.2486 2243.6285 1464.6409 1523.2295 1176.0208 895.9135 238.5498 1325.0604 1725.2768 1158.2836 2192.0912 547.6130 924.1753 1253.8365 1261.3366 146.9864 338.8923 652.4186 1299.2075 1810.5165 820.2890 501.9691 2155.3072 601.8181 1206.4369 587.8886 1414.1899 1808.6871 899.4676 251.9563 863.8808 1175.7432 818.4235 1254.1874 902.9978 728.1545 730.8194 488.9683 367.9198 1495.8356 1101.2402 1930.5111 1918.9698 252.3529 1516.6044 817.9059 1884.9828 1753.0719 314.6824 2182.4779 2269.7720 963.3203 1635.3755
635.6493 3405.5073 2647.7315 2254.5769 2826.8856 2647.0824 1479.8828 788.6850 3116.1305 3247.3289 231.4908 3390.3348 1000.3484 2346.5347 1550.9075 1932.5240 0.0000 2597.7394 3236.2256 2939.5600 3415.9106 822.0024 648.0154 1009.0139 2911.6004 3413.9392 947.1879 3533.2225 1415.2756 3362.7110 2071.3223 339.7058 2379.5546 629.0262 3083.6934 1460.7457 3145.8646 628.7162 1772.0025 2627.5940 1255.0100 656.2271 2074.5903 2398.1420 2317.1573 1073.2027 3308.5436 3554.2967 344.6534 553.4835 3223.5026 837.3303 2669.5262 1848.7415 3241.1483 3643.9403 2055.5583 1177.9750 2474.1344 2586.0713 1302.1386 2970.5860 1816.0358 2242.9554 2146.7149 708.9944 1489.1988 2349.2793 1475.8354 358.4243 2061.6755 1925.6949 1639.4950 1218.9643 1533.8175 1666.5584 2011.2248 2025.3180 1073.5944 1775.8947 678.4283 2748.5865 2647.4323 1267.6167 2419.7225 2076.3010 3418.0733 1029.8471 243.6473 55.0091 1847.0292 3363.8074 2337.7239 185.3996 3680.2005 2074.7940 347.2478 346.0000 2125.9551 3334.9843
2103.7158 1322.8825 370.7937 822.8688 619.8871 219.1461 1908.5819 1889.2162 559.0537 653.6520 2408.7611 952.4915 1879.8492 736.1556 1081.5581 672.1733 2597.7394 0.0000 1134.2390 341.9898 836.1393 2809.0785 2227.8550 1712.1779 314.0143 877.2417 1760.1980 1034.7604 2758.6020 1435.1394 1136.3318 2654.6341 820.9811 1968.9185 1298.8784 2371.5252 1133.2440 1994.6493 1031.7757 250.0000 1478.3464 2427.4538 744.7315 816.4294 978.8360 1633.7644 785.5985 1349.7159 2901.1398 2136.7962 1230.9724 1813.1299 706.7814 828.0489 740.2162 1053.1329 1353.1393 2728.9824 237.5479 867.8900 1753.7049 1019.4258 806.2407 440.7097 761.7119 1941.3967 2253.7571 756.0721 1132.8866 2803.7621 946.3551 1469.6016 1174.2478 1926.1329 2239.9379 1301.3043 696.5092 1065.9085 1822.7477 1175.7840 1919.7190 365.9973 277.5968 1397.6960 187.7791 598.0836 884.6723 1760.1116 2581.2977 2581.7095 836.6439 1043.1155 963.8823 2555.8288 1082.7788 569.5507 2854.0170 2931.1667 1101.6174 1324.2062
2630.0696 195.2742 798.3145 982.4261 530.8352 922.8721 2937.1015 2686.1787 804.5154 967.9737 3100.3548 1655.7397 2299.7002 1869.6270 1737.6496 1480.7515 3236.2256 1134.2390 0.0000 1029.0739 1277.1566 3658.9053 3049.7961 2231.0224 1054.4956 740.6247 2292.0962 1605.2442 3743.7854 319.7077 2251.1979 3179.2106 1955.2197 2642.4144 362.4321 3388.9553 118.4061 2730.0183 1466.6741 903.9657 1981.6059 3261.9151 1187.9112 838.2631 2112.3944 2493.2950 1426.5753 319.9015 3574.6555 2696.0185 141.5662 2600.7280 590.8925 1443.8175 641.9548 1308.1242 2469.4429 3669.4851 1028.5276 651.0276 2732.5726 271.7517 1528.6707 1151.1425 1871.0224 2709.7367 3280.4593 1889.7526 1967.8033 3520.2511 1175.0957 2570.6204 1596.7830 2894.6685 3274.8362 2338.9188 1291.2525 2171.1409 2225.7019 2230.7277 2594.5969 1416.3121 872.7944 1976.5829 1170.6430 1639.7908 731.8203 2227.8593 3295.7209 3237.7328 1440.4586 307.0440 910.7607 3137.2301 1227.7752 1589.6295 3405.0294 3582.0106 2222.5105 194.9872
2439.5518 1196.7360 479.1294 1042.3531 612.0074 363.7609 2205.2723 2229.0144 275.0455 314.6363 2750.6910 729.9651 2204.2232 953.1558 1416.7798 1011.3526 2939.5600 341.9898 1029.0739 0.0000 514.9951 3140.6727 2564.6062 2044.3214 35.4683 577.7006 2093.9159 765.3104 3063.4073 1347.8546 1386.2125 2992.6993 1019.6318 2310.6685 1278.0493 2668.0377 1063.6489 2336.3486 1335.9551 401.8072 1805.8231 2762.2362 1027.3276 992.5895 1184.2639 1970.3312 521.1238 1174.2751 3243.0253 2474.8465 1151.4209 2153.6418 785.0535 1150.7580 483.0455 718.3662 1595.3435 3045.7016 508.6944 978.6327 2068.8248 998.4388 1141.3610 746.4275 1033.3034 2282.3115 2547.6020 970.0082 1474.2079 3144.8887 1201.3963 1727.8484 1483.0054 2242.0983 2530.4017 1603.7082 1007.0015 1329.8932 2144.4650 1473.0462 2261.4279 412.6221 404.4268 1731.2472 522.5514 921.0782 587.0077 2088.0019 2922.7359 2923.6732 1157.9983 853.8226 1147.7508 2896.2020 741.7580 900.0761 3193.8265 3273.1564 1342.9654 1223.8010
2938.5005 1395.1864 971.5189 1543.0049 1025.1541 875.4165 2546.0954 2680.3181 523.0545 323.5429 3218.5085 410.0988 2714.2299 1241.6191 1917.2493 1505.8692 3415.9106 836.1393 1277.1566 514.9951 0.0000 3554.4655 3000.0675 2548.2955 532.6030 565.8922 2596.0586 328.0975 3408.8878 1584.7031 1678.0897 3486.8589 1275.9314 2789.3571 1599.1254 3000.6608 1351.0281 2801.3391 1850.6658 911.5597 2313.7642 3189.0778 1541.9708 1477.4471 1429.8941 2409.6765 217.5546 1298.0485 3708.5276 2969.4015 1417.0004 2609.5289 1231.1949 1660.7757 636.1769 237.3563 1863.3049 3419.0013 1023.4540 1429.7727 2450.2082 1345.0606 1642.1611 1259.8008 1382.5223 2740.2179 2876.6550 1252.3546 1940.7331 3601.2338 1710.7510 2014.8767 1997.3245 2622.6142 2853.0329 1970.5847 1520.4026 1646.3791 2655.7579 1835.3934 2740.7335 698.1698 909.7236 2233.6860 1023.5038 1351.9072 577.1048 2595.7388 3382.6654 3396.7298 1668.6054 1007.6334 1631.5318 3383.0333 317.0568 1345.2007 3682.6409 3743.2939 1625.2261 1455.0137
1326.7019 3844.0749 2960.0895 2696.2316 3184.3332 2917.0082 1138.2798 973.6118 3364.3699 3455.0457 744.0134 3433.3124 1666.9028 2350.1194 1923.4682 2212.0915 822.0024 2809.0785 3658.9053 3140.6727 3554.4655 0.0000 609.6064 1580.6533 3107.9789 3679.9773 1523.8271 3598.2086 658.3684 3840.1142 1966.9469 1156.2284 2349.8902 1098.7602 3575.5426 875.3571 3586.1210 962.4240 2224.2349 2908.2012 1776.3113 397.1322 2472.2089 2839.6213 2238.3892 1183.6976 3405.4464 3964.0834 677.2134 1233.4018 3674.8177 1059.4801 3069.0705 2215.1138 3524.9763 3791.4516 1865.8017 417.5799 2750.2045 3032.6980 1123.4238 3411.2439 2137.3371 2550.2527 2180.0966 959.5525 961.0520 2345.5108 1710.1327 522.3983 2528.8136 1706.5946 2124.0339 961.3376 1008.5574 1600.9513 2369.7504 1959.9645 1728.8103 1734.9726 1136.1782 2856.7870 2933.9165 1729.3617 2657.0369 2220.3356 3686.3875 1642.3267 586.9412 771.9909 2218.4736 3726.2968 2818.5381 1005.6247 3850.9869 2241.0984 1073.8124 758.5170 2026.0802 3788.9714
854.2798 3234.6184 2359.5767 2086.8821 2579.0002 2323.4959 833.0720 364.0055 2777.9332 2879.1375 429.1200 2914.3799 1142.4609 1837.1056 1313.8683 1611.6243 648.0154 2227.8550 3049.7961 2564.6062 3000.0675 609.6064 0.0000 1015.0000 2532.9739 3091.0647 963.8449 3071.2976 931.1740 3230.9121 1502.7242 946.6847 1852.6791 543.6414 2967.2885 853.9848 2976.5598 381.8481 1616.6833 2312.6370 1186.2318 212.5512 1862.7488 2230.1428 1764.8326 594.2794 2864.8464 3355.8637 789.1071 768.9603 3065.2121 449.8911 2460.3191 1606.1771 2931.8121 3235.4117 1452.9652 740.6949 2154.4858 2423.1964 679.9801 2801.6476 1531.1414 1948.2867 1651.0412 356.6020 861.1068 1835.8238 1110.5683 641.2488 1921.1210 1311.0259 1520.6906 575.5432 902.9729 1105.4126 1761.7131 1473.9013 1193.8111 1230.5129 569.5902 2307.5190 2337.4503 1128.1312 2068.4064 1651.2765 3097.0161 1090.5049 467.5468 597.9247 1609.3468 3121.7566 2210.9747 767.2972 3287.8199 1665.7569 994.6763 851.5257 1560.4656 3179.3666
406.9754 2397.8075 1691.2886 1252.3905 1844.1521 1716.6386 1465.6343 712.8990 2183.0593 2336.2145 902.2023 2602.1847 228.7400 1684.2066 632.3962 1046.1682 1009.0139 1712.1779 2231.0224 2044.3214 2548.2955 1580.6533 1015.0000 0.0000 2021.0670 2463.5616 61.9839 2719.7857 1924.2895 2353.9027 1581.6020 967.2936 1749.1212 482.1214 2075.4460 1736.0832 2138.5727 633.2401 776.4084 1691.0189 253.0237 1209.1373 1092.9080 1394.4648 1751.5447 765.4757 2478.1001 2550.0384 1351.5639 465.4299 2215.0846 646.8825 1673.9549 899.0050 2284.8582 2762.4453 1672.4452 1752.7590 1547.6188 1580.0810 1186.9027 1963.7704 906.3713 1307.5611 1482.4581 673.7655 1687.6167 1694.6014 742.1300 1317.7803 1056.0118 1610.5136 636.2586 1244.4778 1713.2849 1242.5949 1055.2241 1499.1764 228.5607 1285.2303 447.7700 1940.1466 1706.3555 315.3490 1525.1131 1303.6215 2466.4030 101.1237 1102.0549 1015.4945 893.7572 2372.4142 1328.9974 907.2706 2781.5724 1279.3440 1185.1523 1353.4774 1619.4499 2326.2882
2415.1226 1224.2242 478.2353 1035.8542 625.7196 354.4573 2170.2028 2198.3987 309.5351 347.0706 2721.7357 727.7149 2183.0973 917.8932 1392.3854 985.3020 2911.6004 314.0143 1054.4956 35.4683 532.6030 3107.9789 2532.9739 2021.0670 0.0000 613.1688 2070.1773 771.4208 3028.5498 1372.6944 1350.7646 2967.3943 984.7380 2282.8414 1297.1492 2632.9248 1086.2711 2306.9887 1318.4119 393.6864 1783.8007 2730.1401 1012.5809 990.8400 1149.3585 1938.7308 524.6904 1205.1224 3213.9385 2449.5218 1175.1562 2123.3758 792.1420 1129.4397 517.0348 741.4850 1559.9785 3011.4800 491.6299 983.8089 2034.6051 1016.5284 1116.8818 727.2001 997.9669 2252.2700 2512.4271 934.7994 1444.5653 3114.9403 1190.9580 1692.3859 1464.7993 2207.9078 2495.1515 1568.9340 987.8107 1294.4381 2123.9529 1438.1200 2233.6647 379.7328 399.0050 1707.4873 497.2263 888.0006 622.4725 2065.9550 2893.0567 2895.3247 1136.9758 884.8825 1145.8281 2869.6515 768.7685 867.8738 3167.6341 3244.5525 1307.5695 1249.3955
2869.2405 836.9092 772.2959 1287.6125 671.4172 771.0045 2777.7437 2743.6255 318.2766 322.5182 3239.9298 970.8084 2591.8538 1528.9343 1864.1086 1490.7783 3413.9392 877.2417 740.6247 577.7006 565.8922 3679.9773 3091.0647 2463.5616 613.1688 0.0000 2518.8430 888.2759 3632.6126 1033.2560 1963.7151 3429.4817 1591.7063 2787.7462 1087.9210 3240.8815 831.3633 2833.6734 1701.2754 787.3049 2213.3678 3294.2806 1377.3482 1180.3813 1756.1335 2499.2049 752.6301 732.1694 3731.6855 2916.4432 882.1655 2664.1699 886.7632 1570.9087 183.0874 567.5068 2171.9100 3606.1886 943.3154 1069.5195 2630.5699 868.9499 1598.4708 1170.9842 1609.5993 2789.0371 3121.3167 1545.2540 1983.5738 3646.0270 1483.6526 2305.4965 1850.4705 2803.1734 3105.1275 2173.0683 1410.5098 1907.4218 2524.7384 2044.3779 2738.0975 974.3434 766.5931 2163.0453 1023.2155 1475.2590 11.6619 2490.2293 3421.0672 3403.5553 1574.3272 450.0011 1319.2005 3351.1890 491.1385 1445.9104 3641.8196 3754.8802 1919.9214 904.7569
350.4069 2459.2814 1746.5603 1312.8778 1902.4271 1769.2038 1442.3072 672.2328 2236.4548 2387.6767 840.9310 2643.1899 232.0086 1711.4304 678.8498 1091.7774 947.1879 1760.1980 2292.0962 2093.9159 2596.0586 1523.8271 963.8449 61.9839 2070.1773 2518.8430 0.0000 2763.1055 1878.4004 2415.8253 1593.5473 910.8375 1773.9766 426.5220 2137.4157 1699.7026 2199.9666 582.1039 835.5334 1744.1826 312.2579 1155.2632 1150.4269 1455.2148 1770.9898 745.5233 2522.5103 2611.0017 1289.6236 405.1876 2276.6998 610.4498 1733.6762 951.7815 2340.6087 2811.6618 1676.8497 1703.1412 1599.4755 1641.2221 1165.3669 2025.0758 953.9586 1359.8625 1508.5172 627.9697 1654.7556 1721.2205 765.5880 1256.0529 1117.0161 1609.2582 696.6039 1215.1942 1681.6864 1245.1779 1109.3385 1513.3658 251.0976 1294.0220 394.6898 1981.4583 1760.0128 362.6913 1573.5743 1338.6699 2521.8109 130.0000 1040.7579 953.5182 946.9889 2431.8316 1390.6804 847.0573 2832.3158 1316.5276 1126.9871 1291.7991 1633.0830 2387.9751
3096.3852 1721.7389 1243.2960 1807.0971 1331.4823 1125.8215 2538.4992 2772.6826 838.6000 645.8049 3325.5996 181.0331 2900.7758 1248.7121 2088.4035 1675.0672 3533.2225 1034.7604 1605.2442 765.3104 328.0975 3598.2086 3071.2976 2719.7857 771.4208 888.2759 2763.1055 0.0000 3392.9910 1912.4236 1659.7159 3632.2854 1258.4248 2914.9959 1925.0896 2979.2961 1678.2982 2908.6294 2066.5188 1165.0978 2497.0673 3249.3238 1773.6950 1756.4060 1393.6330 2492.8628 249.8039 1618.6321 3809.1859 3118.7255 1745.0140 2708.0667 1529.3767 1857.3874 964.0254 399.0614 1820.2992 3426.4480 1251.7388 1727.2666 2477.9475 1667.3632 1818.6602 1474.8647 1421.9114 2839.5369 2854.2530 1254.3716 2062.8517 3691.0276 1960.5379 1980.0000 2208.3136 2646.5391 2826.0002 1997.7037 1731.1106 1647.1855 2847.1561 1863.2995 2867.7245 787.4217 1169.4499 2404.7538 1219.1046 1457.9180 899.1696 2776.2601 3478.4377 3509.5477 1866.8530 1333.9194 1911.5669 3516.4371 517.2205 1464.4197 3817.6543 3849.9258 1602.6428 1782.7779
1783.0550 3936.8385 2982.6533 2840.3725 3232.7835 2907.4129 863.1952 1216.5463 3314.8819 3368.8698 1269.7169 3217.2387 2069.6995 2167.4616 2078.2649 2263.1717 1415.2756 2758.6020 3743.7854 3063.4073 3408.8878 658.3684 931.1740 1924.2895 3028.5498 3632.6126 1878.4004 3392.9910 0.0000 3967.2106 1736.2422 1754.6148 2140.4731 1470.2017 3723.6662 414.9325 3688.6720 1302.1663 2410.5186 2907.7870 2059.9507 790.8862 2595.1898 2975.4694 1999.4002 1293.5366 3232.8381 4028.2902 1330.3702 1695.3657 3784.0151 1292.5127 3158.0888 2334.3736 3498.0207 3644.4558 1576.2008 243.7417 2755.7028 3163.1001 1014.2998 3520.4727 2228.7649 2594.6981 2037.8862 1250.6998 539.7963 2157.3400 1789.7913 1167.8823 2704.4572 1414.3790 2344.5053 849.1672 572.0533 1459.9096 2469.3035 1762.5096 2117.3346 1590.5600 1490.5918 2720.7016 2936.8216 1975.1519 2637.5117 2162.9131 3640.6607 2007.6434 1171.8810 1360.9089 2341.4218 3757.5477 2988.5870 1586.4457 3720.5748 2199.3765 1708.1171 1412.0938 1792.0279 3896.9056
2740.5009 206.5260 1083.2511 1144.1626 818.0740 1219.1185 3181.6112 2867.2448 1123.3459 1281.7004 3244.1555 1970.0673 2393.7686 2166.2987 1919.3158 1711.2574 3362.7110 1435.1394 319.7077 1347.8546 1584.7031 3840.1142 3230.9121 2353.9027 1372.6944 1033.2560 2415.8253 1912.4236 3967.2106 0.0000 2533.5755 3275.2095 2254.3037 2791.6277 283.2137 3625.9946 302.9472 2893.5516 1619.4122 1196.0456 2112.5324 3443.4310 1377.4070 1001.7595 2408.6272 2695.3295 1741.4850 392.4513 3705.4361 2813.2993 204.2009 2781.2272 819.4297 1639.0058 953.8894 1597.1456 2751.3598 3878.7330 1306.7953 809.4554 2963.6930 451.0698 1738.7665 1397.1292 2154.0149 2882.5867 3521.5275 2186.7464 2178.9440 3664.1148 1315.9989 2844.7432 1734.3048 3120.6078 3518.8375 2592.9690 1498.1655 2449.8359 2318.5586 2491.5082 2745.4719 1730.5343 1165.3862 2126.5157 1452.8992 1908.3472 1023.4110 2337.6330 3442.4487 3369.0813 1633.4528 583.4938 1029.6427 3249.8225 1508.2656 1855.0938 3503.9874 3706.2182 2508.1380 129.7575
1831.6075 2444.4026 1453.6114 1589.4153 1721.3164 1332.6309 878.7861 1284.5544 1655.8892 1672.5301 1842.8293 1486.4865 1809.4919 440.9410 1139.1269 962.5284 2071.3223 1136.3318 2251.1979 1386.2125 1678.0897 1966.9469 1502.7242 1581.6020 1350.7646 1963.7151 1593.5473 1659.7159 1736.2422 2533.5755 0.0000 2265.2611 404.3167 1533.2743 2351.1429 1324.7981 2231.6935 1458.3566 1394.7806 1348.1402 1475.2064 1650.7774 1356.0771 1677.5318 271.9007 1005.9443 1497.1389 2484.5340 2285.8421 1812.7769 2331.4212 1248.1066 1731.2429 1175.8133 1856.5586 1911.9145 218.2476 1767.9992 1226.8403 1821.2877 847.1700 2091.3099 1044.8550 1174.8723 380.1960 1368.2737 1200.2221 427.7908 860.5684 2143.7397 1564.1362 342.4865 1446.6790 1005.6490 1175.3485 404.7975 1212.0417 99.4636 1792.4578 307.0277 1497.2097 1005.4889 1379.3803 1340.4313 1081.5937 643.2123 1973.1450 1675.1087 1954.5895 2034.4931 1189.4036 2179.4256 1767.4425 2111.4528 1992.7117 702.2492 2400.7701 2341.5149 59.1354 2433.5587
560.5087 3337.7477 2657.2501 2210.1930 2810.3512 2676.4187 1761.3702 994.0382 3144.8855 3291.6265 519.1724 3500.2197 882.0051 2494.1590 1577.2134 1982.4664 339.7058 2654.6341 3179.2106 2992.6993 3486.8589 1156.2284 946.6847 967.2936 2967.3943 3429.4817 910.8375 3632.2854 1754.6148 3275.2095 2265.2611 0.0000 2538.2135 738.9357 2992.6712 1784.6439 3081.2738 811.6773 1741.7408 2652.5192 1219.6926 987.0046 2060.1012 2349.4308 2494.7405 1260.7062 3398.3339 3499.1035 574.3118 517.8726 3151.8688 1018.7217 2635.5679 1860.5034 3251.4295 3707.7401 2276.5939 1517.6709 2505.4375 2529.5662 1555.4372 2908.9134 1851.9401 2267.1085 2290.0020 906.4993 1804.4559 2499.5050 1573.9917 660.3666 2010.0871 2159.5502 1597.9587 1496.3830 1847.5725 1865.3077 2019.3853 2208.0356 957.0084 1961.0451 780.9513 2845.0012 2669.1141 1268.0773 2470.2836 2179.1012 3432.5158 953.9628 583.3455 393.7537 1856.2847 3334.7923 2269.2283 179.4464 3733.6615 2168.4303 229.8369 527.2760 2316.5632 3260.2454
2057.0877 2143.4066 1175.2387 1440.5836 1436.6050 1035.1932 1281.6244 1593.2106 1294.1008 1289.3211 2157.3215 1087.5891 1967.9484 96.7729 1199.3206 893.4993 2379.5546 820.9811 1955.2197 1019.6318 1275.9314 2349.8902 1852.6791 1749.1212 984.7380 1591.7063 1773.9766 1258.4248 2140.4731 2254.3037 404.3167 2538.2135 0.0000 1799.3493 2102.1572 1729.0905 1951.6905 1752.9096 1373.1151 1059.0798 1591.6790 2016.2703 1241.5253 1498.9573 164.6390 1307.4754 1092.8756 2161.2304 2621.1162 2054.0691 2050.1232 1542.6062 1488.0356 1131.3819 1500.1980 1508.7588 590.1051 2168.0602 968.0873 1611.7993 1226.5272 1828.5713 1017.8104 990.8446 268.3375 1670.6421 1604.4703 76.2955 1008.3938 2488.3095 1466.7631 738.9946 1462.5457 1392.1817 1579.1960 752.3968 1111.7936 390.4933 1936.6572 622.6925 1757.5634 619.3803 1089.4154 1465.5306 821.2509 525.6786 1601.7131 1832.1236 2287.7806 2347.7687 1145.3039 1847.1708 1614.9046 2397.2286 1591.5439 579.8293 2694.4330 2670.9856 349.7556 2144.8841
360.0056 2818.2551 2024.4308 1661.1035 2212.4782 2019.5012 1154.8874 325.1861 2488.1425 2618.3057 459.1841 2776.7333 599.6541 1756.3317 928.6420 1303.6997 629.0262 1968.9185 2642.4144 2310.6685 2789.3571 1098.7602 543.6414 482.1214 2282.8414 2787.7462 426.5220 2914.9959 1470.2017 2791.6277 1533.2743 738.9357 1799.3493 0.0000 2518.2766 1333.2982 2558.0340 170.6986 1177.0510 2000.7569 687.7587 729.3202 1464.6314 1805.8851 1757.1909 539.9426 2686.7238 2957.5390 945.7378 302.9620 2640.4282 309.9677 2065.0395 1228.8828 2616.3333 3016.3490 1561.2335 1284.2776 1846.5159 1997.3124 902.1225 2381.9700 1189.2754 1617.1657 1552.6561 248.8152 1307.1148 1761.3191 852.5585 878.0399 1476.8900 1457.9304 1057.4431 900.1089 1340.3619 1138.8174 1391.4183 1472.3345 650.1946 1227.2327 49.6488 2128.3538 2021.1729 666.6948 1790.6974 1457.1671 2792.0940 549.7063 653.3192 615.9026 1228.1877 2753.0045 1762.0230 603.6796 3051.5324 1452.1887 904.6707 967.1784 1583.0303 2753.5261
2459.6392 402.8511 930.4219 886.0530 686.1348 1079.8241 2955.3179 2604.4195 1096.0292 1279.6945 2968.7656 1957.1472 2111.5137 2010.2189 1660.7110 1483.6738 3083.6934 1298.8784 362.4321 1278.0493 1599.1254 3575.5426 2967.2885 2075.4460 1297.1492 1087.9210 2137.4157 1925.0896 3723.6662 283.2137 2351.1429 2992.6712 2102.1572 2518.2766 0.0000 3392.5514 257.1634 2624.2532 1351.5628 1050.0690 1836.2377 3179.5775 1128.4768 748.2887 2249.6064 2442.7495 1728.0185 603.5263 3426.9183 2533.3063 236.3810 2518.4005 620.1814 1389.5503 966.0958 1652.6403 2566.9423 3627.0374 1136.0282 561.9288 2727.9183 282.7189 1496.8317 1187.9697 1975.5126 2616.5420 3291.4377 2031.0869 1933.9599 3388.3071 1047.0325 2649.6207 1461.0684 2880.7292 3291.0984 2377.6732 1257.3822 2262.9366 2036.2642 2283.4371 2472.6621 1626.5058 1021.4641 1855.0938 1283.8668 1713.9034 1080.0463 2057.1227 3167.5386 3090.9262 1382.8847 668.6442 757.9354 2968.8570 1578.6554 1657.7904 3221.5838 3426.5955 2330.6089 303.2507
1681.0497 3583.4065 2613.9204 2518.0876 2869.8934 2529.8808 463.1857 1030.0922 2924.2238 2970.2325 1267.4644 2803.1418 1913.4171 1759.1308 1779.0166 1914.8183 1460.7457 2371.5252 3388.9553 2668.0377 3000.6608 875.3571 853.9848 1736.0832 2632.9248 3240.8815 1699.7026 2979.2961 414.9325 3625.9946 1324.7981 1784.6439 1729.0905 1333.2982 3392.5514 0.0000 3340.4781 1163.8771 2116.1146 2532.8845 1828.8991 806.4391 2268.3423 2647.6762 1586.0000 1020.9261 2821.9364 3664.8052 1473.3934 1603.4494 3437.4998 1089.5449 2809.8868 2011.6036 3111.7307 3235.5378 1161.4241 516.4426 2384.1403 2830.6354 665.2977 3176.1274 1897.0134 2237.9117 1637.3763 1088.7888 125.0640 1748.3366 1467.7343 1302.7087 2398.4428 999.8825 2068.8378 526.1559 158.9277 1070.4415 2135.3634 1355.2052 1949.1601 1196.6954 1340.5003 2316.2388 2562.6112 1726.6042 2259.9170 1780.9941 3249.2604 1829.1192 1232.7084 1406.2788 2020.0557 3385.5248 2675.1705 1606.2693 3313.6098 1821.3490 1791.6342 1552.6036 1379.9062 3549.1117
2535.0018 260.2307 780.3858 897.1494 515.2184 916.6008 2892.4365 2612.5865 859.2677 1035.0077 3014.7909 1718.5884 2200.3947 1863.4659 1662.7622 1426.8234 3145.8646 1133.2440 118.4061 1063.6489 1351.0281 3586.1210 2976.5598 2138.5727 1086.2711 831.3633 2199.9666 1678.2982 3688.6720 302.9472 2231.6935 3081.2738 1951.6905 2558.0340 257.1634 3340.4781 0.0000 2650.3200 1380.9942 893.1663 1890.8755 3188.9889 1114.1620 752.3118 2105.7431 2427.7471 1489.0336 424.0106 3485.7071 2602.7386 99.7647 2526.8340 530.9105 1373.4122 715.4369 1397.0558 2449.6155 3607.8981 1004.8706 560.8966 2680.6531 176.0824 1464.9539 1104.9674 1851.9139 2633.2081 3234.0787 1883.9344 1905.4915 3435.0202 1084.4953 2544.7446 1506.9466 2840.2919 3230.0594 2299.4384 1225.3395 2148.6240 2126.0190 2195.4139 2510.6734 1435.7298 862.5509 1891.4048 1150.5412 1609.3011 823.3401 2132.0847 3211.1911 3148.7029 1369.1446 415.0952 812.2715 3043.1899 1321.8003 1556.8976 3307.9306 3491.2834 2205.7609 208.6337
521.0701 2910.0632 2080.0793 1754.1166 2281.7016 2062.7654 1004.8408 185.2242 2527.9686 2647.7645 417.6123 2763.6067 767.8704 1718.2354 996.8039 1342.9598 628.7162 1994.6493 2730.0183 2336.3486 2801.3391 962.4240 381.8481 633.2401 2306.9887 2833.6734 582.1039 2908.6294 1302.1663 2893.5516 1458.3566 811.6773 1752.9096 170.6986 2624.2532 1163.8771 2650.3200 0.0000 1274.1464 2047.0178 814.1364 578.9525 1544.0081 1898.7535 1696.2223 452.5483 2686.9702 3041.8568 907.5825 452.0044 2735.6266 211.1919 2145.9268 1297.0571 2666.4362 3032.0002 1464.9683 1121.2801 1890.3717 2091.5432 765.1385 2474.3979 1241.4387 1668.8238 1518.0491 97.3088 1140.6003 1721.2510 862.6993 812.3546 1577.8752 1350.2463 1165.8765 744.8879 1174.9451 1055.9285 1457.9304 1406.0757 815.5005 1157.2078 188.8306 2126.2371 2069.2728 770.4804 1822.3877 1454.4724 2838.6456 709.3046 587.7482 601.5064 1298.0928 2824.6494 1866.3250 653.1837 3073.4189 1456.5500 944.2272 942.6983 1511.0913 2849.3824
1182.6889 1641.2206 933.3129 484.3841 1068.6463 983.7611 1718.3835 1254.8964 1436.2291 1605.0583 1634.0554 1977.0496 890.5998 1283.4773 337.2907 482.1307 1772.0025 1031.7757 1466.6741 1335.9551 1850.6658 2224.2349 1616.6833 776.4084 1318.4119 1701.2754 835.5334 2066.5188 2410.5186 1619.4122 1394.7806 1741.7408 1373.1151 1177.0510 1351.5628 2116.1146 1380.9942 1274.1464 0.0000 952.5151 523.4358 1828.7113 324.0772 629.0199 1446.5811 1117.0358 1817.3437 1783.4265 2108.6738 1240.5180 1463.7384 1169.0274 898.7463 244.0082 1520.1661 2048.1626 1569.2154 2293.7084 827.2666 820.2743 1458.4828 1204.9398 358.1131 592.9874 1123.6031 1265.0099 2029.5073 1300.8505 664.2146 2054.1862 304.5866 1585.0110 149.8166 1590.8064 2038.3290 1230.9866 335.6725 1295.5308 824.1565 1188.8368 1129.7929 1333.2445 962.6822 510.4165 848.5588 847.8709 1703.3080 791.8081 1830.2035 1771.9495 230.4951 1596.3436 594.3366 1682.1564 2053.1520 796.4452 1961.3893 2118.0021 1405.8350 1577.0799
2093.7717 1096.4497 120.8139 642.2935 377.9735 40.8044 2072.9354 1961.0431 492.3789 652.5711 2452.6284 1114.8543 1835.4239 970.3221 1079.7870 704.8695 2627.5940 250.0000 903.9657 401.8072 911.5597 2908.2012 2312.6370 1691.0189 393.6864 787.3049 1744.1826 1165.0978 2907.7870 1196.0456 1348.1402 2652.5192 1059.0798 2000.7569 1050.0690 2532.8845 893.1663 2047.0178 952.5151 0.0000 1444.9055 2518.4710 635.0000 605.0231 1212.5824 1724.6107 918.0615 1143.4496 2944.3981 2136.9066 992.0307 1880.4691 458.9118 792.4172 620.2612 1097.8493 1566.3569 2860.4729 158.1550 629.0127 1894.5894 772.0058 811.6083 385.9961 968.2278 2004.0671 2418.8148 990.8183 1202.3261 2859.3066 800.0400 1671.8053 1101.7305 2063.9864 2408.7113 1466.1040 636.7299 1270.0886 1772.2531 1348.8721 1951.1097 602.0980 31.2410 1384.4457 274.6507 754.9225 791.9628 1725.6410 2634.1621 2616.6368 797.2961 853.0006 758.7206 2568.5103 1100.6916 711.6966 2861.4488 2967.9343 1318.6467 1089.6137
659.7575 2150.5929 1441.3730 1001.1998 1591.1882 1471.7381 1505.2312 847.3169 1936.1180 2093.1042 1132.7074 2386.4224 403.8329 1518.6840 414.7722 823.0462 1255.0100 1478.3464 1981.6059 1805.8231 2313.7642 1776.3113 1186.2318 253.0237 1783.8007 2213.3678 312.2579 2497.0673 2059.9507 2112.5324 1475.2064 1219.6926 1591.6790 687.7587 1836.2377 1828.8991 1890.8755 814.1364 523.4358 1444.9055 0.0000 1391.2297 840.4600 1144.0039 1614.2478 814.1364 2252.6626 2300.1359 1595.2580 717.4301 1969.0914 768.0755 1421.4190 655.7263 2034.0551 2524.1404 1594.5564 1908.1732 1304.5248 1331.1367 1224.9673 1715.5772 678.4246 1063.9347 1323.3824 830.8219 1765.2549 1531.1894 614.6381 1552.0702 806.7168 1556.2342 385.0013 1313.8097 1785.0429 1180.0343 808.1912 1385.2310 355.0282 1196.6520 644.9380 1725.1533 1459.2519 135.6245 1290.6173 1113.8851 2216.0291 282.1790 1331.8206 1258.3243 649.3543 2119.6250 1084.3380 1159.2692 2539.7468 1082.3123 1438.1645 1600.5755 1505.9565 2080.9829
