0.0000 3475.3539 793.3631 3349.3776 1684.9027 2939.9315 146.7310 1303.9057 2084.0118 1489.2280 3496.4325 365.3669 2474.7271 869.5085 1050.4537 671.3047 854.4197 3242.2537 2851.4040 1064.5924 120.6192 2309.4919 909.6208 3384.8960 999.2022 909.3756 2882.4373 1052.3977 3519.9526 2059.4400 1808.8726 455.0890 1975.6561 3095.9577 535.3065 826.4636 3193.0023 1898.8841 2478.3430 681.6223 2706.1495 1752.1030 2701.2297 983.7337 931.1246 832.3323 447.1823 1766.5868 956.7372 1350.4314 379.7473 866.8333 3285.9872 1027.7402 2714.4797 949.8737 1604.6810 560.5087 711.5125 1606.1115 887.3353 748.1083 488.8486 753.2994 1397.3761 2084.4764 3030.1645 1830.0003 332.0316 3091.6378 911.3578 1263.1049 620.2983 74.0270 2620.1530 296.9512 3401.0131 3390.8295 872.2138 1513.2482 1040.5503 3004.2437 186.9358 828.0658 3341.3448 2688.9026 2699.7126 491.6299 1038.3159 1832.2560 2609.5128 2873.4824 2392.3716 2958.4607 727.7719 3385.9659 1292.0700 553.2314 912.7963 3496.1643
3475.3539 0.0000 4126.8111 146.4548 1984.7483 838.1468 3400.5378 2306.9853 1424.5982 2055.5644 84.0773 3340.1488 1019.7024 3050.0098 3019.5645 3442.1425 2712.9736 1746.0865 1714.0292 2999.0832 3475.2188 1910.1691 3237.0080 1698.6795 2476.1551 3829.5662 658.6562 3467.2955 1578.5858 1582.1454 1677.1061 3392.8915 2133.0284 907.8992 2978.5809 3555.0951 729.2770 2354.9527 1674.7827 2806.2231 835.3742 1939.8196 1703.6341 3030.8159 2557.1938 4122.5206 3723.7300 2035.0671 2825.0113 2355.6443 3786.9403 2984.5524 1044.8067 2454.1159 1123.6000 3015.3734 1875.6172 3281.3541 3612.6147 2077.8578 3309.6877 3010.1649 3168.0657 3268.2327 2116.5871 1451.7827 571.4630 2447.9171 3807.1853 599.0501 3341.1878 2885.8824 3417.7807 3461.3906 869.2140 3367.9823 666.1269 1041.0120 3727.1056 1980.6274 3426.3990 480.4592 3435.9430 2756.2903 549.5616 1824.7192 936.2847 3015.3509 3345.9296 1907.9845 1285.9463 601.8787 1317.7712 1712.3916 3460.5030 465.2419 2188.8591 3719.7562 2585.0431 1465.6309
793.3631 4126.8111 0.0000 3992.6038 2203.3547 3503.4258 932.6548 1838.6857 2789.4749 2233.5543 4137.8914 1130.9766 3108.3869 1149.9609 1822.0395 740.0169 1633.8629 3612.2021 3236.1783 1838.2606 874.9537 2693.5716 1648.8193 3766.2589 1693.6971 530.0651 3572.9162 1722.9846 3927.9003 2610.1069 2451.8004 1187.2830 2345.2318 3630.8331 1312.5616 1465.7138 3752.8614 2202.6793 2905.3036 1429.8091 3403.3425 2263.6365 3097.9182 1219.8676 1665.4183 77.4726 408.0649 2229.8933 1749.6174 2134.2001 785.8709 1197.6999 3788.5270 1747.5483 3246.3618 1727.3462 2299.6230 1317.6589 1322.8473 2378.2113 963.2284 1537.5633 1278.0837 1495.4147 2010.2251 2686.9903 3726.4852 2111.3351 582.0739 3683.6353 953.5712 1481.3470 743.7506 851.2843 3298.8600 1064.4928 3963.1307 3892.8678 596.3908 2228.0002 980.4897 3671.0659 735.1530 1612.2090 3922.5400 3056.9989 3417.6765 1268.0083 1036.4000 2327.3713 3117.9852 3530.3450 2935.9014 3339.1893 1408.3952 3978.1654 1998.8622 1086.3517 1657.8064 3924.4898
3349.3776 146.4548 3992.6038 0.0000 1842.2446 697.4819 3277.4624 2168.4326 1315.0745 1945.1134 147.1394 3222.4309 884.2172 2910.0105 2921.3416 3303.9401 2597.9009 1632.5149 1582.1015 2901.1827 3351.9608 1765.4317 3135.3118 1594.1132 2350.4521 3689.6507 583.2709 3370.0429 1485.5921 1438.2076 1546.0796 3277.9390 1986.5903 781.9565 2857.7370 3450.3014 609.2438 2208.5237 1531.4314 2683.7520 749.9953 1796.4546 1566.3422 2889.2605 2435.7005 3987.2202 3590.5579 1890.0966 2719.5566 2254.8510 3665.6637 2845.0606 939.0048 2331.6475 979.7398 2913.2679 1754.4073 3168.8345 3504.0091 1980.8382 3168.6417 2900.2490 3051.7564 3161.5885 1982.7582 1312.6401 528.6218 2301.4624 3681.3776 460.2456 3199.8389 2741.6440 3280.3244 3337.0409 760.9494 3248.6160 578.5810 946.5120 3587.0887 1862.8650 3283.6962 381.2742 3306.1344 2641.8495 450.2499 1687.6614 871.1521 2893.7882 3203.2000 1763.3990 1141.6168 481.1330 1171.4265 1584.8811 3353.2507 376.4160 2066.8878 3605.4077 2464.8264 1373.2170
1684.9027 1984.7483 2203.3547 1842.2446 0.0000 1300.7398 1662.3480 381.4302 958.8629 940.4536 1981.6117 1697.9635 984.5329 1077.8395 1766.3544 1483.4949 1221.6513 1604.6183 1216.0567 1755.7773 1728.5751 722.9744 1883.9238 1734.3431 823.7293 1854.9137 1544.7259 2153.4438 1850.8930 411.2055 503.7748 1792.3406 511.9414 1430.7680 1324.6924 2106.2348 1549.5344 640.4498 822.9004 1148.5687 1414.0014 68.3081 1062.1059 1048.4794 974.9964 2187.2014 1819.1616 181.6040 1488.0124 1260.9084 2052.2634 1017.6114 1605.4984 881.5311 1045.7920 1695.7302 679.7426 1735.6811 2094.9217 1195.8449 1329.4002 1552.6059 1570.6489 1825.7626 391.0358 548.7741 1702.8635 677.8348 2002.8525 1489.8111 1359.4124 910.4861 1467.1009 1697.9485 1263.7535 1694.9198 1759.7935 1710.5157 1752.0417 768.7607 1441.6615 1575.3441 1587.7563 1266.8709 1722.3670 1081.8105 1505.0532 1342.9479 1361.2042 157.0637 928.1746 1422.0900 732.5469 1322.0004 1982.0759 1781.8967 741.4648 2099.1246 1022.3199 1818.7138
2939.9315 838.1468 3503.4258 697.4819 1300.7398 0.0000 2892.7304 1667.9188 1157.0454 1709.3183 798.2362 2880.0368 590.8105 2374.8335 2721.9148 2783.2062 2293.4385 1027.1767 900.1878 2704.4870 2964.3266 1080.9070 2906.9353 1035.9855 1970.6410 3146.1794 851.0758 3164.2813 997.6277 893.8467 1168.2470 2954.6677 1334.5411 217.1106 2500.6083 3193.7265 253.0711 1553.2019 839.6100 2318.8795 897.3673 1242.5498 871.2365 2335.3426 2087.6326 3487.9269 3115.3852 1301.5191 2479.1702 2066.8474 3287.9253 2316.8567 471.6662 1979.9740 296.0220 2688.7709 1448.9065 2865.6415 3220.5740 1835.2321 2617.4256 2622.9070 2723.9695 2899.4725 1543.0467 863.4402 933.4345 1650.7259 3267.8730 239.8270 2644.5510 2150.9126 2767.7270 2941.0000 771.3683 2893.2247 462.0054 552.8001 3043.4313 1577.0444 2710.0893 688.7910 2865.1537 2340.4722 426.0047 992.6983 1073.3485 2529.9947 2630.0146 1187.4868 458.7636 592.7698 569.4989 918.6800 3082.3155 496.1451 1732.7741 3279.8549 2125.8490 900.9084
146.7310 3400.5378 932.6548 3277.4624 1662.3480 2892.7304 0.0000 1284.9981 1996.5603 1389.2077 3424.6007 220.5380 2409.6373 935.6244 903.8390 789.2401 738.7564 3240.8914 2849.2253 918.1008 75.0000 2312.2935 765.1013 3380.2173 930.7980 1051.4837 2796.8062 918.6104 3508.6009 2022.5669 1746.2262 318.2766 1986.0587 3055.6440 429.5544 703.9574 3145.5534 1925.0790 2469.3841 594.5057 2618.7992 1730.3459 2697.4692 1051.8336 844.5383 974.6902 593.8973 1757.5031 817.7359 1227.2119 395.2139 922.0683 3253.0702 946.4565 2677.1720 803.6479 1525.2518 415.2782 601.0657 1490.1517 988.4948 605.1942 345.5792 609.1519 1351.1958 2032.0354 2942.0348 1862.1345 424.1851 3035.7421 1015.9336 1322.3267 735.7065 81.4002 2539.5882 153.1600 3352.0722 3357.5534 1010.0005 1426.6247 1152.1688 2926.0912 308.2288 708.1532 3287.4314 2691.7372 2604.7576 388.9602 1142.6329 1813.7100 2579.1148 2799.0400 2354.3016 2956.4479 597.3826 3328.8162 1211.8189 481.5859 820.4834 3480.2248
1303.9057 2306.9853 1838.6857 2168.4326 381.4302 1667.9188 1284.9981 0.0000 1107.8488 846.0934 2311.6163 1332.7434 1288.8708 746.9063 1483.2225 1135.5527 917.7674 1963.7701 1572.3947 1475.8703 1349.9841 1049.1315 1570.3503 2099.2725 515.0971 1524.4363 1808.0003 1837.2079 2223.8678 774.2900 675.1726 1431.9804 757.9796 1807.1115 968.1038 1765.1244 1919.1066 784.9490 1186.6701 800.1706 1656.9602 448.2644 1419.2308 744.8342 670.3201 1827.0438 1447.5421 479.0334 1204.4351 1085.3557 1672.8855 679.1244 1986.3419 598.2642 1422.5786 1400.6463 681.1439 1386.9059 1741.9587 1108.2184 1013.3203 1231.7987 1216.9260 1495.0779 266.5521 855.8621 1966.6197 771.1764 1621.4466 1844.9721 1047.7581 695.8850 1113.0732 1318.2936 1524.8606 1325.0638 2129.2402 2091.3453 1422.4518 707.6115 1152.5055 1871.1627 1207.1060 958.9771 2084.5443 1424.1253 1717.0236 981.6568 1074.3417 529.1389 1308.9939 1722.7748 1104.7190 1679.4201 1638.8636 2139.4862 568.8629 1730.7007 718.1678 2195.4601
2084.0118 1424.5982 2789.4749 1315.0745 958.8629 1157.0454 1996.5603 1107.8488 0.0000 630.9715 1460.0414 1921.1460 566.2552 1824.5547 1616.3248 2168.5583 1290.9105 1994.2643 1687.0044 1596.9233 2071.5603 1428.1351 1823.9981 2065.2554 1097.6229 2575.3099 800.4324 2065.3896 2091.0019 779.6871 458.1539 1969.9211 1397.7389 1370.4879 1568.9079 2135.9384 1374.2900 1576.1250 1350.7557 1404.1083 622.3906 961.4260 1561.8082 1842.6527 1153.6100 2796.7352 2381.4132 1113.3957 1405.1665 948.1034 2375.3671 1751.9352 1621.5897 1056.6480 1104.7502 1601.8093 490.1959 1856.9074 2189.1105 689.7717 2095.4439 1585.8528 1746.9906 1846.5982 851.9677 557.9794 946.1892 1628.4330 2412.8199 1195.6157 2132.7260 1796.6972 2133.2710 2062.3494 555.5187 1952.4664 1547.7807 1708.7756 2477.3672 570.8108 2249.9444 944.2399 2069.0326 1333.4017 1444.5352 1647.2838 630.6956 1607.9580 2173.8779 1000.0845 1126.9366 836.3217 887.4756 1766.7555 2038.1788 1457.1513 794.6672 2296.1084 1176.0850 2011.9309
1489.2280 2055.5644 2233.5543 1945.1134 940.4536 1709.3183 1389.2077 846.0934 630.9715 0.0000 2090.5062 1297.1264 1140.6884 1409.8316 1012.8776 1685.9093 665.0752 2386.5802 2027.7645 995.2532 1463.8364 1622.5428 1206.1153 2486.7258 567.7332 2092.9300 1424.1970 1457.5901 2551.8374 1034.5516 597.2102 1341.0720 1452.3736 1909.7754 959.7692 1510.1715 1947.0203 1560.3349 1641.7600 809.9660 1243.3443 984.7868 1881.5339 1461.3980 568.1382 2250.2029 1828.8368 1121.6171 781.2157 367.2669 1757.6188 1336.9637 2148.0428 492.3921 1582.4563 985.0827 294.8847 1226.2178 1559.0542 263.8371 1670.1677 955.1513 1120.9108 1218.7617 603.1948 903.4080 1562.8784 1574.4615 1811.4152 1789.9028 1710.0716 1508.3455 1642.2332 1459.6712 1186.4679 1332.4038 2135.7083 2244.2391 2002.2570 174.9286 1846.9231 1575.1775 1499.9137 705.8222 2043.8877 1935.8226 1216.8451 1001.3611 1779.5336 1064.8164 1550.1745 1465.0491 1292.0132 2124.1492 1409.3644 2065.8424 296.3798 1666.2860 578.5162 2489.0482
3496.4325 84.0773 4137.8914 147.1394 1981.6117 798.2362 3424.6007 2311.6163 1460.0414 2090.5062 0.0000 3369.2285 1029.7233 3051.8619 3063.2788 3447.1626 2744.2975 1678.9714 1660.2605 3043.0020 3499.1000 1876.6803 3278.4524 1627.2852 2497.5438 3831.4660 712.6324 3511.6932 1503.0083 1575.4939 1692.5874 3424.3589 2109.9386 851.1557 3004.7963 3594.4193 669.4834 2331.4238 1637.6788 2830.8771 885.0836 1934.5204 1655.9885 3029.5009 2582.7847 4132.0388 3736.2489 2024.6000 2863.7839 2397.5473 3812.7575 2987.3667 975.2948 2478.7678 1088.9995 3056.5111 1901.4481 3314.8155 3649.1492 2122.1239 3309.4078 3045.6517 3198.3679 3306.1960 2128.4032 1455.7726 637.8409 2425.7430 3828.4385 558.5123 3340.2618 2877.6244 3424.0412 3484.1688 905.0934 3395.5789 591.5285 966.9566 3728.8235 2009.5811 3422.3327 520.8071 3452.7127 2788.1444 480.6922 1776.5982 995.8393 3040.8847 3341.8109 1899.0066 1252.1937 627.6854 1299.8500 1654.6232 3498.0366 393.5848 2213.9840 3751.7443 2611.8325 1390.0090
365.3669 3340.1488 1130.9766 3222.4309 1697.9635 2880.0368 220.5380 1332.7434 1921.1460 1297.1264 3369.2285 0.0000 2370.2888 1097.4161 692.3698 997.9344 632.0570 3296.3167 2905.0800 707.9562 259.2373 2378.2927 544.6145 3430.3542 911.0576 1271.9611 2719.7562 706.8239 3548.5412 2032.1048 1717.0559 116.2110 2065.2099 3053.1474 380.5916 511.8252 3131.3647 2026.0010 2517.4719 562.7379 2539.4960 1766.2372 2751.7909 1213.4154 795.2773 1178.4609 811.3797 1811.6302 641.8980 1087.5891 468.6971 1072.8509 3261.3195 902.6035 2681.2305 596.3699 1469.9449 195.1435 435.0782 1363.4841 1182.4335 419.5295 178.8463 388.6142 1355.7083 2016.6519 2859.9147 1971.3396 580.0362 3008.3466 1212.5123 1470.2126 943.1887 293.7363 2472.7889 68.6804 3334.7199 3364.8655 1229.2965 1359.7489 1353.6514 2861.6612 525.1152 592.4407 3262.2820 2755.5330 2511.6379 356.1811 1337.9660 1853.3475 2594.4441 2741.5944 2359.2043 3012.0599 394.4173 3298.2426 1161.2691 403.1129 761.1110 3513.4507
2474.7271 1019.7024 3108.3869 884.2172 984.5329 590.8105 2409.6373 1288.8708 566.2552 1140.6884 1029.7233 2370.2888 0.0000 2034.0956 2151.6201 2423.1393 1759.6321 1489.2364 1233.3098 2133.3628 2483.4961 1134.0040 2346.3308 1540.4951 1479.0352 2812.9803 585.7141 2597.9263 1545.4113 609.1051 666.0826 2434.7394 1242.2226 804.9149 1997.6058 2644.6058 812.5429 1457.5682 973.5594 1819.6497 504.0605 948.3001 1135.0507 2020.0698 1576.0676 3103.2314 2706.5258 1065.1878 1919.9802 1489.1263 2801.5585 1967.5635 1057.2086 1469.6680 577.4790 2125.6721 904.7348 2335.0837 2682.6524 1248.1186 2296.5735 2079.0854 2205.2322 2351.0479 1098.6801 438.2146 737.5208 1537.3877 2806.6216 649.5368 2329.1340 1894.7897 2398.2727 2465.9818 334.7417 2391.2194 995.6003 1142.9143 2710.7868 1025.6949 2420.7117 590.8113 2425.0206 1805.5429 904.0913 1240.9742 654.5487 2031.3587 2340.5713 934.1049 648.0563 437.9052 478.8319 1295.3733 2538.4109 931.1890 1209.0596 2762.5881 1609.1790 1460.1798
869.5085 3050.0098 1149.9609 2910.0105 1077.8395 2374.8335 935.6244 746.9063 1824.5547 1409.8316 3051.8619 1097.4161 2034.0956 0.0000 1580.1854 412.2924 1081.5036 2476.3461 2094.6656 1583.4911 968.7735 1549.2482 1553.6760 2627.8280 857.9137 779.6416 2552.5932 1777.5697 2783.8658 1489.0373 1415.4028 1213.5934 1201.3134 2490.8828 890.1640 1608.4940 2620.6589 1078.7817 1756.0071 838.4032 2397.9345 1132.9695 1953.2396 116.4002 934.8240 1124.2099 803.5602 1084.5506 1351.2043 1492.6554 1236.7817 73.6003 2641.0931 953.6483 2108.1302 1474.2228 1354.0945 1245.6183 1526.4812 1636.5467 270.8967 1248.6589 1083.0771 1421.8949 976.6212 1598.3745 2710.8954 996.7517 1104.7624 2567.6365 308.4153 394.8937 407.0197 921.3821 2269.9474 1052.7227 2830.3931 2745.1328 677.1027 1330.4604 437.3214 2617.9628 699.8114 1096.0657 2798.4857 1918.8080 2447.6922 868.2563 370.5199 1188.9277 1974.3217 2469.1606 1805.3346 2199.1464 1487.3443 2859.3653 1118.1842 1413.2778 961.0078 2777.1399
1050.4537 3019.5645 1822.0395 2921.3416 1766.3544 2721.9148 903.8390 1483.2225 1616.3248 1012.8776 3063.2788 692.3698 2151.6201 1580.1854 0.0000 1612.0896 568.5701 3338.7099 2961.4176 22.1359 951.2623 2489.2995 237.7162 3452.2772 968.1333 1936.7573 2366.3867 449.1770 3535.0905 1990.1523 1582.2418 640.4881 2234.7841 2920.7473 693.0700 568.9402 2959.7914 2264.0512 2565.7297 760.9954 2186.1089 1828.5869 2809.1823 1684.9644 813.0498 1870.6945 1497.1790 1924.8075 279.6301 668.2829 1099.4276 1530.8955 3155.9552 891.0965 2583.8973 108.0046 1282.1271 505.0634 672.2001 941.7266 1744.0725 337.0534 571.1830 348.8108 1375.8376 1897.6293 2486.0973 2237.7355 1257.2295 2799.5794 1780.3376 1883.7805 1556.1096 982.3894 2161.8134 760.1717 3147.2053 3253.5617 1881.6317 1151.3040 1930.8123 2542.5359 1184.7877 532.0169 3052.5589 2842.5499 2116.0295 721.2829 1896.2576 1919.0167 2536.4802 2448.6119 2280.8536 3063.8761 516.1134 3070.6514 1048.8670 871.6444 765.4032 3479.6598
671.3047 3442.1425 740.0169 3303.9401 1483.4949 2783.2062 789.2401 1135.5527 2168.5583 1685.9093 3447.1626 997.9344 2423.1393 412.2924 1612.0896 0.0000 1216.1632 2875.3068 2497.3516 1620.8630 790.5372 1953.9378 1524.9000 3028.5345 1118.2777 408.7958 2922.9651 1704.5472 3188.5351 1894.0098 1785.7911 1105.4845 1605.5706 2902.2067 940.1771 1492.5656 3030.1541 1468.2851 2165.5101 968.9112 2761.9676 1540.6573 2358.2943 480.7515 1146.1121 712.0653 429.8395 1496.5657 1435.2198 1690.3801 977.4344 466.4011 3053.3788 1198.0818 2518.9621 1504.3703 1683.6867 1181.3975 1382.3531 1882.3188 252.1785 1277.0497 1052.0233 1374.8782 1340.4365 1991.4146 3080.0385 1379.6887 801.1773 2972.3180 261.5206 751.3880 56.0357 741.3569 2642.4973 936.6803 3240.1049 3157.4016 316.4127 1637.9286 371.7324 3000.7816 485.4740 1214.7070 3205.7862 2319.0811 2798.2098 903.3327 382.4265 1599.2661 2386.2517 2854.5649 2213.8771 2600.8191 1386.2042 3265.1378 1412.1562 1215.7405 1157.1245 3184.5102
854.4197 2712.9736 1633.8629 2597.9009 1221.6513 2293.4385 738.7564 917.7674 1290.9105 665.0752 2744.2975 632.0570 1759.6321 1081.5036 568.5701 1216.1632 0.0000 2816.6931 2432.5135 563.2140 811.8152 1941.2625 662.2817 2938.3482 404.4676 1596.3161 2088.3127 931.8412 3035.8480 1490.5925 1125.5918 680.0684 1673.2782 2478.0414 321.4747 907.3792 2541.3007 1696.0425 2036.6946 250.0600 1907.8218 1286.6336 2278.9394 1174.5829 249.0020 1662.0475 1244.8634 1371.0215 295.2372 500.7934 1094.5140 1022.0592 2699.3734 341.2228 2118.9622 482.8882 854.9023 575.4624 927.1640 752.1735 1288.5127 337.0949 456.2477 616.0008 837.6139 1437.0501 2227.9138 1669.1758 1162.8456 2405.0050 1327.7989 1342.2612 1163.4127 814.2954 1844.3408 668.8385 2740.0411 2800.7842 1520.6979 737.0109 1478.6818 2233.4899 905.1155 47.4342 2659.9436 2303.3649 1880.2130 366.0014 1430.2772 1377.4197 2050.9286 2116.7683 1802.9246 2537.1064 791.0607 2690.7166 561.1007 1007.5574 200.9428 2989.0908
3242.2537 1746.0865 3612.2021 1632.5149 1604.6183 1027.1767 3240.8914 1963.7701 1994.2643 2386.5802 1678.9714 3296.3167 1489.2364 2476.3461 3338.7099 2875.3068 2816.6931 0.0000 391.7372 3325.6160 3302.0824 934.2484 3476.9057 159.6559 2425.9452 3153.1624 1876.8340 3746.2483 356.7927 1355.2837 1789.6986 3393.9448 1277.5179 863.0371 2927.3391 3710.1193 1023.8755 1410.5035 781.8523 2752.7532 1905.8835 1537.1721 544.5411 2394.7269 2574.0928 3575.6804 3279.5300 1485.5639 3066.4294 2751.1383 3619.6498 2442.4375 705.5388 2475.6028 912.0619 3278.5602 2092.3312 3340.2427 3699.1633 2585.0193 2651.1177 3151.5712 3174.4155 3427.2556 1979.3567 1496.2811 1959.2529 1504.8309 3539.3742 1208.2189 2664.8396 2132.4054 2879.9960 3266.3774 1760.6752 3288.4989 1097.6634 736.4835 3057.7786 2219.7624 2674.0120 1713.3631 3116.3905 2863.0211 1198.2804 557.8548 2080.9539 2943.5986 2603.1729 1447.6315 867.4399 1618.8008 1115.7173 284.5294 3586.3944 1286.2302 2289.8668 3694.2859 2620.5118 415.7403
2851.4040 1714.0292 3236.1783 1582.1015 1216.0567 900.1878 2849.2253 1572.3947 1687.0044 2027.7645 1660.2605 2905.0800 1233.3098 2094.6656 2961.4176 2497.3516 2432.5135 391.7372 0.0000 2948.9368 2910.5604 546.6278 3093.9013 535.0140 2038.9507 2787.9779 1704.0012 3363.4592 693.0462 993.3579 1434.7937 3003.1805 893.4305 809.9117 2536.9588 3322.2837 993.7932 1042.3483 396.1073 2363.1098 1698.4587 1149.0674 153.9513 2016.6589 2188.3839 3201.9594 2896.6382 1093.9552 2687.1377 2388.7009 3228.4797 2058.3889 768.6410 2091.2927 687.4191 2898.4177 1732.8970 2950.9376 3309.3814 2238.5069 2278.4058 2766.2525 2784.4037 3040.9099 1594.9373 1158.3458 1811.1814 1140.3236 3150.1498 1124.8898 2294.0078 1761.0000 2499.9754 2875.0257 1539.3716 2896.9206 1134.0057 844.4229 2690.8593 1857.5707 2311.5523 1574.2061 2727.1964 2478.5302 1198.3030 185.9247 1867.5398 2552.7681 2238.5587 1058.9962 585.2606 1454.3652 800.1931 107.2241 3198.0977 1288.3579 1913.7920 3302.7337 2235.1465 703.4842
1064.5924 2999.0832 1838.2606 2901.1827 1755.7773 2704.4870 918.1008 1475.8703 1596.9233 995.2532 3043.0020 707.9562 2133.3628 1583.4911 22.1359 1620.8630 563.2140 3325.6160 2948.9368 0.0000 966.5413 2478.7517 259.8326 3438.5980 960.8101 1948.2672 2345.6513 468.9840 3520.4944 1976.1710 1566.6720 658.3168 2226.2637 2903.7488 698.0917 591.0744 2941.9526 2257.5708 2553.3791 760.8758 2165.4510 1817.7018 2796.8506 1687.5796 806.0893 1886.4156 1511.0013 1915.1715 271.4498 648.8205 1118.5406 1533.4357 3139.4186 882.3021 2567.9075 117.0854 1266.0016 522.0737 694.0872 921.2258 1750.1706 344.3269 583.2495 369.0542 1365.0396 1881.8791 2465.0456 2232.1886 1274.7957 2781.0856 1786.6449 1883.8325 1564.9195 997.0160 2141.8331 775.5056 3128.9629 3236.8469 1892.2748 1135.0899 1937.3162 2522.2357 1196.8442 527.8826 3033.9298 2830.9892 2094.8310 727.3328 1901.9561 1908.0422 2521.4587 2428.7746 2265.5924 3051.2019 537.8187 3051.6831 1035.7780 892.6018 758.6330 3464.6019
120.6192 3475.2188 874.9537 3351.9608 1728.5751 2964.3266 75.0000 1349.9841 2071.5603 1463.8364 3499.1000 259.2373 2483.4961 968.7735 951.2623 790.5372 811.8152 3302.0824 2910.5604 966.5413 0.0000 2371.9578 798.6345 3442.3925 1004.5029 1026.3045 2871.8040 933.1345 3572.6300 2092.1075 1819.6992 338.7108 2043.1525 3126.0878 504.3352 705.8449 3217.2244 1976.6325 2532.5167 669.3415 2693.7981 1796.4259 2759.2182 1084.2772 919.4618 920.4358 555.2090 1820.3209 880.3664 1297.7897 324.7845 960.2880 3322.1194 1021.1998 2746.9847 853.8999 1600.0356 452.5539 591.8184 1562.5278 1002.0843 664.0369 405.7709 642.1254 1422.1030 2104.2588 3017.0270 1911.3974 351.2293 3108.6211 1027.2848 1359.5003 738.8863 49.6488 2614.4875 191.0942 3424.0001 3426.6911 991.5453 1501.6115 1158.6509 3000.9160 305.1328 780.3294 3360.0726 2751.5308 2679.5651 463.9149 1154.3002 1879.0522 2647.5045 2873.6736 2424.1817 3017.7629 607.9778 3401.8842 1286.5870 444.9629 895.4831 3545.4359
2309.4919 1910.1691 2693.5716 1765.4317 722.9744 1080.9070 2312.2935 1049.1315 1428.1351 1622.5428 1876.6803 2378.2927 1134.0040 1549.2482 2489.2995 1953.9378 1941.2625 934.2484 546.6278 2478.7517 2371.9578 0.0000 2602.8824 1081.4666 1539.4655 2255.5321 1701.3083 2872.0146 1234.7927 650.0354 1067.4629 2479.7647 348.3676 1099.8314 2017.1827 2812.7206 1271.7268 522.2452 251.6446 1848.3209 1638.0488 661.9260 404.3575 1473.7181 1693.1161 2661.0829 2350.4648 573.0270 2210.8064 1965.4806 2687.6609 1512.0202 1171.3996 1602.7018 787.6808 2417.8546 1335.7462 2435.8114 2791.0308 1860.4368 1739.6623 2268.6060 2266.0543 2538.1444 1113.8568 871.0299 1839.2662 623.9295 2605.1353 1319.1243 1757.0572 1225.3836 1955.2363 2335.2510 1468.7318 2366.5302 1460.1524 1268.0584 2156.8686 1447.6550 1783.6816 1635.6519 2182.1535 1985.7618 1479.5945 379.5919 1783.8949 2029.9352 1708.5119 572.5251 624.5703 1489.1098 660.1492 652.4791 2686.9196 1561.7862 1458.2160 2772.2107 1740.8785 1232.3652
909.6208 3237.0080 1648.8193 3135.3118 1883.9238 2906.9353 765.1013 1570.3503 1823.9981 1206.1153 3278.4524 544.6145 2346.3308 1553.6760 237.7162 1524.9000 662.2817 3476.9057 3093.9013 259.8326 798.6345 2602.8824 0.0000 3596.4907 1063.7692 1816.1569 2587.0031 269.6164 3688.9223 2141.3372 1751.5416 464.2499 2328.2725 3100.9373 673.0713 331.8795 3148.8363 2336.0105 2697.9077 791.8036 2406.0251 1948.8922 2940.4721 1664.7216 909.7741 1702.9295 1353.7718 2031.6380 427.7663 881.3836 896.6750 1513.3175 3330.9209 1003.0753 2754.0679 222.1936 1458.8478 350.0686 436.6463 1162.3373 1685.1997 339.8353 477.9843 156.5184 1499.0831 2067.2929 2710.1131 2300.0159 1071.9743 2995.7774 1718.8127 1889.1734 1469.1399 837.1009 2374.5315 612.7267 3340.3449 3430.2952 1771.1152 1329.9451 1865.8266 2758.3056 1066.1074 617.2171 3249.9300 2965.6455 2341.8732 688.0770 1840.3940 2039.6833 2696.6396 2659.4949 2444.1939 3198.1701 283.8204 3271.6419 1198.7848 647.2442 862.0702 3638.4784
3384.8960 1698.6795 3766.2589 1594.1132 1734.3431 1035.9855 3380.2173 2099.2725 2065.2554 2486.7258 1627.2852 3430.3542 1540.4951 2627.8280 3452.2772 3028.5345 2938.3482 159.6559 535.0140 3438.5980 3442.3925 1081.4666 3596.4907 0.0000 2551.8135 3310.0014 1885.6903 3865.3696 204.9805 1462.9969 1889.7114 3526.3234 1427.2862 850.1653 3058.9148 3836.2014 993.3303 1565.9662 912.9014 2882.7764 1929.6160 1666.3889 683.6702 2547.8071 2697.9933 3730.4927 3430.4578 1622.9017 3182.3257 2852.9823 3761.3339 2592.5765 655.1954 2597.8685 965.5719 3395.1096 2193.9562 3469.1799 3828.9190 2676.1362 2806.0658 3274.3392 3304.9551 3551.2236 2102.6709 1588.2711 1956.5342 1661.1327 3684.9016 1192.6613 2820.3049 2287.5509 3032.3478 3407.4725 1792.3462 3424.2729 1037.3548 664.1160 3214.2489 2322.8915 2831.2418 1710.0424 3261.9798 2985.0092 1149.3207 709.4618 2105.6270 3076.4046 2760.0002 1577.9103 946.1765 1627.6492 1201.6909 429.0839 3713.3248 1234.0024 2403.9784 3829.7533 2743.9023 284.6085
999.2022 2476.1551 1693.6971 2350.4521 823.7293 1970.6410 930.7980 515.0971 1097.6229 567.7332 2497.5438 911.0576 1479.0352 857.9137 968.1333 1118.2777 404.4676 2425.9452 2038.9507 960.8101 1004.5029 1539.4655 1063.7692 2551.8135 0.0000 1525.6923 1889.8095 1332.6492 2657.6962 1124.7471 815.5961 992.4963 1268.9310 2142.1113 530.6374 1284.4629 2222.6050 1297.7219 1644.2922 348.5398 1716.2337 890.0809 1885.0552 923.4831 155.6663 1703.8897 1285.8075 967.8688 689.4005 650.5905 1323.9052 786.9848 2351.3071 102.0049 1770.7527 886.6820 610.1967 920.6503 1281.3684 779.5672 1110.2004 729.4580 763.7486 1002.0863 451.6691 1107.3432 2040.3887 1276.4772 1331.0883 2106.4807 1150.4017 1026.0005 1075.0781 987.3080 1623.2772 922.5839 2427.3156 2454.5896 1434.5801 534.8093 1291.6137 2005.7779 971.6995 447.4640 2359.0358 1904.8611 1724.1871 559.3612 1228.1551 980.5208 1688.0385 1874.2876 1449.2429 2144.4377 1161.5959 2398.8818 305.2868 1313.1222 203.7253 2616.4957
909.3756 3829.5662 530.0651 3689.6507 1854.9137 3146.1794 1051.4837 1524.4363 2575.3099 2092.9300 3831.4660 1271.9611 2812.9803 779.6416 1936.7573 408.7958 1596.3161 3153.1624 2787.9779 1948.2672 1026.3045 2255.5321 1816.1569 3310.0014 1525.6923 0.0000 3323.4658 1958.1126 3480.8347 2265.8828 2185.2615 1364.2764 1910.7970 3252.9350 1300.1558 1721.1188 3389.2046 1745.7746 2482.0355 1354.8480 3164.6303 1907.8881 2657.0363 810.9501 1546.8513 467.4238 489.6121 1847.1202 1790.4776 2082.2020 1101.0922 845.4230 3389.3038 1603.4070 2873.3096 1831.2859 2091.6455 1466.0894 1592.6437 2284.2193 529.1200 1611.1642 1365.7119 1660.5204 1741.2111 2377.8398 3481.0954 1649.0982 888.9325 3343.6322 504.3659 1030.3640 450.6995 983.1724 3041.9405 1204.4982 3598.0864 3492.0282 102.8834 2046.7232 480.6672 3395.1194 753.0186 1589.5361 3571.1938 2604.8618 3204.2753 1259.3872 550.0036 1958.7164 2733.4003 3247.1780 2577.2873 2887.8244 1632.1765 3634.0497 1820.8067 1386.3481 1554.7659 3486.3329
2882.4373 658.6562 3572.9162 583.2709 1544.7259 851.0758 2796.8062 1808.0003 800.4324 1424.1970 712.6324 2719.7562 585.7141 2552.5932 2366.3867 2922.9651 2088.3127 1876.8340 1704.0012 2345.6513 2871.8040 1701.3083 2587.0031 1885.6903 1889.8095 3323.4658 0.0000 2812.9490 1831.3648 1191.1692 1138.2570 2765.2047 1827.7664 1041.1210 2369.3383 2908.4554 938.1668 2043.2567 1514.9340 2203.7686 181.6205 1516.2612 1635.7472 2551.8003 1953.2015 3575.9290 3165.5655 1642.2259 2180.6433 1706.2638 3175.5940 2482.7052 1275.9675 1854.7089 1017.3323 2366.1541 1279.7281 2648.4956 2971.6065 1425.2021 2820.8724 2372.8500 2544.5385 2624.6998 1582.6828 998.3892 158.9025 2122.4990 3212.0697 719.4811 2855.6645 2451.8942 2892.4006 2862.0847 283.4802 2752.2240 1025.4643 1325.4169 3222.8633 1370.3711 2958.0876 218.0482 2860.8286 2129.8122 892.3284 1751.6906 290.0155 2408.3200 2878.9521 1511.2594 1143.4798 258.3060 1041.5052 1742.8141 2817.5651 860.5684 1590.7042 3089.7977 1976.3896 1727.2435
1052.3977 3467.2955 1722.9846 3370.0429 2153.4438 3164.2813 918.6104 1837.2079 2065.3896 1457.5901 3511.6932 706.8239 2597.9263 1777.5697 449.1770 1704.5472 931.8412 3746.2483 3363.4592 468.9840 933.1345 2872.0146 269.6164 3865.3696 1332.6492 1958.1126 2812.9490 0.0000 3956.5168 2408.8939 2014.4620 600.3541 2595.1717 3360.6078 917.8290 260.1634 3404.1253 2598.3826 2967.4476 1051.1070 2633.1122 2218.4720 3210.0506 1891.2115 1179.0208 1784.8053 1477.4305 2300.4426 689.2380 1117.4301 939.7516 1742.8302 3592.7768 1272.6905 3017.3904 476.6812 1718.7559 533.7200 405.3899 1389.6334 1885.7203 605.4131 695.4207 359.6623 1768.6811 2330.3864 2930.3611 2559.7851 1141.8380 3246.5867 1916.9189 2127.8452 1649.9348 978.4360 2610.8123 768.2376 3593.2421 3691.4994 1924.5597 1588.8578 2059.6126 2990.8984 1226.8309 886.6217 3499.9731 3235.1980 2559.0008 926.3439 2041.4801 2309.2598 2962.6940 2897.7405 2709.3551 3467.6772 326.0138 3518.9754 1465.5763 647.3855 1131.4000 3905.1023
3519.9526 1578.5858 3927.9003 1485.5921 1850.8930 997.6277 3508.6009 2223.8678 2091.0019 2551.8374 1503.0083 3548.5412 1545.4113 2783.8658 3535.0905 3188.5351 3035.8480 356.7927 693.0462 3520.4944 3572.6300 1234.7927 3688.9223 204.9805 2657.6962 3480.8347 1831.3648 3956.5168 0.0000 1547.6321 1958.4795 3641.2772 1583.0985 791.8838 3173.3429 3939.3426 906.5285 1735.0726 1041.8493 2994.8624 1893.7120 1782.5860 830.6263 2708.0742 2800.0259 3894.3889 3584.0460 1753.4141 3269.6061 2919.1035 3893.9104 2745.4184 560.2946 2697.5018 987.4867 3482.9312 2262.9266 3578.0151 3938.6058 2726.8766 2971.2062 3372.8475 3416.9819 3651.1973 2206.2498 1648.4587 1887.1410 1832.4642 3825.6828 1118.8253 2987.0007 2454.0130 3190.0157 3539.3392 1768.1504 3545.7290 912.4933 539.1410 3383.8536 2393.3813 3003.8990 1642.4914 3403.4408 3082.9358 1035.4598 876.2083 2069.3308 3193.0265 2931.2567 1696.5895 1001.8089 1576.3645 1259.8571 593.6329 3818.1632 1114.5102 2491.1261 3950.0016 2844.9220 113.0000
2059.4400 1582.1454 2610.1069 1438.2076 411.2055 893.8467 2022.5669 774.2900 779.6871 1034.5516 1575.4939 2032.1048 609.1051 1489.0373 1990.1523 1894.0098 1490.5925 1355.2837 993.3579 1976.1710 2092.1075 650.0354 2141.3372 1462.9969 1124.7471 2265.8828 1191.1692 2408.8939 1547.6321 0.0000 442.8329 2116.9376 653.3315 1037.0000 1651.9685 2396.7739 1144.8166 859.4242 612.2949 1470.3279 1084.6059 359.5608 848.5004 1458.2445 1259.9587 2595.6656 2221.5843 458.4692 1722.4729 1396.9180 2416.8734 1428.4849 1231.0829 1155.2026 655.1618 1935.7161 739.6675 2043.2574 2403.6624 1248.6108 1739.6807 1827.6556 1888.4957 2106.5709 676.4355 228.9651 1345.4226 933.6220 2384.0411 1078.6607 1769.1399 1303.8271 1876.6419 2065.5268 921.5883 2037.6891 1354.9601 1335.3239 2163.0025 865.3768 1847.2363 1192.9061 1976.0506 1537.8739 1312.8572 910.8853 1204.3774 1676.6291 1766.7068 328.3245 563.3205 1038.0800 333.0240 1089.7179 2277.5041 1371.1287 943.7033 2435.1530 1303.4109 1498.5546
1808.8726 1677.1061 2451.8004 1546.0796 503.7748 1168.2470 1746.2262 675.1726 458.1539 597.2102 1692.5874 1717.0559 666.0826 1415.4028 1582.2418 1785.7911 1125.5918 1789.6986 1434.7937 1566.6720 1819.6992 1067.4629 1751.5416 1889.7114 815.5961 2185.2615 1138.2570 2014.4620 1958.4795 442.8329 0.0000 1788.1840 971.9161 1353.3108 1340.1347 2028.8110 1417.3398 1133.8205 1054.8877 1160.0349 982.8047 513.6390 1291.1150 1419.7521 922.1545 2450.0467 2047.3827 667.1739 1325.3415 963.2990 2139.4812 1345.0071 1579.5708 814.5981 1002.9337 1537.8739 304.6851 1697.4245 2052.5521 805.8697 1684.6531 1457.0251 1557.5330 1734.8775 445.6546 315.9272 1296.1254 1179.2442 2140.6926 1292.0139 1720.1038 1349.4065 1756.5107 1801.1385 856.8372 1734.0934 1618.6321 1679.4859 2084.6076 434.9023 1827.6118 1219.8639 1760.1412 1172.7391 1545.4672 1352.7679 1043.5880 1372.0525 1749.5142 565.3901 956.9666 1078.6552 699.7385 1529.4345 1915.6054 1583.6114 564.6211 2114.5054 958.9187 1899.1622
455.0890 3392.8915 1187.2830 3277.9390 1792.3406 2954.6677 318.2766 1431.9804 1969.9211 1341.0720 3424.3589 116.2110 2434.7394 1213.5934 640.4881 1105.4845 680.0684 3393.9448 3003.1805 658.3168 338.7108 2479.7647 464.2499 3526.3234 992.4963 1364.2764 2765.2047 600.3541 3641.2772 2116.9376 1788.1840 0.0000 2170.3458 3131.5204 467.9370 396.2323 3205.0139 2135.7240 2613.7884 647.5037 2584.1952 1860.4819 2849.6175 1329.6112 867.0669 1239.7762 892.8527 1910.9738 638.0470 1104.3482 468.2499 1188.9836 3343.4727 974.7082 2762.6527 554.3735 1531.0052 140.1856 321.1791 1386.1154 1295.3092 415.9327 230.7054 308.8721 1441.6026 2092.2036 2902.3957 2082.5765 616.8865 3076.6882 1324.7615 1586.1021 1051.2944 381.1588 2524.0555 169.0976 3406.8085 3446.5567 1326.5161 1416.1476 1464.5166 2913.2212 626.5054 636.6420 3331.2065 2855.9834 2548.9390 450.4420 1450.6226 1948.4650 2680.0785 2796.8062 2441.5610 3109.9871 281.5138 3364.7902 1227.1141 328.0137 829.2653 3604.0490
1975.6561 2133.0284 2345.2318 1986.5903 511.9414 1334.5411 1986.0587 757.9796 1397.7389 1452.3736 2109.9386 2065.2099 1242.2226 1201.3134 2234.7841 1605.5706 1673.2782 1277.5179 893.4305 2226.2637 2043.1525 348.3676 2328.2725 1427.2862 1268.9310 1910.7970 1827.7664 2595.1717 1583.0985 653.3315 971.9161 2170.3458 0.0000 1391.2861 1714.9117 2517.4092 1551.0722 222.0721 573.2757 1553.8217 1733.2017 472.7050 752.7237 1125.3999 1424.5877 2313.0054 2003.2786 330.9260 1955.1944 1767.1950 2354.9762 1165.3004 1493.2947 1343.9929 1039.7928 2155.5577 1187.8931 2136.2867 2486.1852 1707.3187 1392.4715 1989.7691 1963.7846 2251.6574 883.0476 877.6725 1977.3973 316.4427 2265.2404 1563.5399 1410.6204 880.5254 1607.0261 2004.7696 1567.4148 2048.9434 1750.2768 1593.3826 1811.4729 1280.5815 1442.1872 1800.8367 1842.5705 1715.4620 1752.3927 719.7569 1857.3791 1723.7323 1365.8686 406.9705 880.8768 1647.4878 819.7494 998.2950 2390.4663 1828.8466 1241.9605 2453.1873 1472.6554 1580.0620
3095.9577 907.8992 3630.8331 781.9565 1430.7680 217.1106 3055.6440 1807.1115 1370.4879 1909.7754 851.1557 3053.1474 804.9149 2490.8828 2920.7473 2902.2067 2478.0414 863.0371 809.9117 2903.7488 3126.0878 1099.8314 3100.9373 850.1653 2142.1113 3252.9350 1041.1210 3360.6078 791.8838 1037.0000 1353.3108 3131.5204 1391.2861 0.0000 2672.7344 3382.1135 184.5481 1602.1364 848.6613 2490.5929 1103.0925 1368.3863 818.0098 2443.0641 2265.1545 3611.5754 3249.7941 1407.2502 2673.3986 2270.3905 3450.6072 2436.5094 254.5624 2157.7776 384.9805 2884.2902 1642.1964 3046.9985 3404.1011 2044.3894 2724.0151 2810.3274 2901.1144 3088.1337 1704.6765 1041.2685 1106.4615 1702.6406 3421.0286 345.3259 2748.9651 2240.8650 2890.1848 3100.6790 984.1646 3063.3057 360.6272 338.4627 3150.6883 1771.7680 2804.6741 860.0244 3012.3448 2525.3136 393.2086 936.1501 1278.3090 2700.3633 2725.4200 1303.6840 520.2547 784.9490 704.0114 804.4924 3268.6636 481.8724 1917.0083 3454.7412 2304.9566 691.0724
535.3065 2978.5809 1312.5616 2857.7370 1324.6924 2500.6083 429.5544 968.1038 1568.9079 959.7692 3004.7963 380.5916 1997.6058 890.1640 693.0700 940.1771 321.4747 2927.3391 2536.9588 698.0917 504.3352 2017.1827 673.0713 3058.9148 530.6374 1300.1558 2369.3383 917.8290 3173.3429 1651.9685 1340.1347 467.9370 1714.9117 2672.7344 0.0000 804.3289 2752.2545 1695.6444 2146.6451 182.1648 2190.7830 1392.7828 2383.2526 997.9263 422.2985 1341.6408 926.2921 1446.4142 495.0687 821.6690 808.3916 844.8367 2880.7959 527.9706 2300.6471 585.9497 1103.3712 421.6171 773.8559 1071.2838 1053.0475 358.6990 249.1104 558.8390 975.7382 1637.1698 2513.6511 1650.5423 851.9460 2632.1187 1090.0165 1216.1188 885.1243 500.4608 2114.7636 394.0013 2956.2437 2984.3073 1231.4625 1000.2685 1241.1454 2502.3439 586.5970 300.8920 2885.5630 2391.9013 2175.2299 44.5533 1204.1233 1481.0054 2214.6173 2377.9508 1978.6675 2643.6235 676.9380 2923.1069 791.1359 783.3071 393.8020 3136.3970
826.4636 3555.0951 1465.7138 3450.3014 2106.2348 3193.7265 703.9574 1765.1244 2135.9384 1510.1715 3594.4193 511.8252 2644.6058 1608.4940 568.9402 1492.5656 907.3792 3710.1193 3322.2837 591.0744 705.8449 2812.7206 331.8795 3836.2014 1284.4629 1721.1188 2908.4554 260.1634 3939.3426 2396.7739 2028.8110 396.2323 2517.4092 3382.1135 804.3289 0.0000 3439.1513 2499.3441 2928.3118 964.9585 2727.0873 2173.2789 3168.3346 1724.2604 1139.3652 1528.7331 1235.4408 2239.9252 730.7914 1202.5993 680.9479 1581.7768 3605.8633 1242.1723 3025.8529 544.8908 1746.0942 383.5675 145.2309 1486.5329 1689.6420 572.0140 558.1872 294.2686 1734.1378 2342.3211 3034.2724 2452.0247 886.0209 3293.7337 1718.3006 1976.6841 1439.4235 753.7334 2689.4401 563.0435 3634.4859 3706.8840 1693.7016 1620.4499 1855.9776 3075.3592 1008.2584 859.9517 3548.5677 3183.9015 2667.7275 800.8957 1844.5926 2263.2905 2957.9846 2972.2559 2710.2952 3428.1103 127.4755 3573.8888 1466.2486 387.2325 1094.4647 3894.6996
3193.0023 729.2770 3752.8614 609.2438 1549.5344 253.0711 3145.5534 1919.1066 1374.2900 1947.0203 669.4834 3131.3647 812.5429 2620.6589 2959.7914 3030.1541 2541.3007 1023.8755 993.7932 2941.9526 3217.2244 1271.7268 3148.8363 993.3303 2222.6050 3389.2046 938.1668 3404.1253 906.5285 1144.8166 1417.3398 3205.0139 1551.0722 184.5481 2752.2545 3439.1513 0.0000 1765.5325 1022.0020 2570.6655 1026.0902 1490.1091 1001.8792 2578.2824 2338.1670 3736.4123 3366.2472 1542.3557 2721.2471 2300.2785 3540.7321 2563.7613 346.3409 2230.4964 518.4747 2929.6478 1693.1465 3114.5147 3468.4166 2060.2587 2860.1322 2869.1800 2974.3108 3144.8962 1796.0902 1115.2623 982.1736 1865.0869 3520.9051 218.8333 2886.4561 2386.3734 3015.6634 3194.0056 929.4138 3145.1531 210.2808 387.2531 3286.5966 1820.0132 2948.0422 739.5404 3117.7994 2588.1942 210.2784 1120.3950 1196.9294 2781.9597 2868.2685 1431.8973 671.0030 692.3503 817.0202 985.1832 3328.8875 297.8003 1981.3059 3530.6522 2375.8883 798.0056
1898.8841 2354.9527 2202.6793 2208.5237 640.4498 1553.2019 1925.0790 784.9490 1576.1250 1560.3349 2331.4238 2026.0010 1457.5682 1078.7817 2264.0512 1468.2851 1696.0425 1410.5035 1042.3483 2257.5708 1976.6325 522.2452 2336.0105 1565.9662 1297.7219 1745.7746 2043.2567 2598.3826 1735.0726 859.4242 1133.8205 2135.7240 222.0721 1602.1364 1695.6444 2499.3441 1765.5325 0.0000 767.1434 1547.6208 1943.6070 620.3563 914.8579 989.4145 1451.6122 2165.2958 1880.8139 466.8404 1986.4836 1849.8913 2278.1381 1054.0270 1691.0237 1383.1706 1257.7317 2177.8955 1316.1588 2115.8329 2455.6793 1821.5062 1240.7195 1996.2107 1941.3753 2246.5371 965.4662 1077.7314 2194.1960 101.8430 2171.0113 1783.7043 1254.3883 721.9481 1476.1684 1935.1251 1779.2990 2002.6944 1962.2296 1788.9103 1649.0682 1394.5842 1269.3384 2021.0010 1752.1535 1735.0648 1968.6310 859.1310 2062.5385 1698.7540 1196.2195 576.3862 1097.3149 1867.3114 1041.6530 1142.1265 2371.8687 2046.2776 1321.9841 2401.4704 1498.9496 1742.7082
2478.3430 1674.7827 2905.3036 1531.4314 822.9004 839.6100 2469.3841 1186.6701 1350.7557 1641.7600 1637.6788 2517.4719 973.5594 1756.0071 2565.7297 2165.5101 2036.6946 781.8523 396.1073 2553.3791 2532.5167 251.6446 2697.9077 912.9014 1644.2922 2482.0355 1514.9340 2967.4476 1041.8493 612.2949 1054.8877 2613.7884 573.2757 848.6613 2146.6451 2928.3118 1022.0020 767.1434 0.0000 1971.3379 1471.3616 755.3522 243.4790 1688.2950 1793.0390 2876.2206 2550.5333 712.2591 2291.1591 1999.6212 2852.9746 1713.1958 923.9264 1695.4746 551.9493 2502.3485 1347.4943 2558.5812 2917.7447 1860.7574 1960.4663 2370.7994 2393.2424 2645.9305 1199.0813 800.6260 1644.4832 868.9448 2784.0476 1079.1738 1980.1477 1452.5323 2163.0187 2498.5692 1303.5651 2511.5007 1208.7787 1022.3703 2382.0884 1469.7945 2015.2571 1428.8513 2362.0324 2082.7926 1230.6604 299.8416 1627.8698 2163.7089 1938.6397 666.0105 392.5010 1288.1401 497.3630 500.4498 2804.5427 1313.9014 1518.7156 2916.9061 1839.6676 1024.2934
681.6223 2806.2231 1429.8091 2683.7520 1148.5687 2318.8795 594.5057 800.1706 1404.1083 809.9660 2830.8771 562.7379 1819.6497 838.4032 760.9954 968.9112 250.0600 2752.7532 2363.1098 760.8758 669.3415 1848.3209 791.8036 2882.7764 348.5398 1354.8480 2203.7686 1051.1070 2994.8624 1470.3279 1160.0349 647.5037 1553.8217 2490.5929 182.1648 964.9585 2570.6655 1547.6208 1971.3379 0.0000 2026.4950 1216.4160 2209.2453 935.9364 250.5674 1451.3442 1030.1345 1275.9506 514.3822 728.3214 982.5197 782.1387 2698.7673 352.1491 2118.5412 660.6186 930.7739 588.1165 946.4190 951.2229 1039.0019 454.3138 422.3079 699.6721 794.3759 1455.4714 2350.2089 1508.9288 1008.8112 2452.0018 1078.1651 1122.9573 916.9062 658.3168 1945.2036 574.6347 2774.9495 2802.2380 1276.4090 833.4417 1229.2152 2331.5859 694.6654 258.3796 2705.1554 2220.9710 2018.0904 212.0212 1181.9514 1305.3341 2033.1852 2204.8732 1796.6316 2469.5135 838.7401 2743.5120 617.3816 965.2865 231.6722 2956.7567
2706.1495 835.3742 3403.3425 749.9953 1414.0014 897.3673 2618.7992 1656.9602 622.3906 1243.3443 885.0836 2539.4960 504.0605 2397.9345 2186.1089 2761.9676 1907.8218 1905.8835 1698.4587 2165.4510 2693.7981 1638.0488 2406.0251 1929.6160 1716.2337 3164.6303 181.6205 2633.1122 1893.7120 1084.6059 982.8047 2584.1952 1733.2017 1103.0925 2190.7830 2727.0873 1026.0902 1943.6070 1471.3616 2026.4950 0.0000 1391.1039 1615.5993 2401.7895 1775.9848 3407.8395 2995.5956 1524.3792 1999.0840 1525.0738 2996.2945 2327.2045 1349.4906 1678.5246 1013.9176 2185.0330 1106.1257 2467.1248 2789.9901 1244.6112 2667.4177 2191.2930 2363.9886 2443.1302 1423.6913 876.7605 324.2345 2017.9049 3035.1754 809.6005 2702.9084 2314.1834 2730.0412 2684.7393 169.3192 2572.5172 1140.3179 1409.8624 3064.6647 1193.1324 2809.2597 370.3741 2687.8501 1949.1008 1012.2628 1727.0026 176.0824 2230.0800 2730.7261 1394.5727 1120.7872 338.0237 981.1447 1747.5769 2635.9827 992.5825 1415.3932 2908.5618 1798.3198 1794.1594
