0.0000 31.0000 309.2604 1210.0103 1150.7945 150.0133 181.0110 598.2057 696.6498 299.0067 331.0060 488.2592 1275.1133 1227.0962 472.8858 763.4664 845.9935 818.8492 715.0175 624.2387 579.3669 610.1451 660.7057 746.7402 846.6906 870.1753 773.2664 690.5447 641.9385 716.6603 757.2503 786.6410 849.3680 1461.4903 1428.4005 1084.2149 1146.6865 1654.6846 1631.3764 1220.3790 1356.5312 1408.7076 1423.8293 1366.7575 1317.4980 1481.5306 1426.7687 1379.6536 1357.8365 1441.8825 1487.0272 1539.6474 1598.1342 1547.5041 1504.1755 1566.5251 1608.1747 1656.9520 1673.1662 2123.0942 2114.8437 1932.6099 1972.0763 2045.9660 2382.2363 2379.0193 2130.2188 2160.2252 2228.2572 2263.6577 2182.1554 2226.4108 2253.4405 2288.5056 2326.2401 2291.7524 2265.1799 2269.1111 2296.0020 2322.2218 2356.2636 2300.0961 2340.5805 2343.7410 2418.0426 2451.3037 2743.7657 2744.8461 2627.1601 2658.4857 2693.0007 2724.0007 2756.2658 3022.5832 3026.7099 2843.0007 2874.0007 2927.8588 2956.8302 3189.3940 2992.0007 3024.0007 563.0719 1141.8428 1742.8396
31.0000 0.0000 302.8283 1207.5868 1147.3818 119.0168 150.0133 587.8818 687.4896 268.0075 300.0067 464.1401 1265.3146 1216.0954 442.4387 742.6991 827.0006 797.3864 690.3340 595.8062 548.6137 579.3669 632.0008 721.4666 824.4865 847.4161 747.5627 661.6351 611.1383 686.3680 726.6450 755.9134 820.4249 1444.1749 1409.9975 1057.7736 1121.4977 1633.5954 1609.3850 1189.5714 1328.3471 1381.4087 1395.6049 1337.3291 1286.9437 1453.0829 1397.2065 1349.0593 1326.9261 1411.2533 1457.3472 1511.0013 1569.3113 1517.7200 1473.5159 1535.8385 1578.2981 1627.9708 1642.2448 2097.6449 2088.8190 1902.9561 1942.8973 2015.3039 2355.5469 2351.8716 2099.2811 2129.2722 2198.2623 2234.0271 2151.1720 2195.6001 2223.0045 2258.5422 2296.2426 2261.2974 2234.3628 2238.1264 2265.1799 2291.7524 2326.2401 2269.1111 2309.6017 2312.8046 2387.0561 2420.5382 2715.9494 2716.6871 2596.8783 2628.4705 2662.0008 2693.0007 2725.4508 2994.1787 2998.0240 2812.0007 2843.0007 2897.4351 2926.6230 3160.7134 2961.0007 2993.0007 533.2401 1111.9541 1712.3075
309.2604 302.8283 0.0000 906.5302 845.3508 309.2604 317.8128 292.4996 388.4907 372.8284 392.5621 307.0000 966.9953 920.6242 440.8685 511.9385 576.7538 571.5523 511.7538 499.1513 545.8938 574.2064 537.8197 549.6372 605.7070 634.1490 580.8313 569.6613 603.7094 639.8312 693.0527 728.1552 716.0000 1174.8787 1147.8197 888.8757 931.2400 1390.6333 1374.7891 1145.9411 1185.8537 1219.9463 1252.6197 1226.4893 1222.5551 1314.0567 1289.1722 1285.4299 1290.1295 1348.3164 1351.8846 1375.6351 1437.3368 1414.6226 1411.2130 1474.1184 1477.3828 1499.1464 1600.2690 1899.0516 1898.4336 1789.9835 1815.4572 1945.0000 2173.8013 2177.7771 2053.6392 2085.8679 2094.2025 2117.1774 2114.3292 2134.7086 2137.7165 2152.8149 2191.4801 2176.6499 2173.6959 2200.8419 2204.6861 2207.5987 2222.2223 2231.6774 2270.0152 2264.9724 2349.0909 2354.0000 2552.2210 2559.7926 2501.5483 2522.1142 2631.2729 2662.0717 2661.0000 2841.3175 2851.4602 2780.3412 2811.1610 2807.0670 2826.2790 3013.4220 2928.5099 2960.3422 487.6433 1023.0000 1638.0000
1210.0103 1207.5868 906.5302 0.0000 70.6612 1207.6626 1209.0864 654.1598 555.0099 1221.7078 1227.0656 947.1072 307.0000 344.8043 1173.9617 765.1248 686.0466 776.6009 908.0887 1068.4891 1225.6349 1237.7286 1085.1438 928.6636 800.5623 821.0846 946.4122 1100.3713 1250.8957 1210.1310 1260.4019 1290.5460 1135.8085 717.0000 750.6484 1043.1093 989.8813 1024.0000 1056.8794 1537.4167 1298.1495 1257.7329 1341.8662 1422.0130 1544.0032 1397.9943 1475.0946 1593.0251 1662.5718 1643.0003 1528.9294 1454.6852 1511.8757 1583.4406 1693.8444 1745.4816 1638.5606 1569.5111 1900.5394 1638.0000 1671.1879 1856.0485 1830.6939 2117.6005 1945.0000 1978.0035 2282.8265 2317.7096 2146.5146 2125.7848 2361.1432 2312.1700 2242.9911 2193.0556 2230.4816 2279.5973 2347.6978 2437.8105 2376.0156 2308.7505 2260.2683 2465.2945 2494.1135 2466.4908 2570.6429 2493.4244 2355.0000 2386.8316 2540.5049 2524.3140 2851.0942 2879.2091 2781.6786 2662.0000 2693.7368 2987.6643 3016.0479 2838.4876 2824.8752 2843.0000 3124.5436 3154.0839 1141.3260 1343.4657 1844.7994
1150.7945 1147.3818 845.3508 70.6612 0.0000 1144.0280 1144.6646 587.3074 487.2833 1154.7229 1159.5072 877.6018 282.1241 307.0000 1104.2939 694.8187 616.7309 707.0856 837.6025 997.8427 1155.2186 1167.1919 1014.4890 858.4131 731.6181 752.6599 876.4160 1029.7670 1180.2784 1139.5306 1189.8790 1220.1000 1066.3292 687.8910 716.0000 979.4172 929.1857 993.9985 1023.0000 1470.7498 1239.6471 1202.3997 1284.9630 1361.1532 1479.4367 1341.9691 1415.0933 1529.2103 1597.0423 1579.9282 1469.7544 1399.4892 1457.4625 1525.0590 1631.5024 1683.8542 1580.9396 1515.8371 1838.5606 1607.2352 1638.0000 1804.7584 1782.1383 2062.1768 1914.0371 1945.0000 2225.3809 2260.2657 2097.6449 2079.3965 2303.1635 2257.3092 2191.6044 2145.1158 2182.7920 2228.4948 2293.1428 2380.5287 2321.6987 2257.8685 2212.7725 2408.2546 2437.6105 2410.9869 2514.4912 2441.1739 2323.8541 2354.0000 2494.0958 2480.0907 2795.7713 2824.0857 2731.3464 2630.7545 2661.0000 2933.2809 2961.8508 2793.5127 2781.8988 2811.7059 3071.0317 3100.7515 1070.9108 1277.5950 1786.4137
150.0133 119.0168 309.2604 1207.6626 1144.0280 0.0000 31.0000 564.5264 666.6851 149.0000 181.0000 382.4879 1236.1788 1182.4284 327.0612 672.0275 763.1861 723.0837 602.4566 490.5609 431.2238 461.8062 525.1781 630.5751 746.6733 766.9687 654.4807 553.6533 493.4298 571.3160 609.9213 638.5264 711.7767 1383.8996 1345.3624 959.9802 1029.0471 1557.2749 1529.3662 1071.6646 1222.3408 1279.2205 1289.3510 1225.7773 1170.2500 1345.7968 1285.0187 1232.1640 1208.4833 1294.1828 1344.6018 1402.8008 1460.2976 1404.4832 1356.2920 1418.4798 1464.6262 1518.2312 1523.7326 2002.6115 1991.3905 1790.1735 1832.1662 1898.0192 2255.1882 2249.6011 1980.6746 2010.5842 2083.9314 2121.2718 2032.3115 2077.6152 2106.7268 2144.3400 2181.8866 2144.9319 2116.3459 2119.2577 2147.1388 2175.3202 2211.7672 2150.2395 2190.7681 2194.2019 2268.1750 2302.7570 2610.7612 2610.0674 2481.2517 2513.9996 2543.0000 2574.0000 2607.4319 2886.4741 2889.1426 2693.0000 2724.0000 2781.1683 2811.2974 3051.8286 2842.0000 2874.0000 421.0107 998.4513 1595.6472
181.0110 150.0133 317.8128 1209.0864 1144.6646 31.0000 0.0000 561.9119 664.1461 118.0000 150.0000 364.1785 1229.8557 1174.9723 297.3214 655.4708 748.3168 705.3092 581.0034 463.9623 400.7056 431.2238 498.0010 608.1266 727.8145 747.2951 631.3113 526.0618 462.7937 541.4804 579.5593 607.9613 683.8106 1369.0015 1329.3100 935.0000 1005.5372 1537.8745 1508.9705 1040.9227 1194.8833 1252.8120 1261.8039 1196.7677 1139.8281 1317.9476 1255.8224 1201.6842 1177.6014 1263.6534 1315.2433 1374.6858 1431.9476 1374.9829 1325.7198 1387.8703 1435.0014 1489.6728 1492.8309 1977.9631 1966.0969 1760.7618 1803.3020 1867.4180 2229.0637 2222.9647 1949.7490 1979.6404 2054.0927 2091.8473 2001.3318 2046.8366 2076.3798 2114.5328 2152.0376 2114.5614 2085.5592 2088.2763 2116.3459 2144.9319 2181.8866 2119.2577 2159.7935 2163.2765 2237.1913 2272.0266 2583.3128 2582.2395 2451.0645 2484.1105 2512.0000 2543.0000 2576.6416 2858.3439 2860.7027 2662.0000 2693.0000 2750.8126 2781.1814 3023.3811 2811.0000 2843.0000 392.2308 968.9386 1565.2147
598.2057 587.8818 292.4996 654.1598 587.3074 564.5264 561.9119 0.0000 102.2399 567.5535 573.2757 312.2963 677.4452 628.9555 535.9412 307.0000 331.1027 362.7947 386.0052 480.5206 607.6084 626.5724 509.9274 422.7966 401.7176 433.6646 453.2604 535.4568 647.1236 637.3727 693.3296 728.2431 637.4355 891.2418 869.4331 716.0000 731.1498 1124.9698 1116.3301 1086.5657 1023.0000 1036.0333 1086.2652 1094.2358 1137.6805 1149.2506 1156.7874 1197.9658 1229.1176 1258.5170 1219.3851 1212.2376 1275.2259 1282.0222 1319.2975 1380.2771 1344.6933 1338.2152 1521.3208 1665.3951 1671.9384 1637.0000 1648.1593 1829.5685 1951.9939 1962.5914 1959.6413 1993.3933 1944.0000 1954.6631 2027.6015 2024.6543 2004.4840 2000.1440 2039.1412 2043.3984 2063.1883 2112.1480 2093.8302 2074.3327 2070.1391 2142.3212 2177.9819 2165.1734 2257.3790 2235.1734 2342.8231 2356.2636 2354.0000 2364.2013 2542.6602 2572.9054 2540.3403 2639.2796 2654.8049 2689.1673 2719.4930 2661.0000 2670.9483 2815.1227 2835.0594 2866.4337 526.3079 926.2402 1526.3080
696.6498 687.4896 388.4907 555.0099 487.2833 666.6851 664.1461 102.2399 0.0000 667.6900 672.2276 398.2462 578.5715 532.7307 625.0200 316.8659 308.0000 363.4680 426.2875 548.4059 688.5674 705.0504 573.6942 459.2733 401.6466 433.0820 487.0031 596.1250 723.0657 702.4991 757.3856 791.2528 679.4623 815.0982 799.0025 716.2995 717.0000 1063.6409 1060.3707 1124.1788 1021.1072 1024.0000 1081.8156 1104.5076 1165.6423 1144.6606 1166.1304 1224.1916 1264.2931 1283.1625 1227.8929 1207.5218 1270.3968 1289.7752 1342.4995 1402.1562 1351.7607 1333.2835 1547.4010 1621.9494 1632.4708 1633.1883 1638.0000 1839.9620 1913.9386 1927.9652 1977.5149 2011.6705 1939.6837 1945.0000 2047.8332 2036.1577 2006.9243 1994.5258 2033.4965 2045.6588 2074.3464 2131.2916 2104.7228 2076.4549 2064.4740 2161.0972 2195.6288 2179.9782 2274.8426 2242.4123 2309.9699 2326.2711 2349.2154 2355.0000 2560.3316 2590.2867 2545.8680 2609.3371 2627.4037 2705.4940 2735.5594 2655.9593 2662.0000 2786.6153 2850.1847 2881.3165 605.3701 953.3981 1540.1471
299.0067 268.0075 372.8284 1221.7078 1154.7229 149.0000 118.0000 567.5535 667.6900 0.0000 32.0000 313.3209 1212.7543 1153.7920 187.8829 602.9610 701.4342 646.8392 508.4339 369.0542 285.4908 315.5598 399.6761 530.6166 664.4170 680.1720 550.2163 425.3528 346.7708 429.4240 464.7591 492.1148 580.1870 1317.4342 1273.2702 843.5763 920.1158 1467.6764 1434.8143 924.0628 1092.1035 1154.3804 1158.5443 1087.3495 1024.3456 1213.3400 1145.5558 1085.9342 1060.1137 1147.6759 1204.2446 1268.8976 1325.1211 1263.3487 1209.5474 1271.5298 1322.8125 1381.9294 1375.2454 1885.8552 1871.3891 1649.3399 1694.1222 1751.0642 2130.8179 2122.6587 1832.0549 1861.8711 1940.8465 1980.2841 1883.4152 1929.7440 1961.0520 2001.4048 2038.7334 1999.1343 1968.4321 1970.3528 1999.1928 2029.4297 2068.4489 2001.3318 2041.8972 2045.5808 2119.2577 2155.1234 2479.5977 2477.0032 2336.3529 2370.6001 2394.0000 2425.0000 2459.4882 2751.8318 2752.9533 2544.0000 2575.0000 2635.4024 2666.7317 2915.5728 2693.0000 2725.0000 286.9442 857.5605 1449.5948
331.0060 300.0067 392.5621 1227.0656 1159.5072 181.0000 150.0000 573.2757 672.2276 32.0000 0.0000 305.9837 1210.0599 1150.0696 160.3122 591.9814 691.6488 633.8462 491.7977 345.7759 254.6861 284.5242 374.9733 512.2675 649.8569 664.4170 530.6166 399.6761 315.5598 399.6261 433.9228 460.8872 553.0796 1304.9387 1259.5495 819.9543 898.2232 1449.7096 1415.7302 892.4237 1064.7751 1128.3342 1131.0389 1057.9948 993.1304 1185.4054 1115.9256 1054.6303 1028.2728 1116.2975 1174.3786 1240.5890 1296.4852 1233.2794 1178.1057 1240.0339 1292.5668 1353.0059 1343.3704 1861.3807 1846.1682 1619.2844 1664.7216 1719.5494 2104.5249 2095.7748 1800.1447 1829.9388 1910.2348 1950.1602 1851.4397 1898.0095 1929.8324 1970.8244 2008.1001 1967.8847 1936.6871 1938.3751 1967.4400 1998.1574 2037.7755 1969.3534 2009.9274 2013.6695 2087.2769 2123.4418 2451.6943 2448.6651 2305.3019 2339.8942 2362.0000 2393.0000 2427.7319 2723.1104 2723.8796 2512.0000 2543.0000 2604.1448 2635.7485 2886.4741 2661.0000 2693.0000 260.2787 827.6726 1418.3078
488.2592 464.1401 307.0000 947.1072 877.6018 382.4879 364.1785 312.2963 398.2462 313.3209 305.9837 0.0000 906.5302 845.3508 227.1783 292.4996 388.8547 341.1407 227.1497 197.1218 296.1503 316.8343 234.5400 260.4995 364.1977 385.0403 288.9221 265.7536 339.8353 348.8911 404.7283 440.5054 409.0000 1007.6294 966.1434 602.0374 659.2761 1174.8787 1147.8197 843.2995 888.8757 931.2400 956.1511 921.6534 916.4115 1016.4802 984.0996 979.1920 987.8426 1041.9990 1046.6122 1077.1151 1138.0070 1109.1799 1104.8280 1167.6755 1171.7939 1199.1168 1295.7044 1635.8117 1629.0749 1486.9082 1515.8588 1638.0000 1899.0516 1898.4336 1747.8058 1780.2253 1789.9835 1815.4572 1809.4223 1827.8277 1831.3397 1848.9416 1887.4883 1870.2492 1866.8104 1895.7605 1897.7971 1901.1799 1918.1410 1926.5391 1964.5809 1958.7519 2043.7576 2047.0000 2267.8353 2272.1683 2196.4428 2218.7305 2326.5532 2357.2961 2354.0000 2552.2210 2559.7926 2475.3687 2506.1415 2501.5483 2522.1142 2722.1912 2623.3256 2655.1168 217.1382 716.0000 1331.0000
1275.1133 1265.3146 966.9953 307.0000 282.1241 1236.1788 1229.8557 677.4452 578.5715 1212.7543 1210.0599 906.5302 0.0000 70.6612 1120.0290 654.1598 555.2090 641.7538 795.8417 974.8887 1144.9541 1149.6421 980.9842 804.4930 652.4515 662.8160 812.9213 987.9079 1155.3342 1093.5227 1136.2790 1161.1968 981.6924 410.0000 445.4773 824.2936 752.5530 717.0000 750.6484 1334.4126 1043.1093 989.8813 1079.2627 1177.4226 1322.1759 1131.3306 1225.3265 1365.0092 1447.2657 1409.3577 1274.5446 1184.4611 1238.5173 1324.9306 1455.0828 1502.0589 1376.3561 1293.3832 1658.0329 1331.0000 1364.4552 1571.8794 1540.2652 1844.7994 1638.0000 1671.1879 2016.8594 2051.6259 1856.0485 1830.6939 2097.0579 2036.9431 1958.0644 1900.6578 1937.5523 1993.8969 2071.4116 2170.7503 2098.9228 2022.4629 1966.9367 2197.2437 2224.0155 2192.9934 2299.1207 2210.2244 2048.0000 2079.9543 2244.9535 2225.5112 2576.2424 2603.6701 2493.4244 2355.0000 2386.8316 2709.6725 2737.4620 2540.5049 2524.3140 2536.0000 2843.8484 2872.8554 1063.4905 1135.8085 1584.5618
1227.0962 1216.0954 920.6242 344.8043 307.0000 1182.4284 1174.9723 628.9555 532.7307 1153.7920 1150.0696 845.3508 70.6612 0.0000 1056.1212 587.3074 487.4444 573.0244 727.9870 907.7869 1078.3863 1082.4463 913.0329 735.7404 582.8430 592.6972 743.5711 919.3547 1087.5486 1024.4769 1066.7600 1091.4032 911.2437 383.2140 409.0000 755.1748 685.2043 687.8910 716.0000 1264.8162 979.4172 929.1857 1017.3402 1112.0202 1254.0271 1070.5372 1160.8867 1297.5565 1378.6316 1342.6317 1211.0595 1124.7475 1179.8313 1262.3827 1389.1022 1436.8326 1314.7216 1235.6719 1592.7887 1300.5268 1331.0000 1517.4617 1488.8391 1786.4137 1607.2352 1638.0000 1956.6280 1991.4417 1804.7584 1782.1383 2036.3853 1979.4191 1904.1494 1850.4532 1887.6679 1940.3345 2014.2525 2110.8771 2042.0480 1969.1737 1917.2994 2137.6485 2165.0025 2134.9822 2240.5502 2155.6681 2016.9841 2047.0000 2196.7733 2179.7332 2518.7838 2546.4408 2441.1739 2323.8541 2354.0000 2653.2946 2681.2984 2494.0958 2480.0907 2504.7924 2788.4736 2817.6872 997.4392 1066.3292 1522.6533
472.8858 442.4387 440.8685 1173.9617 1104.2939 327.0612 297.3214 535.9412 625.0200 187.8829 160.3122 227.1783 1120.0290 1056.1212 0.0000 476.1869 578.4410 509.0275 356.4001 191.7003 111.0180 141.7956 217.1750 370.2999 518.8545 528.9329 384.2942 240.2603 173.6491 244.2642 284.8034 315.4061 392.7709 1176.0974 1126.7586 662.5896 743.9146 1303.7339 1266.9396 749.5385 904.5275 968.2283 970.8579 900.2650 844.6964 1025.4843 958.9213 906.9537 889.1440 969.3070 1018.0968 1081.0222 1137.3381 1077.7059 1031.7388 1094.2358 1137.6805 1194.3220 1204.4252 1702.4247 1686.5233 1463.5416 1507.0083 1573.4834 1944.2893 1935.4638 1661.6934 1692.3026 1756.8702 1794.6100 1716.0656 1755.1262 1780.5687 1817.2818 1854.8256 1818.8705 1793.9713 1803.0624 1824.8529 1849.3364 1884.7103 1834.0613 1874.0000 1875.0587 1952.0576 1979.4931 2291.7594 2289.1258 2154.5610 2186.9442 2229.7372 2260.7134 2284.9495 2564.0612 2565.4200 2379.6277 2410.6068 2454.9969 2484.4545 2728.0588 2528.5318 2560.5126 100.2646 671.6681 1269.9894
763.4664 742.6991 511.9385 765.1248 694.8187 672.0275 655.4708 307.0000 316.8659 602.9610 591.9814 292.4996 654.1598 587.3074 476.1869 0.0000 102.3132 60.0083 144.8482 320.7507 491.0896 495.5199 328.7263 163.6826 97.0155 128.2653 183.9348 339.2654 502.0637 448.1752 496.4524 525.7842 378.4508 715.2377 673.8939 409.0000 429.2936 891.2418 869.4331 812.9416 716.0000 731.1498 779.3696 790.4410 849.5658 842.3420 852.5960 907.6811 951.0021 966.4088 914.8667 905.3182 968.2975 977.2308 1025.6437 1085.3027 1039.6716 1031.2793 1230.7242 1387.5518 1388.3404 1330.0000 1341.8823 1526.3080 1665.3951 1671.9384 1661.2829 1695.3613 1637.0000 1648.1593 1731.2033 1722.0552 1698.2947 1693.1701 1732.1663 1737.1759 1760.4116 1814.8410 1790.9199 1768.0851 1763.1634 1844.7181 1879.4920 1864.6343 1958.7631 1930.5877 2049.4733 2060.2099 2047.0000 2057.5298 2244.2482 2274.2772 2235.1734 2342.8231 2356.2636 2389.7803 2419.9250 2354.0000 2364.2013 2517.3011 2534.8580 2566.0742 410.6446 637.4355 1224.9118
845.9935 827.0006 576.7538 686.0466 616.7309 763.1861 748.3168 331.1027 308.0000 701.4342 691.6488 388.8547 555.2090 487.4444 578.4410 102.3132 0.0000 91.0659 240.6346 420.6340 591.8691 595.1336 425.7758 251.1812 116.1034 141.4496 263.8560 433.3740 600.1666 540.4378 585.8746 613.1762 449.8144 620.7552 583.3190 413.7693 409.0000 814.3537 798.2042 864.2650 715.3097 716.0000 774.9355 806.3107 888.2128 837.6395 866.7479 943.4177 997.3751 999.5449 927.5263 900.3849 963.1635 988.5828 1056.4473 1114.0063 1049.8690 1025.9693 1263.6178 1335.7904 1341.2177 1325.9291 1330.0000 1539.1751 1621.0074 1631.5152 1682.6565 1717.1168 1632.1902 1637.0000 1755.1379 1735.8324 1701.4467 1686.8044 1725.7636 1740.0782 1773.7150 1837.3078 1803.8609 1770.7967 1756.7325 1866.6925 1900.0911 1881.9843 1978.9949 1939.0897 2011.9406 2025.9282 2041.5497 2047.0000 2264.2425 2293.9017 2241.4254 2308.9981 2325.2927 2408.0685 2437.8854 2348.2163 2354.0000 2485.2688 2551.6397 2582.5540 512.2197 678.6162 1242.8858
818.8492 797.3864 571.5523 776.6009 707.0856 723.0837 705.3092 362.7947 363.4680 646.8392 633.8462 341.1407 641.7538 573.0244 509.0275 60.0083 91.0659 0.0000 158.0000 340.0000 512.0000 512.9376 341.2360 162.7421 39.0000 71.0000 173.2195 346.3553 515.8614 451.9203 496.1391 522.8633 359.2436 671.1095 626.5541 354.8126 370.3080 836.2805 812.7613 780.1570 661.4356 673.5317 724.0000 741.0398 809.9043 787.0000 802.7036 866.6822 915.5337 924.2667 864.5600 850.0000 913.0000 926.5706 982.5162 1041.3189 988.7062 976.0000 1188.7224 1327.7097 1328.3471 1275.2259 1285.3688 1476.5693 1605.3922 1612.0251 1614.6833 1648.9236 1582.1820 1591.9121 1685.6393 1672.7119 1645.6026 1638.0000 1677.0000 1684.4266 1710.9208 1768.7264 1741.3170 1715.2924 1708.0000 1798.4215 1832.6770 1816.6045 1911.8337 1879.5797 1989.7196 2000.6804 1992.1446 2001.5204 2197.3049 2227.2014 2183.5478 2283.3513 2297.0557 2342.2316 2372.2618 2299.1253 2308.3182 2458.0008 2486.7879 2517.9011 435.1781 598.6527 1176.7838
715.0175 690.3340 511.7538 908.0887 837.6025 602.4566 581.0034 386.0052 426.2875 508.4339 491.7977 227.1497 795.8417 727.9870 356.4001 144.8482 240.6346 158.0000 0.0000 182.0000 354.0000 355.3548 185.1540 39.0000 162.7421 173.2195 71.0000 194.4274 359.5622 303.4007 352.3890 382.5624 253.5271 819.6975 770.8294 378.5129 432.1342 959.6254 928.5413 701.2311 674.4457 709.4061 741.0398 724.0000 752.4633 802.7036 787.0000 813.2613 843.3090 874.3712 850.0000 864.5600 926.5706 913.0000 935.7318 997.2968 976.0000 988.7062 1136.2592 1408.6621 1402.1819 1282.0222 1304.5248 1454.4679 1672.9614 1673.3897 1578.0627 1611.5126 1587.6650 1607.4190 1644.5522 1647.9700 1638.0000 1645.6026 1684.4266 1677.0000 1686.7395 1729.6141 1717.5637 1708.0000 1715.2924 1759.9693 1796.2787 1785.4613 1875.7079 1862.2674 2044.6271 2050.4463 1996.5019 2013.8759 2160.6140 2191.0112 2168.6634 2331.3535 2340.5284 2307.8460 2338.3178 2302.9019 2319.0397 2502.6554 2454.4282 2485.9465 277.8489 541.8533 1148.9299
624.2387 595.8062 499.1513 1068.4891 997.8427 490.5609 463.9623 480.5206 548.4059 369.0542 345.7759 197.1218 974.8887 907.7869 191.7003 320.7507 420.6340 340.0000 182.0000 0.0000 172.0000 174.7713 39.0128 186.1317 342.2295 347.3341 195.3586 71.0070 183.1748 157.2005 213.4338 248.8092 227.0154 994.4586 942.4914 474.5229 552.9629 1112.6208 1075.3144 647.2442 732.6507 788.8504 799.8600 746.5253 724.3652 857.3033 807.7704 787.3360 791.6578 850.3111 869.2664 915.4780 974.2530 930.9635 913.2897 976.2710 992.8243 1033.5260 1101.1181 1517.0277 1503.4048 1313.5757 1349.3750 1450.0817 1765.1753 1759.0750 1554.8254 1586.9307 1613.2514 1644.0268 1615.1842 1638.0003 1648.0801 1672.9148 1711.1192 1686.8471 1677.0003 1701.7147 1708.0003 1717.6694 1741.5120 1732.5588 1770.9729 1766.5028 1850.0130 1858.8437 2120.7414 2120.9531 2016.9085 2043.2141 2132.1231 2162.9207 2165.7241 2398.3855 2402.5372 2281.1946 2312.0177 2320.6157 2344.5624 2565.2150 2429.3855 2461.2245 99.2975 529.9670 1143.3722
579.3669 548.6137 545.8938 1225.6349 1155.2186 431.2238 400.7056 607.6084 688.5674 285.4908 254.6861 296.1503 1144.9541 1078.3863 111.0180 491.0896 591.8691 512.0000 354.0000 172.0000 0.0000 31.0000 177.3415 356.1418 513.4832 516.8994 361.0499 187.0027 63.0000 148.1891 179.2707 207.3307 316.8343 1161.6626 1107.7590 602.8764 692.2023 1264.2931 1222.7596 641.1030 821.6234 891.9983 886.7469 805.9107 739.1732 938.8892 862.9513 800.9806 779.6166 862.9606 920.7692 992.2923 1046.7631 979.2267 925.0784 987.3080 1038.2158 1102.1434 1095.0091 1631.5284 1612.1619 1365.1993 1412.1576 1466.8282 1864.4989 1852.8856 1552.2790 1582.6980 1655.5567 1695.9363 1606.0000 1647.1105 1675.8162 1716.1550 1753.4175 1713.9560 1685.8998 1693.0000 1716.7391 1744.2993 1783.0895 1724.0000 1764.0638 1765.7236 1842.0000 1871.9370 2204.0998 2199.3822 2050.9042 2085.2098 2119.2577 2150.2395 2176.9724 2472.4007 2472.0487 2269.1745 2300.1587 2350.2223 2381.2495 2634.5474 2418.1021 2450.0878 84.3090 574.2064 1164.5377
610.1451 579.3669 574.2064 1237.7286 1167.1919 461.8062 431.2238 626.5724 705.0504 315.5598 284.5242 316.8343 1149.6421 1082.4463 141.7956 495.5199 595.1336 512.9376 355.3548 174.7713 31.0000 0.0000 173.1849 354.0904 512.0625 513.5601 356.2527 177.5641 32.0000 122.9187 149.5761 176.7399 296.1503 1155.3342 1100.2477 585.2119 676.5065 1250.8957 1208.1068 610.2606 796.8965 868.9902 861.6223 778.1806 708.8371 913.0608 834.7766 770.5433 748.6421 832.4434 892.2315 965.8701 1019.8372 950.3894 894.4971 956.6744 1009.1288 1074.7879 1064.0385 1609.3850 1589.1246 1336.2934 1384.0535 1436.2131 1839.9883 1827.6767 1521.3050 1551.7120 1625.9597 1666.9076 1575.0000 1616.2852 1645.5288 1686.5921 1723.7923 1683.6365 1655.0665 1662.0000 1685.8998 1713.9560 1753.4175 1693.0000 1733.0649 1734.7544 1811.0000 1841.1716 2177.5759 2172.3584 2020.8080 2055.4953 2088.2763 2119.2577 2146.1454 2444.8951 2444.1461 2238.1908 2269.1745 2319.9069 2351.2286 2606.6003 2387.1165 2419.1017 100.2646 545.8938 1134.1539
660.7057 632.0008 537.8197 1085.1438 1014.4890 525.1781 498.0010 509.9274 573.6942 399.6761 374.9733 234.5400 980.9842 913.0329 217.1750 328.7263 425.7758 341.2360 185.1540 39.0128 177.3415 173.1849 0.0000 181.0000 339.0000 340.5070 183.8070 32.0000 174.6568 128.8177 183.9348 218.4491 189.1719 984.3221 930.5590 445.4773 527.4637 1092.6669 1053.5677 609.0164 697.2152 755.5058 764.2944 708.5097 685.4203 821.2338 769.5876 748.3849 753.5012 811.3550 830.9525 879.0006 937.4417 892.5452 874.3295 937.3073 954.3217 996.4387 1062.4975 1486.4310 1471.7201 1275.5081 1312.0309 1411.0723 1732.0514 1725.1472 1515.9960 1548.1360 1574.8251 1606.0791 1576.5209 1599.0000 1609.2116 1634.5403 1672.7119 1647.9700 1638.0000 1663.0229 1669.0000 1678.7859 1703.0802 1693.8577 1732.2208 1727.6140 1811.2808 1819.8313 2085.5987 2085.2645 1978.2401 2004.8466 2093.5035 2124.2919 2126.7113 2362.3050 2366.0357 2242.5336 2273.3491 2281.8468 2306.0167 2528.7234 2390.6903 2422.5227 118.6002 491.0896 1104.3704
746.7402 721.4666 549.6372 928.6636 858.4131 630.5751 608.1266 422.7966 459.2733 530.6166 512.2675 260.4995 804.4930 735.7404 370.2999 163.6826 251.1812 162.7421 39.0000 186.1317 356.1418 354.0904 181.0000 0.0000 158.0000 161.2079 32.0000 183.8070 354.8126 289.3873 334.9701 363.1597 220.5380 808.5598 757.3804 342.3171 400.0312 937.4433 904.2621 665.9444 636.2704 672.7526 702.9858 685.0000 715.0175 764.5051 748.0000 775.5830 807.4212 836.5082 811.0000 826.2475 888.1667 874.0000 897.7199 959.1632 937.0000 950.2279 1098.7602 1376.3561 1368.8115 1243.2425 1266.1880 1415.6186 1638.5606 1638.2362 1539.7484 1573.2444 1548.8076 1568.8521 1606.4884 1609.2116 1599.0000 1606.7872 1645.6026 1638.0000 1647.9700 1691.4585 1678.7859 1669.0000 1676.4620 1721.7842 1757.9949 1746.9405 1837.4235 1823.3587 2008.6316 2013.9546 1957.5916 1975.1499 2122.3972 2152.7724 2129.7305 2294.6381 2303.4344 2269.5308 2299.9846 2263.9691 2280.2456 2465.6279 2416.0325 2447.5353 284.9860 504.0040 1110.1734
846.6906 824.4865 605.7070 800.5623 731.6181 746.6733 727.8145 401.7176 401.6466 664.4170 649.8569 364.1977 652.4515 582.8430 518.8545 97.0155 116.1034 39.0000 162.7421 342.2295 513.4832 512.0625 339.0000 158.0000 0.0000 32.0000 161.2079 340.5070 512.5622 442.6342 483.9225 508.8389 336.7744 657.4595 609.9320 315.9130 332.2845 810.7305 784.9089 748.6000 622.4629 634.8102 685.0000 702.9858 775.2380 748.0000 764.5051 831.4283 882.5877 888.5325 826.2475 811.0000 874.0000 888.1667 946.3852 1004.8572 950.2279 937.0000 1152.9310 1293.3832 1293.0727 1236.2330 1246.4429 1438.3171 1569.5111 1575.5031 1577.2587 1611.5440 1543.1866 1552.9601 1648.5245 1634.5403 1606.7872 1599.0000 1638.0000 1645.6026 1672.7119 1731.4329 1703.0802 1676.4620 1669.0000 1761.0704 1795.1696 1778.7583 1874.2873 1841.0369 1952.7122 1963.2639 1953.1475 1962.5506 2159.7375 2189.5947 2144.8851 2245.8513 2259.2481 2304.4882 2334.4860 2260.1274 2269.3409 2420.2903 2448.8995 2479.9849 439.7693 564.6238 1138.9754
870.1753 847.4161 634.1490 821.0846 752.6599 766.9687 747.2951 433.6646 433.0820 680.1720 664.4170 385.0403 662.8160 592.6972 528.9329 128.2653 141.4496 71.0000 173.2195 347.3341 516.8994 513.5601 340.5070 161.2079 32.0000 0.0000 158.0000 339.0000 512.0625 437.4711 476.0557 499.3165 320.7133 647.8001 597.8503 284.0158 301.2723 790.5871 762.7857 723.2496 590.4879 603.0655 653.0000 671.8430 747.1131 716.0000 733.2257 802.7609 855.9352 859.4242 794.8616 779.0000 842.0000 856.6960 916.9149 975.0867 918.6887 905.0000 1123.7233 1265.4201 1264.2931 1204.2392 1214.5073 1406.9613 1540.1834 1545.6267 1546.6095 1580.9320 1511.1906 1521.0013 1618.1375 1603.2498 1574.9454 1567.0000 1606.0000 1613.7534 1641.3887 1700.8904 1671.7326 1644.6072 1637.0000 1730.4777 1764.4427 1747.7428 1843.5252 1809.4267 1922.4060 1932.6099 1921.1499 1930.5763 2128.9514 2158.7749 2113.1711 2215.1208 2228.2572 2273.5510 2303.5210 2228.1293 2237.3601 2389.3792 2417.8381 2448.8995 446.0549 537.2076 1108.0149
773.2664 747.5627 580.8313 946.4122 876.4160 654.4807 631.3113 453.2604 487.0031 550.2163 530.6166 288.9221 812.9213 743.5711 384.2942 183.9348 263.8560 173.2195 71.0000 195.3586 361.0499 356.2527 183.8070 32.0000 161.2079 158.0000 0.0000 181.0000 354.0904 281.4267 323.5012 349.6927 195.1333 800.7253 747.6851 313.1214 374.6692 920.0783 885.1271 637.3147 605.0256 642.8841 671.8430 653.0000 684.4224 733.2257 716.0000 744.7691 778.1986 805.5222 779.0000 794.8616 856.6960 842.0000 866.5962 927.9278 905.0000 918.6887 1068.0721 1350.1126 1341.6576 1211.4339 1234.7631 1383.7485 1610.4909 1609.5248 1508.3372 1541.8722 1516.9301 1537.2238 1575.2908 1577.4188 1567.0000 1574.9454 1613.7534 1606.0000 1616.1674 1660.1807 1646.9760 1637.0000 1644.6072 1690.4807 1726.6065 1715.3498 1806.0335 1791.4366 1979.1819 1984.0839 1925.6679 1943.3829 2091.0615 2121.4177 2097.7874 2264.5697 2273.0460 2238.1104 2268.5487 2232.0260 2248.4199 2435.2924 2384.5429 2416.0325 294.5929 473.0877 1078.3863
690.5447 661.6351 569.6613 1100.3713 1029.7670 553.6533 526.0618 535.4568 596.1250 425.3528 399.6761 265.7536 987.9079 919.3547 240.2603 339.2654 433.3740 346.3553 194.4274 71.0070 187.0027 177.5641 32.0000 183.8070 340.5070 339.0000 181.0000 0.0000 173.1849 109.7725 162.1111 195.2434 158.8269 977.8967 922.6852 423.4548 508.4978 1077.8056 1037.1909 577.5716 668.8236 729.0357 735.7513 677.6208 653.4409 792.1976 738.5235 716.4021 722.0997 779.3696 799.7512 849.5658 907.6811 861.2346 842.3420 905.3182 922.9225 966.4088 1030.7303 1462.1645 1446.4992 1244.5244 1281.7305 1379.0972 1705.5210 1697.9061 1484.0822 1516.2444 1543.4850 1575.1984 1544.7181 1567.0000 1577.4188 1603.2498 1641.3887 1616.1674 1606.0000 1631.1999 1637.0000 1646.9760 1671.7326 1662.0283 1700.3567 1695.6633 1779.4297 1787.8462 2057.2511 2056.4299 1946.6551 1973.5577 2061.7286 2092.5105 2094.7222 2333.1089 2336.4616 2210.7295 2241.5396 2250.1576 2274.5516 2499.1539 2358.8624 2390.6903 140.1214 459.3049 1072.4113
641.9385 611.1383 603.7094 1250.8957 1180.2784 493.4298 462.7937 647.1236 723.0657 346.7708 315.5598 339.8353 1155.3342 1087.5486 173.6491 502.0637 600.1666 515.8614 359.5622 183.1748 63.0000 32.0000 174.6568 354.8126 512.5622 512.0625 354.0904 173.1849 0.0000 100.2646 119.6202 145.3444 276.8267 1149.6421 1093.3622 568.1769 661.4386 1237.7286 1193.6373 578.4410 771.8471 845.7754 836.1011 749.8246 677.5854 886.7469 805.9107 739.1732 716.6708 800.9806 862.9513 938.8892 992.2923 920.7692 862.9606 925.0784 979.2267 1046.7631 1032.0707 1586.8384 1565.6325 1306.5558 1355.1753 1404.6281 1814.8953 1801.8441 1489.3331 1519.7269 1595.4639 1637.0183 1543.0000 1584.4728 1614.2927 1656.1307 1693.2631 1652.3656 1623.2452 1630.0000 1654.0719 1682.6589 1722.8375 1661.0000 1701.0661 1702.7874 1779.0000 1809.4223 2150.3221 2144.5757 1989.7701 2024.8627 2056.2962 2087.2769 2114.3292 2416.5910 2415.4225 2206.2081 2237.1913 2288.6328 2320.2664 2577.8249 2355.1316 2387.1165 122.9187 516.9913 1102.8259
716.6603 686.3680 639.8312 1210.1310 1139.5306 571.3160 541.4804 637.3727 702.4991 429.4240 399.6261 348.8911 1093.5227 1024.4769 244.2642 448.1752 540.4378 451.9203 303.4007 157.2005 148.1891 122.9187 128.8177 289.3873 442.6342 437.4711 281.4267 109.7725 100.2646 0.0000 56.3028 91.9239 177.0198 1063.4905 1005.3348 469.1311 563.7730 1141.3260 1096.0588 512.2197 674.0363 746.3196 738.8911 658.6198 602.2001 790.7446 716.3079 664.8022 654.6892 727.4730 774.8239 844.1161 898.7352 833.9934 790.1962 852.9601 893.6867 954.3878 968.4963 1487.0592 1466.3867 1219.9594 1265.2245 1331.4762 1717.1057 1705.0059 1425.0789 1456.3300 1512.6255 1550.9481 1482.0540 1514.9815 1536.9841 1573.0544 1610.5766 1575.3657 1553.9067 1568.9401 1584.8498 1605.8954 1640.4512 1599.9025 1639.2111 1638.0000 1717.7718 1738.4832 2055.9261 2051.3591 1910.5120 1942.6837 1997.7149 2028.6276 2044.5100 2324.6886 2324.7479 2147.3158 2178.2401 2211.3410 2240.2913 2487.2957 2295.9708 2327.9025 158.0000 428.1367 1027.0131
757.2503 726.6450 693.0527 1260.4019 1189.8790 609.9213 579.5593 693.3296 757.3856 464.7591 433.9228 404.7283 1136.2790 1066.7600 284.8034 496.4524 585.8746 496.1391 352.3890 213.4338 179.2707 149.5761 183.9348 334.9701 483.9225 476.0557 323.5012 162.1111 119.6202 56.3028 0.0000 35.7771 187.0027 1089.8670 1029.8913 476.6991 574.9522 1153.5012 1105.6514 465.2752 657.7424 735.4352 720.9896 630.7535 560.3615 770.2084 686.4729 622.4147 606.2112 684.6408 743.3559 821.3124 873.9708 801.1548 746.9967 809.4523 859.6848 927.9192 921.0000 1477.0135 1453.8225 1186.9646 1235.6978 1288.7734 1699.9465 1685.6740 1378.0929 1409.0000 1476.4017 1517.4775 1433.7706 1470.4084 1496.8213 1537.0263 1574.2430 1535.0130 1509.2687 1520.7265 1540.1627 1565.3990 1603.8859 1551.7120 1591.3218 1591.3020 1669.6616 1694.6935 2032.1560 2025.8529 1871.6950 1905.9848 1948.6983 1979.6404 2000.2062 2297.4214 2295.9967 2098.4339 2129.3839 2171.2570 2202.0002 2458.3722 2247.2063 2279.1612 207.3307 397.5890 985.7596
786.6410 755.9134 728.1552 1290.5460 1220.1000 638.5264 607.9613 728.2431 791.2528 492.1148 460.8872 440.5054 1161.1968 1091.4032 315.4061 525.7842 613.1762 522.8633 382.5624 248.8092 207.3307 176.7399 218.4491 363.1597 508.8389 499.3165 349.6927 195.2434 145.3444 91.9239 35.7771 0.0000 197.5702 1104.0009 1042.9209 480.6766 580.6290 1158.4149 1108.9748 434.1808 645.5889 726.4826 707.6171 611.3019 532.2452 755.0397 665.6223 593.8417 574.0000 655.7050 721.3557 804.6030 855.9352 778.1986 717.7660 779.9776 835.9246 908.7365 889.1440 1467.5261 1442.7751 1163.5072 1214.3167 1259.5019 1685.8926 1670.2841 1346.3803 1377.0930 1450.8542 1493.5548 1401.3429 1440.0184 1468.9513 1511.5720 1548.5945 1507.0212 1478.8333 1488.3229 1509.6930 1537.3152 1578.0906 1519.3163 1559.0821 1559.7083 1637.2935 1664.6976 2013.9101 2006.5533 1844.5102 1880.0282 1915.8249 1946.7799 1969.8754 2276.9877 2274.6712 2065.6198 2096.5810 2143.2884 2175.0598 2436.9116 2214.4435 2246.4087 241.6154 377.4824 957.4852
849.3680 820.4249 716.0000 1135.8085 1066.3292 711.7767 683.8106 637.4355 679.4623 580.1870 553.0796 409.0000 981.6924 911.2437 392.7709 378.4508 449.8144 359.2436 253.5271 227.0154 316.8343 296.1503 189.1719 220.5380 336.7744 320.7133 195.1333 158.8269 276.8267 177.0198 187.0027 197.5702 0.0000 906.5649 845.3508 292.4996 388.8547 967.3453 920.6242 449.3874 511.9385 576.7538 578.5084 519.5113 510.1539 634.1490 580.8313 572.4771 592.6972 634.9339 642.4765 691.0543 748.9359 704.3614 697.4884 760.1164 766.4281 807.5841 892.5452 1314.9316 1296.4852 1086.5657 1122.9484 1229.0000 1551.9137 1542.6967 1341.1883 1373.9742 1386.5944 1417.0194 1404.6281 1419.0662 1423.5870 1446.1604 1484.4208 1462.4380 1458.0377 1490.5412 1489.0161 1493.3251 1514.8597 1521.1837 1558.6228 1551.2692 1637.9463 1638.0000 1899.9305 1898.4336 1790.9729 1816.4372 1921.7193 1952.3427 1945.0000 2174.7103 2177.7771 2070.0012 2100.6766 2095.1947 2118.1626 2340.4700 2217.5234 2249.2314 293.2644 307.0000 922.0000
1461.4903 1444.1749 1174.8787 717.0000 687.8910 1383.8996 1369.0015 891.2418 815.0982 1317.4342 1304.9387 1007.6294 410.0000 383.2140 1176.0974 715.2377 620.7552 671.1095 819.6975 994.4586 1161.6626 1155.3342 984.3221 808.5598 657.4595 647.8001 800.7253 977.8967 1149.6421 1063.4905 1089.8670 1104.0009 906.5649 0.0000 70.2140 654.0031 555.0099 307.0000 343.8212 1138.4362 764.5894 685.4378 780.8124 911.6929 1092.2495 820.4322 945.8462 1120.9148 1222.4312 1152.3146 982.8550 862.8372 907.6370 1022.4094 1186.2318 1222.4570 1064.2255 954.4946 1374.9665 921.0000 955.0801 1209.8946 1165.7174 1501.2145 1228.0000 1261.5740 1683.5801 1717.6929 1478.5858 1444.3615 1766.1461 1686.5696 1590.4075 1519.1708 1554.8341 1624.5076 1718.7629 1833.6949 1744.5507 1651.7675 1583.2940 1858.1550 1881.0383 1844.2559 1952.9608 1843.9284 1638.0000 1670.1886 1856.0485 1830.6939 2222.3422 2248.4346 2116.6967 1945.0000 1977.0040 2349.7032 2376.3539 2146.5146 2125.7848 2126.0000 2478.7243 2506.7226 1093.5227 946.8162 1270.0142
1428.4005 1409.9975 1147.8197 750.6484 716.0000 1345.3624 1329.3100 869.4331 799.0025 1273.2702 1259.5495 966.1434 445.4773 409.0000 1126.7586 673.8939 583.3190 626.5541 770.8294 942.4914 1107.7590 1100.2477 930.5590 757.3804 609.9320 597.8503 747.6851 922.6852 1093.3622 1005.3348 1029.8913 1042.9209 845.3508 70.2140 0.0000 587.3074 487.4444 283.0989 307.0000 1068.6856 694.8187 616.7309 712.0126 841.7660 1022.0396 752.6599 876.4160 1050.7616 1152.2222 1082.3923 914.0996 796.2223 842.2476 954.4574 1116.6844 1153.4006 997.1650 890.3539 1306.2530 892.2270 922.0000 1150.6316 1109.6671 1438.8207 1198.6567 1229.0000 1619.8420 1654.0789 1423.8293 1392.6988 1702.1663 1625.5550 1533.0082 1465.7783 1501.9045 1567.5857 1658.2038 1770.6329 1684.3482 1595.2160 1530.7207 1795.4169 1818.9274 1783.0900 1891.4338 1786.4137 1608.2344 1638.0000 1805.7048 1783.1012 2162.3970 2188.7649 2062.1768 1915.0366 1945.0000 2291.0611 2317.9715 2098.6055 2080.3694 2095.9470 2421.2997 2449.5493 1041.7648 877.6018 1203.5489
1084.2149 1057.7736 888.8757 1043.1093 979.4172 959.9802 935.0000 716.0000 716.2995 843.5763 819.9543 602.0374 824.2936 755.1748 662.5896 409.0000 413.7693 354.8126 378.5129 474.5229 602.8764 585.2119 445.4773 342.3171 315.9130 284.0158 313.1214 423.4548 568.1769 469.1311 476.6991 480.6766 292.4996 654.0031 587.3074 0.0000 102.3132 677.7470 628.9555 511.1565 307.0000 331.1027 370.7776 393.5175 501.8177 433.6646 453.2604 549.9182 624.0785 600.7803 513.7821 496.5803 559.5150 574.8365 653.7599 708.3820 636.2704 622.4629 861.4412 1043.1093 1031.5474 921.0000 934.5828 1125.4444 1298.1495 1296.4771 1270.2102 1304.7854 1228.0000 1240.2016 1343.7440 1322.0745 1290.9733 1284.2243 1323.2177 1329.7688 1359.9831 1425.1544 1390.1586 1360.6146 1354.2127 1454.3191 1487.2219 1468.4005 1565.9783 1526.3080 1666.3169 1671.9384 1638.0000 1649.1574 1851.0583 1880.6238 1829.5685 1952.9375 1962.5914 1994.5217 2024.2890 1945.0000 1955.6618 2124.5922 2137.9172 2168.8121 563.1128 312.2963 829.7855
1146.6865 1121.4977 931.2400 989.8813 929.1857 1029.0471 1005.5372 731.1498 717.0000 920.1158 898.2232 659.2761 752.5530 685.2043 743.9146 429.2936 409.0000 370.3080 432.1342 552.9629 692.2023 676.5065 527.4637 400.0312 332.2845 301.2723 374.6692 508.4978 661.4386 563.7730 574.9522 580.6290 388.8547 555.0099 487.4444 102.3132 0.0000 578.5715 532.3016 594.8992 315.9193 307.0000 370.3080 432.1342 570.5480 432.0984 486.1286 612.4590 697.4023 657.7424 542.0701 494.1943 556.4935 599.4139 705.7492 755.9610 657.7933 618.9346 911.4126 976.5536 970.5720 918.6800 921.0000 1145.6932 1243.3262 1246.5396 1300.5576 1335.3835 1224.2565 1228.0000 1376.8210 1342.4101 1297.6409 1278.3818 1317.3113 1336.0094 1379.5340 1455.9056 1409.1150 1366.5328 1348.2581 1484.2992 1515.3313 1492.5642 1593.2671 1539.1751 1621.9494 1631.5152 1633.1883 1638.0000 1876.9936 1906.0268 1838.9815 1913.9386 1926.9969 2018.0201 2047.3246 1939.6837 1945.0000 2088.1073 2159.3041 2189.7804 646.0495 397.8304 859.9093
1654.6846 1633.5954 1390.6333 1024.0000 993.9985 1557.2749 1537.8745 1124.9698 1063.6409 1467.6764 1449.7096 1174.8787 717.0000 687.8910 1303.7339 891.2418 814.3537 836.2805 959.6254 1112.6208 1264.2931 1250.8957 1092.6669 937.4433 810.7305 790.5871 920.0783 1077.8056 1237.7286 1141.3260 1153.5012 1158.4149 967.3453 307.0000 283.0989 677.7470 578.5715 0.0000 70.2140 1073.9097 654.0031 555.0099 643.5130 797.2609 998.7242 662.4711 812.6401 1011.0435 1124.7262 1027.0862 832.5149 686.7059 715.6815 856.5722 1046.6809 1069.6326 884.4710 748.8478 1211.5255 614.0000 649.0647 964.3506 905.6004 1270.0142 921.0000 955.0801 1459.8305 1492.6815 1209.8946 1165.7174 1543.4264 1444.9090 1331.4056 1245.4417 1279.3780 1363.2036 1474.2608 1603.7182 1497.9059 1388.7408 1306.5546 1625.7863 1644.4409 1602.2362 1712.3215 1583.7415 1331.0000 1363.4563 1571.8794 1540.2652 1971.6313 1996.2337 1843.9284 1638.0000 1670.1886 2092.2548 2117.6518 1856.0485 1830.6939 1819.0000 2215.6293 2242.5318 1210.1310 906.5649 1077.3695
1631.3764 1609.3850 1374.7891 1056.8794 1023.0000 1529.3662 1508.9705 1116.3301 1060.3707 1434.8143 1415.7302 1147.8197 750.6484 716.0000 1266.9396 869.4331 798.2042 812.7613 928.5413 1075.3144 1222.7596 1208.1068 1053.5677 904.2621 784.9089 762.7857 885.1271 1037.1909 1193.6373 1096.0588 1105.6514 1108.9748 920.6242 343.8212 307.0000 628.9555 532.3016 70.2140 0.0000 1009.1422 587.3074 487.4444 574.8365 729.4141 931.6866 592.6972 743.5711 942.8112 1057.0341 957.9582 762.6854 616.5071 645.6082 786.3956 976.9406 999.5399 814.3003 679.3210 1141.3115 586.3941 615.0000 899.5076 843.5698 1203.5489 892.2270 922.0000 1392.6898 1425.7068 1150.6316 1109.6671 1476.2442 1380.1116 1269.8004 1187.7647 1222.3134 1302.1743 1409.9550 1537.4167 1433.9902 1328.1615 1249.9620 1559.8067 1579.0541 1537.6362 1647.5876 1522.6533 1301.5256 1331.0000 1518.3850 1489.7856 1908.8007 1933.7055 1786.4137 1608.2344 1638.0000 2030.8668 2056.5546 1805.7048 1783.1012 1789.1096 2155.6124 2182.8003 1171.7222 845.3508 1007.6473
