0.0000 1975.0000 7150.0000 9125.0000 1221.9754 637.4551 706.6293 1297.5747 5976.0458 6600.2840 7791.1697 8415.7115 9146.3791 7177.2645 5000.6600 2071.5332 625.0000 2311.7310 795.0000 2129.0021 7194.0618 9159.5660 8482.9358 7863.7348 6685.7871 6070.3479 1679.1962 1278.7983 1241.9134 1621.4882 1420.0000 2432.4936 7289.6433 9234.8267 9474.6042 7591.1132 3225.3876 2550.0000 3094.6282 2913.7345 2929.6459 3125.2520 6617.9018 7186.6020 8293.7220 8883.0006 9661.5863 7823.2426 5927.0650 3739.1510 3175.0000 3932.8870 3345.0000 3884.5399 7893.7649 9718.7782 9171.8973 8602.4313 7540.7724 7000.9017 3870.8139 3714.6770 3702.1411 3846.1310 3970.0000 4434.1318 8178.2272 9951.2072 10453.4982 8782.5110 5469.0607 5100.0000 5537.6190 5438.5981 5447.1392 5554.7907 8055.1303 8528.5256 9480.2070 9999.8100 10772.2444 9159.5920 6056.0920 5725.0000 6212.5760 5895.0000 6217.0451 7632.7321 9266.7969 10863.5468 10454.2910 9958.4298 9057.1380 8612.8465 6336.5369 6242.3814 6234.9298 6321.4891 6520.0000 6812.5638 9676.4095 11214.9911 11907.4819 10471.1508 7900.8307 7650.0000 8047.2805 7979.4642 7985.2880 8059.1067 9948.8001 10335.8236 11134.0839 11579.7107 12318.3298 10936.0928 8507.4232 8275.0000 8644.6284 8445.0000 8672.8686 9715.5597 11065.2847 12433.1673 12143.5456 11719.3782 10963.8154 10599.7464 8850.1525 8782.9850 8777.6904 8839.3848 12865.8667 11549.3463 9282.5387 9070.0000
1975.0000 0.0000 5175.0000 7150.0000 3172.1836 2550.9065 1375.3909 779.3106 4005.0155 4628.3932 5818.2643 6442.4627 7177.2645 5212.6049 3058.5495 625.0000 2071.5332 4234.9410 2129.0021 795.0000 5235.7091 7194.0618 6530.0325 5915.0824 4749.5288 4144.4118 1320.3503 1740.0287 2764.6200 3346.4532 2432.4936 1420.0000 5366.2860 7289.6433 7591.1132 5769.1529 2550.0000 3225.3876 4259.8414 3819.7675 3158.3540 2948.0205 4911.5831 5431.8987 6475.7779 7041.9333 7823.2426 6071.3466 4413.4142 3175.0000 3739.1510 5297.0015 3884.5399 3345.0000 6161.9518 7893.7649 7403.0281 6866.7095 5892.4973 5416.6086 3729.1856 3897.5890 4450.4633 4833.4510 4434.1318 3970.0000 6522.3864 8178.2272 8782.5110 7265.7157 5100.0000 5469.0607 6263.7648 5973.2005 5573.4819 5457.0436 6723.9980 7112.9476 7938.7782 8406.9807 9159.5920 7717.2696 5725.0000 6056.0920 7154.4898 6217.0451 5895.0000 6527.3827 7844.2112 9266.7969 8942.7806 8504.1284 7738.8645 7382.9634 6251.0259 6352.9285 6706.3495 6966.4014 6812.5638 6520.0000 8324.1231 9676.4095 10471.1508 9235.9691 7650.0000 7900.8307 8563.1915 8353.0009 8072.0010 7992.0476 8905.3719 9202.5825 9854.8313 10235.7621 10936.0928 9759.9308 8275.0000 8507.4232 9344.5291 8672.8686 8445.0000 8873.5689 9904.4763 11065.2847 10869.5366 10511.5984 9902.7029 9627.1309 8789.1311 8861.8960 9118.5867 9311.5116 11549.3463 10442.4865 9070.0000 9282.5387
7150.0000 5175.0000 0.0000 1975.0000 8337.7649 7713.2321 6522.3711 5898.1523 1221.9754 637.4551 706.6293 1297.5747 2071.5332 625.0000 2311.7310 5212.6049 7177.2645 9376.9185 7194.0618 5235.7091 795.0000 2129.0021 1679.1962 1278.7983 1241.9134 1621.4882 5993.6800 6608.8823 7786.5236 8405.6126 7289.6433 5366.2860 1420.0000 2432.4936 3225.3876 2550.0000 5769.1529 7591.1132 8809.1897 8220.5504 7115.1124 6547.6484 3094.6282 2913.7345 2929.6459 3125.2520 3739.1510 3175.0000 3932.8870 6071.3466 7823.2426 9902.0250 7893.7649 6161.9518 3345.0000 3884.5399 3870.8139 3714.6770 3702.1411 3846.1310 6934.5295 7472.6719 8531.9077 9100.4299 8178.2272 6522.3864 3970.0000 4434.1318 5469.0607 5100.0000 7265.7157 8782.5110 9934.3004 9416.2598 8468.3720 7997.5121 5537.6190 5438.5981 5447.1392 5554.7907 6056.0920 5725.0000 7717.2696 9159.5920 11008.1152 9266.7969 7844.2112 6212.5760 5895.0000 6217.0451 6336.5369 6242.3814 6234.9298 6321.4891 8558.9836 9000.5180 9897.5729 10391.6468 9676.4095 8324.1231 6520.0000 6812.5638 7900.8307 7650.0000 9235.9691 10471.1508 11523.1864 11079.6863 10286.2445 9902.2068 8047.2805 7979.4642 7985.2880 8059.1067 8507.4232 8275.0000 9759.9308 10936.0928 12542.4120 11065.2847 9904.4763 8644.6284 8445.0000 8672.8686 8850.1525 8782.9850 8777.6904 8839.3848 10556.0267 10917.0887 11667.7097 12089.6577 9282.5387 9070.0000 10442.4865 11549.3463
9125.0000 7150.0000 1975.0000 0.0000 10311.6608 9686.9615 8495.6577 7871.1070 3172.1836 2550.9065 1375.3909 779.3106 625.0000 2071.5332 4234.9410 7177.2645 9146.3791 11347.2342 9159.5660 7194.0618 2129.0021 795.0000 1320.3503 1740.0287 2764.6200 3346.4532 7942.9418 8562.2544 9745.4207 10366.5978 9234.8267 7289.6433 2432.4936 1420.0000 2550.0000 3225.3876 7591.1132 9474.6042 10696.4410 10095.5794 8958.7778 8368.8604 4259.8414 3819.7675 3158.3540 2948.0205 3175.0000 3739.1510 5297.0015 7823.2426 9661.5863 11784.8727 9718.7782 7893.7649 3884.5399 3345.0000 3729.1856 3897.5890 4450.4633 4833.4510 8674.8963 9245.3069 10350.6871 10937.5431 9951.2072 8178.2272 4434.1318 3970.0000 5100.0000 5469.0607 8782.5110 10453.4982 11640.5476 11090.9523 10067.1843 9546.0109 6263.7648 5973.2005 5573.4819 5457.0436 5725.0000 6056.0920 9159.5920 10772.2444 12728.3827 10863.5468 9266.7969 7154.4898 6217.0451 5895.0000 6251.0259 6352.9285 6706.3495 6966.4014 10021.0940 10518.7547 11502.4008 12033.2186 11214.9911 9676.4095 6812.5638 6520.0000 7650.0000 7900.8307 10471.1508 11907.4819 13022.8971 12534.0625 11637.9423 11190.1664 8563.1915 8353.0009 8072.0010 7992.0476 8275.0000 8507.4232 10936.0928 12318.3298 14076.4067 12433.1673 11065.2847 9344.5291 8672.8686 8445.0000 8789.1311 8861.8960 9118.5867 9311.5116 11772.6728 12199.0860 13056.7501 13526.7087 9070.0000 9282.5387 11549.3463 12865.8667
1221.9754 3172.1836 8337.7649 10311.6608 0.0000 625.0000 1817.0000 2442.0000 7150.0000 7775.0000 8967.0000 9592.0000 10311.8124 8337.9523 6145.0325 3172.6762 1223.2534 1093.7660 1277.6341 3194.0373 8346.1038 10318.4046 9625.3033 9002.6157 7816.0492 7194.6160 2569.7011 1985.3184 1015.1970 800.0000 1621.4882 3346.4532 8405.6126 10366.5978 10547.5992 8627.8516 3870.9494 2532.7305 2550.0000 2625.4761 3131.1322 3530.7030 7591.1132 8182.4889 9322.5313 9925.1682 10697.7789 8810.8143 6804.6987 4263.2000 3099.2497 3120.7089 3257.0461 4379.2550 8867.5503 10744.5556 10160.1655 9572.3346 8465.9982 7895.8850 4145.5837 3811.0352 3407.8035 3350.0000 3846.1310 4833.4510 9100.4299 10937.5431 11365.6654 9610.7400 5736.7891 4933.6826 5100.0000 5138.1539 5414.0086 5654.4994 8782.5110 9298.4206 10315.8659 10863.5383 11642.8722 9937.0242 6268.0838 5542.5039 5593.4179 5708.7082 6415.5182 8237.1976 10030.6754 11722.9038 11261.2816 10733.9223 9760.1550 9269.9784 6385.4024 6173.4503 5933.0115 5900.0000 6321.4891 6966.4014 10391.6468 12033.2186 12653.4521 11103.9553 7990.1345 7434.5628 7650.0000 7675.4886 7862.8232 8030.3091 10471.1508 10907.4802 11786.8397 12269.0246 13025.9539 11526.6408 8567.8395 8052.2263 8114.1126 8220.4227 8726.1030 10119.4824 11644.7606 13130.5931 12783.1516 12321.1034 11482.7316 11069.1011 8795.7867 8643.1469 8473.0824 8450.0000 13526.7087 12089.6577 9311.5116 8839.3848
637.4551 2550.9065 7713.2321 9686.9615 625.0000 0.0000 1192.0000 1817.0000 6525.0000 7150.0000 8342.0000 8967.0000 9687.1228 7713.4346 5521.5079 2551.5190 639.9016 1690.9905 738.5621 2578.0320 7722.2454 9694.1399 9002.6157 8380.2723 7194.6160 6573.8592 1985.3184 1435.5710 800.0000 1015.1970 1241.9134 2764.6200 7786.5236 9745.4207 9937.7424 8025.9236 3380.6248 2308.2134 2625.4761 2550.0000 2814.8471 3131.1322 7005.5781 7591.1132 8723.0421 9322.5313 10096.9970 8222.2913 6247.3634 3823.5127 2918.6425 3376.6772 3085.6886 3952.4991 8283.0595 10146.5437 9572.3346 8989.5197 7895.8850 7334.7205 3811.0352 3555.7508 3350.0000 3407.8035 3702.1411 4450.4633 8531.9077 10350.6871 10802.0935 9074.2465 5418.0369 4822.2763 5138.1539 5100.0000 5237.4482 5414.0086 8281.6439 8782.5110 9777.4723 10315.8659 11093.3921 9419.1334 5977.7294 5443.5718 5740.1611 5612.7065 6132.1488 7783.1259 9517.8818 11177.3588 10733.9223 10217.5811 9269.9784 8796.9100 6173.4503 6019.2079 5900.0000 5933.0115 6234.9298 6706.3495 9897.5729 11502.4008 12149.7623 10643.0000 7764.4461 7361.1038 7675.4886 7650.0000 7742.3100 7862.8232 10054.7563 10471.1508 11318.6335 11786.8397 12537.2385 11083.2790 8357.7658 7984.4520 8215.9570 8154.0465 8519.9325 9753.4378 11206.0731 12645.9222 12321.1034 11873.9827 11069.1011 10676.0538 8643.1469 8533.6606 8450.0000 8473.0824 13056.7501 11667.7097 9118.5867 8777.6904
706.6293 1375.3909 6522.3711 8495.6577 1817.0000 1192.0000 0.0000 625.0000 5333.0000 5958.0000 7150.0000 7775.0000 8495.8416 6522.6107 4333.5003 1376.5264 708.8371 2863.0796 799.0307 1425.0702 6533.0276 8503.8418 7816.0492 7194.6160 6011.4694 5392.6699 1015.1970 800.0000 1435.5710 1985.3184 1278.7983 1740.0287 6608.8823 8562.2544 8780.5296 6889.3269 2610.2107 2328.2665 3131.1322 2814.8471 2550.0000 2625.4761 5911.2933 6480.7611 7591.1132 8182.4889 8960.3753 7117.1237 5227.0187 3162.8824 2934.5272 4091.4209 3100.7177 3317.6535 7187.2422 9016.1702 8465.9982 7895.8850 6835.2223 6297.8877 3407.8035 3350.0000 3555.7508 3811.0352 3714.6770 3897.5890 7472.6719 9245.3069 9748.0357 8086.3666 4973.9019 4831.9070 5414.0086 5237.4482 5100.0000 5138.1539 7379.0846 7842.6886 8782.5110 9298.4206 10069.8721 8471.5672 5578.3353 5452.1051 6187.6672 5620.9830 5743.5029 6990.6527 8581.2266 10162.2992 9760.1550 9269.9784 8384.9725 7953.0428 5933.0115 5900.0000 6019.2079 6173.4503 6242.3814 6352.9285 9000.5180 10518.7547 11222.9987 9814.3173 7461.3136 7367.4164 7862.8232 7742.3100 7650.0000 7675.4886 9325.4163 9696.4047 10471.1508 10907.4802 11641.3627 10290.1142 8076.9317 7990.2722 8534.6192 8159.7457 8244.6240 9133.5494 10422.2574 11758.3300 11482.7316 11069.1011 10339.2584 9992.1664 8473.0824 8450.0000 8533.6606 8643.1469 12199.0860 10917.0887 8861.8960 8782.9850
1297.5747 779.3106 5898.1523 7871.1070 2442.0000 1817.0000 625.0000 0.0000 4708.0000 5333.0000 6525.0000 7150.0000 7871.3055 5898.4172 3711.6169 781.3130 1298.7783 3483.0446 1350.1204 863.9734 5909.9344 7879.9397 7194.6160 6573.8592 5392.6699 4775.4857 800.0000 1015.1970 1985.3184 2569.7011 1679.1962 1320.3503 5993.6800 7942.9418 8177.7641 6301.5633 2351.3454 2570.0584 3530.7030 3131.1322 2625.4761 2550.0000 5354.2286 5911.2933 7005.5781 7591.1132 8370.5705 6549.8340 4724.2566 2952.8715 3129.8283 4546.8780 3286.1566 3118.0843 6625.9584 8430.2699 7895.8850 7334.7205 6297.8877 5778.2146 3350.0000 3407.8035 3811.0352 4145.5837 3870.8139 3729.1856 6934.5295 8674.8963 9208.8178 7591.8509 4843.0698 4952.9486 5654.4994 5414.0086 5138.1539 5100.0000 6940.8403 7379.0846 8281.6439 8782.5110 9548.8455 8000.8953 5462.0005 5559.6605 6497.8150 5725.3668 5630.5817 6623.1488 8116.9160 9646.2661 9269.9784 8796.9100 7953.0428 7548.1961 5900.0000 5933.0115 6173.4503 6385.4024 6336.5369 6251.0259 8558.9836 10021.0940 10757.9657 9411.0414 7374.7424 7447.3619 8030.3091 7862.8232 7675.4886 7650.0000 8982.6368 9325.4163 10054.7563 10471.1508 11193.7237 9906.2266 7997.0276 8064.0452 8762.0831 8232.0001 8166.3609 8855.4277 10043.4220 11315.3193 11069.1011 10676.0538 9992.1664 9673.0432 8450.0000 8473.0824 8643.1469 8795.7867 11772.6728 10556.0267 8789.1311 8850.1525
5976.0458 4005.0155 1221.9754 3172.1836 7150.0000 6525.0000 5333.0000 4708.0000 0.0000 625.0000 1817.0000 2442.0000 3172.6762 1223.2534 1093.7660 4005.4056 5976.3073 8177.7885 5987.6748 4022.3468 1277.6341 3194.0373 2569.7011 1985.3184 1015.1970 800.0000 4775.4857 5392.6699 6573.8592 7194.6160 6070.3479 4144.4118 1621.4882 3346.4532 3870.9494 2532.7305 4578.3893 6374.5293 7591.1132 7005.5781 5911.2933 5354.2286 2550.0000 2625.4761 3131.1322 3530.7030 4263.2000 3099.2497 3120.7089 4914.4963 6620.0641 8684.3954 6695.3901 5015.5034 3257.0461 4379.2550 4145.5837 3811.0352 3407.8035 3350.0000 5778.2146 6297.8877 7334.7205 7895.8850 7000.9017 5416.6086 3846.1310 4833.4510 5736.7891 4933.6826 6236.0363 7652.5240 8782.5110 8281.6439 7379.0846 6940.8403 5100.0000 5138.1539 5414.0086 5654.4994 6268.0838 5542.5039 6728.0216 8058.4893 9847.1429 8173.6925 6865.5862 5593.4179 5708.7082 6415.5182 6385.4024 6173.4503 5933.0115 5900.0000 7548.1961 7953.0428 8796.9100 9269.9784 8612.8465 7382.9634 6321.4891 6966.4014 7990.1345 7434.5628 8355.8153 9460.0541 10471.1508 10054.7563 9325.4163 8982.6368 7650.0000 7675.4886 7862.8232 8030.3091 8567.8395 8052.2263 8909.8414 9952.8011 11468.1613 10089.3632 9062.1341 8114.1126 8220.4227 8726.1030 8795.7867 8643.1469 8473.0824 8450.0000 9673.0432 9992.1664 10676.0538 11069.1011 9311.5116 8839.3848 9627.1309 10599.7464
6600.2840 4628.3932 637.4551 2550.9065 7775.0000 7150.0000 5958.0000 5333.0000 625.0000 0.0000 1192.0000 1817.0000 2551.5190 639.9016 1690.9905 4628.7308 6600.5207 8802.0934 6610.8149 4643.3984 738.5621 2578.0320 1985.3184 1435.5710 800.0000 1015.1970 5392.6699 6011.4694 7194.6160 7816.0492 6685.7871 4749.5288 1241.9134 2764.6200 3380.6248 2308.2134 5132.5943 6963.1350 8182.4889 7591.1132 6480.7611 5911.2933 2625.4761 2550.0000 2814.8471 3131.1322 3823.5127 2918.6425 3376.6772 5434.5330 7188.5933 9274.6617 7258.0214 5526.0428 3085.6886 3952.4991 3811.0352 3555.7508 3350.0000 3407.8035 6297.8877 6835.2223 7895.8850 8465.9982 7540.7724 5892.4973 3702.1411 4450.4633 5418.0369 4822.2763 6653.5723 8149.3404 9298.4206 8782.5110 7842.6886 7379.0846 5138.1539 5100.0000 5237.4482 5414.0086 5977.7294 5443.5718 7116.7513 8531.6982 10371.4439 8640.5945 7246.9407 5740.1611 5612.7065 6132.1488 6173.4503 6019.2079 5900.0000 5933.0115 7953.0428 8384.9725 9269.9784 9760.1550 9057.1380 7738.8645 6234.9298 6706.3495 7764.4461 7361.1038 8671.8812 9866.2682 10907.4802 10471.1508 9696.4047 9325.4163 7675.4886 7650.0000 7742.3100 7862.8232 8357.7658 7984.4520 9206.9077 10339.6748 11921.3820 10471.1926 9354.3652 8215.9570 8154.0465 8519.9325 8643.1469 8533.6606 8450.0000 8473.0824 9992.1664 10339.2584 11069.1011 11482.7316 9118.5867 8777.6904 9902.7029 10963.8154
7791.1697 5818.2643 706.6293 1375.3909 8967.0000 8342.0000 7150.0000 6525.0000 1817.0000 1192.0000 0.0000 625.0000 1376.5264 708.8371 2863.0796 5818.5329 7791.3702 9993.0088 7800.0929 5830.2080 799.0307 1425.0702 1015.1970 800.0000 1435.5710 1985.3184 6573.8592 7194.6160 8380.2723 9002.6157 7863.7348 5915.0824 1278.7983 1740.0287 2610.2107 2328.2665 6226.8531 8100.8534 9322.5313 8723.0421 7591.1132 7005.5781 3131.1322 2814.8471 2550.0000 2625.4761 3162.8824 2934.5272 4091.4209 6477.9877 8295.4475 10411.6629 8355.6837 6554.9466 3100.7177 3317.6535 3407.8035 3350.0000 3555.7508 3811.0352 7334.7205 7895.8850 8989.5197 9572.3346 8602.4313 6866.7095 3714.6770 3897.5890 4973.9019 4831.9070 7529.9535 9140.5867 10315.8659 9777.4723 8782.5110 8281.6439 5414.0086 5237.4482 5100.0000 5138.1539 5578.3353 5452.1051 7942.1864 9483.0612 11399.5713 9581.1508 8059.0524 6187.6672 5620.9830 5743.5029 5933.0115 5900.0000 6019.2079 6173.4503 8796.9100 9269.9784 10217.5811 10733.9223 9958.4298 8504.1284 6242.3814 6352.9285 7461.3136 7367.4164 9361.1805 10699.6180 11786.8397 11318.6335 10471.1508 10054.7563 7862.8232 7742.3100 7650.0000 7675.4886 8076.9317 7990.2722 9858.8704 11137.6591 12825.8616 11259.8601 9996.7157 8534.6192 8159.7457 8244.6240 8473.0824 8450.0000 8533.6606 8643.1469 10676.0538 11069.1011 11873.9827 12321.1034 8861.8960 8782.9850 10511.5984 11719.3782
8415.7115 6442.4627 1297.5747 779.3106 9592.0000 8967.0000 7775.0000 7150.0000 2442.0000 1817.0000 625.0000 0.0000 781.3130 1298.7783 3483.0446 6442.7052 8415.8972 10617.5374 8423.9732 6453.2511 1350.1204 863.9734 800.0000 1015.1970 1985.3184 2569.7011 7194.6160 7816.0492 9002.6157 9625.3033 8482.9358 6530.0325 1679.1962 1320.3503 2351.3454 2570.0584 6813.7233 8703.2006 9925.1682 9322.5313 8182.4889 7591.1132 3530.7030 3131.1322 2625.4761 2550.0000 2952.8715 3129.8283 4546.8780 7043.9655 8884.6117 11012.4747 8940.8794 7114.8050 3286.1566 3118.0843 3350.0000 3407.8035 3811.0352 4145.5837 7895.8850 8465.9982 9572.3346 10160.1655 9171.8973 7403.0281 3870.8139 3729.1856 4843.0698 4952.9486 8022.0524 9678.4400 10863.5383 10315.8659 9298.4206 8782.5110 5654.4994 5414.0086 5138.1539 5100.0000 5462.0005 5559.6605 8410.1992 10002.5159 11950.8201 10095.5597 8520.6484 6497.8150 5725.3668 5630.5817 5900.0000 5933.0115 6173.4503 6385.4024 9269.9784 9760.1550 10733.9223 11261.2816 10454.2910 8942.7806 6336.5369 6251.0259 7374.7424 7447.3619 9761.3946 11162.6027 12269.0246 11786.8397 10907.4802 10471.1508 8030.3091 7862.8232 7675.4886 7650.0000 7997.0276 8064.0452 10239.6509 11583.1483 13318.2056 11700.6976 10372.4370 8762.0831 8232.0001 8166.3609 8450.0000 8473.0824 8643.1469 8795.7867 11069.1011 11482.7316 12321.1034 12783.1516 8789.1311 8850.1525 10869.5366 12143.5456
9146.3791 7177.2645 2071.5332 625.0000 10311.8124 9687.1228 8495.8416 7871.3055 3172.6762 2551.5190 1376.5264 781.3130 0.0000 1975.0000 4175.8652 7150.0000 9125.0000 11325.3190 9126.5834 7152.0207 1982.3030 170.0000 863.9734 1425.0702 2578.0320 3194.0373 7879.9397 8503.8418 9694.1399 10318.4046 9159.5660 7194.0618 2129.0021 795.0000 1925.0000 2757.9431 7404.6016 9325.8378 10546.5385 9936.6166 8779.2554 8176.3959 3868.0582 3377.3139 2605.9211 2346.5826 2550.0000 3225.3876 4936.9879 7591.1132 9474.6042 11627.5040 9521.7659 7649.8954 3361.4022 2720.0000 3118.0843 3317.6535 3952.4991 4379.2550 8430.2699 9016.1702 10146.5437 10744.5556 9718.7782 7893.7649 3884.5399 3345.0000 4475.0000 4891.4466 8434.9348 10163.2303 11363.5590 10799.8773 9745.5798 9206.2180 5732.6149 5413.6170 4969.0869 4838.1246 5100.0000 5469.0607 8782.5110 10453.4982 12455.5148 10537.4819 8882.3083 6656.9400 5627.9237 5270.0000 5630.5817 5743.5029 6132.1488 6415.5182 9646.2661 10162.2992 11177.3588 11722.9038 10863.5468 9266.7969 6217.0451 5895.0000 7025.0000 7297.3454 10023.6283 11515.9129 12650.5523 12146.7423 11219.7293 10754.5548 7985.5416 7759.7196 7456.3949 7369.7659 7650.0000 7900.8307 10471.1508 11907.4819 13714.4395 12017.4051 10595.9851 8789.8151 8065.5455 7820.0000 8166.3609 8244.6240 8519.9325 8726.1030 11315.3193 11758.3300 12645.9222 13130.5931 8445.0000 8672.8686 11065.2847 12433.1673
7177.2645 5212.6049 625.0000 2071.5332 8337.9523 7713.4346 6522.6107 5898.4172 1223.2534 639.9016 708.8371 1298.7783 1975.0000 0.0000 2201.6414 5175.0000 7150.0000 9350.3864 7152.0207 5177.7915 170.0000 1982.3030 1350.1204 799.0307 738.5621 1277.6341 5909.9344 6533.0276 7722.2454 8346.1038 7194.0618 5235.7091 795.0000 2129.0021 2757.9431 1925.0000 5521.4355 7404.6016 8626.5549 8024.5295 6887.7028 6299.7877 2528.3095 2303.3615 2323.4565 2565.7017 3225.3876 2550.0000 3432.6702 5769.1529 7591.1132 9714.2022 7649.8954 5846.2830 2720.0000 3361.4022 3286.1566 3100.7177 3085.6886 3257.0461 6625.9584 7187.2422 8283.0595 8867.5503 7893.7649 6161.9518 3345.0000 3884.5399 4891.4466 4475.0000 6841.5093 8434.9348 9608.2490 9071.6081 8083.4058 7588.6972 4928.8284 4817.3098 4826.9504 4948.1133 5469.0607 5100.0000 7265.7157 8782.5110 10691.4323 8882.3083 7386.0358 5632.4262 5270.0000 5627.9237 5725.3668 5620.9830 5612.7065 5708.7082 8116.9160 8581.2266 9517.8818 10030.6754 9266.7969 7844.2112 5895.0000 6217.0451 7297.3454 7025.0000 8725.3223 10023.6283 11100.6508 10639.5523 9810.5785 9407.1422 7429.6264 7356.1181 7362.4351 7442.4341 7900.8307 7650.0000 9235.9691 10471.1508 12134.7734 10595.9851 9377.2611 8041.7800 7820.0000 8065.5455 8232.0001 8159.7457 8154.0465 8220.4227 10043.4220 10422.2574 11206.0731 11644.7606 8672.8686 8445.0000 9904.4763 11065.2847
5000.6600 3058.5495 2311.7310 4234.9410 6145.0325 5521.5079 4333.5003 3711.6169 1093.7660 1690.9905 2863.0796 3483.0446 4175.8652 2201.6414 0.0000 2976.2140 4950.7297 7150.0000 4950.7297 2976.2140 2201.6414 4175.8652 3483.0446 2863.0796 1690.9905 1093.7660 3711.6169 4333.5003 5521.5079 6145.0325 5000.6600 3058.5495 2311.7310 4234.9410 4562.4801 2868.0307 3498.0316 5280.9185 6497.9938 5911.8144 4820.9672 4270.6674 2378.8283 2705.9100 3558.0507 4073.5856 4848.3863 3303.9711 2550.0000 3863.5282 5529.8033 7591.1132 5607.6488 3974.1477 3432.6702 4936.9879 4546.8780 4091.4209 3376.6772 3120.7089 4724.2566 5227.0187 6247.3634 6804.6987 5927.0650 4413.4142 3932.8870 5297.0015 6058.2774 4910.4073 5303.0864 6616.2376 7726.0225 7239.9619 6380.3781 5975.4581 4808.9837 4978.9004 5488.8273 5836.2317 6525.4004 5476.3332 5831.0248 7046.4690 8782.5110 7168.4535 5977.8633 5100.0000 5632.4262 6656.9400 6497.8150 6187.6672 5740.1611 5593.4179 6623.1488 6990.6527 7783.1259 8237.1976 7632.7321 6527.3827 6212.5760 7154.4898 8099.0262 7280.3571 7550.7765 8524.4413 9495.4686 9104.3698 8436.9263 8135.0230 7321.1218 7433.8381 7784.5825 8033.3119 8640.5932 7878.4024 8128.9513 9040.5600 10471.1508 9183.2851 8287.3910 7650.0000 8041.7800 8789.8151 8762.0831 8534.6192 8215.9570 8114.1126 8855.4277 9133.5494 9753.4378 10119.4824 9344.5291 8644.6284 8873.5689 9715.5597
2071.5332 625.0000 5212.6049 7177.2645 3172.6762 2551.5190 1376.5264 781.3130 4005.4056 4628.7308 5818.5329 6442.7052 7150.0000 5175.0000 2976.2140 0.0000 1975.0000 4175.8652 1982.3030 170.0000 5177.7915 7152.0207 6453.2511 5830.2080 4643.3984 4022.3468 863.9734 1425.0702 2578.0320 3194.0373 2129.0021 795.0000 5235.7091 7194.0618 7404.6016 5521.4355 1925.0000 2757.9431 3868.0582 3377.3139 2605.9211 2346.5826 4575.9451 5130.4141 6225.0562 6812.0812 7591.1132 5769.1529 3974.1477 2550.0000 3225.3876 4936.9879 3361.4022 2720.0000 5846.2830 7649.8954 7114.8050 6554.9466 5526.0428 5015.5034 3118.0843 3317.6535 3952.4991 4379.2550 3884.5399 3345.0000 6161.9518 7893.7649 8434.9348 6841.5093 4475.0000 4891.4466 5732.6149 5413.6170 4969.0869 4838.1246 6232.1966 6649.9736 7526.7739 8019.0679 8782.5110 7265.7157 5100.0000 5469.0607 6656.9400 5627.9237 5270.0000 5977.8633 7386.0358 8882.3083 8520.6484 8059.0524 7246.9407 6865.5862 5630.5817 5743.5029 6132.1488 6415.5182 6217.0451 5895.0000 7844.2112 9266.7969 10023.6283 8725.3223 7025.0000 7297.3454 7985.5416 7759.7196 7456.3949 7369.7659 8351.4235 8667.6496 9357.2605 9757.6355 10471.1508 9235.9691 7650.0000 7900.8307 8789.8151 8065.5455 7820.0000 8287.3910 9377.2611 10595.9851 10372.4370 9996.7157 9354.3652 9062.1341 8166.3609 8244.6240 8519.9325 8726.1030 11065.2847 9904.4763 8445.0000 8672.8686
625.0000 2071.5332 7177.2645 9146.3791 1223.2534 639.9016 708.8371 1298.7783 5976.3073 6600.5207 7791.3702 8415.8972 9125.0000 7150.0000 4950.7297 1975.0000 0.0000 2201.6414 170.0000 1982.3030 7152.0207 9126.5834 8423.9732 7800.0929 6610.8149 5987.6748 1350.1204 799.0307 738.5621 1277.6341 795.0000 2129.0021 7194.0618 9159.5660 9325.8378 7404.6016 2757.9431 1925.0000 2528.3095 2303.3615 2323.4565 2565.7017 6372.7740 6961.5281 8099.4722 8701.9150 9474.6042 7591.1132 5607.6488 3225.3876 2550.0000 3432.6702 2720.0000 3361.4022 7649.8954 9521.7659 8940.8794 8355.6837 7258.0214 6695.3901 3286.1566 3100.7177 3085.6886 3257.0461 3345.0000 3884.5399 7893.7649 9718.7782 10163.2303 8434.9348 4891.4466 4475.0000 4928.8284 4817.3098 4826.9504 4948.1133 7649.3953 8146.4025 9137.9675 9675.9664 10453.4982 8782.5110 5469.0607 5100.0000 5632.4262 5270.0000 5627.9237 7168.4535 8882.3083 10537.4819 10095.5597 9581.1508 8640.5945 8173.6925 5725.3668 5620.9830 5612.7065 5708.7082 5895.0000 6217.0451 9266.7969 10863.5468 11515.9129 10023.6283 7297.3454 7025.0000 7429.6264 7356.1181 7362.4351 7442.4341 9456.1752 9862.5491 10696.1886 11159.3156 11907.4819 10471.1508 7900.8307 7650.0000 8041.7800 7820.0000 8065.5455 9183.2851 10595.9851 12017.4051 11700.6976 11259.8601 10471.1926 10089.3632 8232.0001 8159.7457 8154.0465 8220.4227 12433.1673 11065.2847 8672.8686 8445.0000
2311.7310 4234.9410 9376.9185 11347.2342 1093.7660 1690.9905 2863.0796 3483.0446 8177.7885 8802.0934 9993.0088 10617.5374 11325.3190 9350.3864 7150.0000 4175.8652 2201.6414 0.0000 2201.6414 4175.8652 9350.3864 11325.3190 10617.5374 9993.0088 8802.0934 8177.7885 3483.0446 2863.0796 1690.9905 1093.7660 2311.7310 4234.9410 9376.9185 11347.2342 11473.5010 9529.3284 4562.4801 2868.0307 2378.8283 2705.9100 3558.0507 4073.5856 8446.2254 9052.0356 10213.8497 10825.6455 11590.1618 9669.4739 7591.1132 4848.3863 3303.9711 2550.0000 3432.6702 4936.9879 9714.2022 11627.5040 11012.4747 10411.6629 9274.6617 8684.3954 4546.8780 4091.4209 3376.6772 3120.7089 3932.8870 5297.0015 9902.0250 11784.8727 12146.0992 10329.3078 6058.2774 4910.4073 4808.9837 4978.9004 5488.8273 5836.2317 9423.7054 9970.2983 11035.8609 11604.4000 12385.7115 10610.0295 6525.4004 5476.3332 5100.0000 5632.4262 6656.9400 8782.5110 10691.4323 12455.5148 11950.8201 11399.5713 10371.4439 9847.1429 6497.8150 6187.6672 5740.1611 5593.4179 6212.5760 7154.4898 11008.1152 12728.3827 13282.2899 11644.1445 8099.0262 7280.3571 7321.1218 7433.8381 7784.5825 8033.3119 10921.4799 11396.4621 12339.4783 12850.4708 13619.2823 12027.1246 8640.5932 7878.4024 7650.0000 8041.7800 8789.8151 10471.1508 12134.7734 13714.4395 13318.2056 12825.8616 11921.3820 11468.1613 8762.0831 8534.6192 8215.9570 8114.1126 14076.4067 12542.4120 9344.5291 8644.6284
795.0000 2129.0021 7194.0618 9159.5660 1277.6341 738.5621 799.0307 1350.1204 5987.6748 6610.8149 7800.0929 8423.9732 9126.5834 7152.0207 4950.7297 1982.3030 170.0000 2201.6414 0.0000 1975.0000 7150.0000 9125.0000 8415.8972 7791.3702 6600.5207 5976.3073 1298.7783 708.8371 639.9016 1223.2534 625.0000 2071.5332 7177.2645 9146.3791 9292.2360 7362.2364 2642.0920 1755.0000 2379.3589 2138.8020 2160.4282 2419.0546 6315.1603 6908.8258 8054.2194 8659.8109 9430.2717 7535.7083 5529.8033 3092.7375 2380.0000 3303.9711 2550.0000 3225.3876 7591.1132 9474.6042 8884.6117 8295.4475 7188.5933 6620.0641 3129.8283 2934.5272 2918.6425 3099.2497 3175.0000 3739.1510 7823.2426 9661.5863 10089.5317 8345.9886 4736.4174 4305.0000 4763.9636 4648.4916 4658.4815 4783.9131 7544.2196 8047.7248 9050.1077 9593.0352 10371.6211 8684.8949 5310.8874 4930.0000 5476.3332 5100.0000 5469.0607 7046.4690 8782.5110 10453.4982 10002.5159 9483.0612 8531.6982 8058.4893 5559.6605 5452.1051 5443.5718 5542.5039 5725.0000 6056.0920 9159.5920 10772.2444 11413.0035 9905.2272 7133.8384 6855.0000 7261.8420 7186.6177 7193.0835 7274.9450 9324.9262 9736.7794 10580.3332 11048.3177 11798.9841 10347.6036 7736.3444 7480.0000 7878.4024 7650.0000 7900.8307 9040.5600 10471.1508 11907.4819 11583.1483 11137.6591 10339.6748 9952.8011 8064.0452 7990.2722 7984.4520 8052.2263 12318.3298 10936.0928 8507.4232 8275.0000
2129.0021 795.0000 5235.7091 7194.0618 3194.0373 2578.0320 1425.0702 863.9734 4022.3468 4643.3984 5830.2080 6453.2511 7152.0207 5177.7915 2976.2140 170.0000 1982.3030 4175.8652 1975.0000 0.0000 5175.0000 7150.0000 6442.7052 5818.5329 4628.7308 4005.4056 781.3130 1376.5264 2551.5190 3172.6762 2071.5332 625.0000 5212.6049 7177.2645 7362.2364 5464.4899 1755.0000 2642.0920 3772.3831 3267.3000 2461.6712 2185.2803 4495.3614 5058.6707 6166.0624 6758.2135 7535.7083 5696.0535 3863.5282 2380.0000 3092.7375 4848.3863 3225.3876 2550.0000 5769.1529 7591.1132 7043.9655 6477.9877 5434.5330 4914.4963 2952.8715 3162.8824 3823.5127 4263.2000 3739.1510 3175.0000 6071.3466 7823.2426 8345.9886 6731.5414 4305.0000 4736.4174 5591.5002 5263.9575 4805.6035 4670.0589 6102.6448 6528.7173 7419.8602 7918.8036 8684.8949 7147.4139 4930.0000 5310.8874 6525.4004 5469.0607 5100.0000 5831.0248 7265.7157 8782.5110 8410.1992 7942.1864 7116.7513 6728.0216 5462.0005 5578.3353 5977.7294 6268.0838 6056.0920 5725.0000 7717.2696 9159.5920 9905.2272 8589.0424 6855.0000 7133.8384 7829.6790 7599.2269 7289.2266 7200.5868 8202.5163 8524.2682 9224.6043 9630.4958 10347.6036 9095.6597 7480.0000 7736.3444 8640.5932 7900.8307 7650.0000 8128.9513 9235.9691 10471.1508 10239.6509 9858.8704 9206.9077 8909.8414 7997.0276 8076.9317 8357.7658 8567.8395 10936.0928 9759.9308 8275.0000 8507.4232
7194.0618 5235.7091 795.0000 2129.0021 8346.1038 7722.2454 6533.0276 5909.9344 1277.6341 738.5621 799.0307 1350.1204 1982.3030 170.0000 2201.6414 5177.7915 7152.0207 9350.3864 7150.0000 5175.0000 0.0000 1975.0000 1298.7783 708.8371 639.9016 1223.2534 5898.4172 6522.6107 7713.4346 8337.9523 7177.2645 5212.6049 625.0000 2071.5332 2642.0920 1755.0000 5464.4899 7362.2364 8584.0811 7978.8517 6834.4312 6241.5002 2379.3589 2138.8020 2160.4282 2419.0546 3092.7375 2380.0000 3303.9711 5696.0535 7535.7083 9669.4739 7591.1132 5769.1529 2550.0000 3225.3876 3129.8283 2934.5272 2918.6425 3099.2497 6549.8340 7117.1237 8222.2913 8810.8143 7823.2426 6071.3466 3175.0000 3739.1510 4736.4174 4305.0000 6731.5414 8345.9886 9524.7283 8983.0994 7983.9495 7482.6683 4763.9636 4648.4916 4658.4815 4783.9131 5310.8874 4930.0000 7147.4139 8684.8949 10610.0295 8782.5110 7265.7157 5476.3332 5100.0000 5469.0607 5559.6605 5452.1051 5443.5718 5542.5039 8000.8953 8471.5672 9419.1334 9937.0242 9159.5920 7717.2696 5725.0000 6056.0920 7133.8384 6855.0000 8589.0424 9905.2272 10989.0604 10523.0734 9684.1339 9275.1995 7261.8420 7186.6177 7193.0835 7274.9450 7736.3444 7480.0000 9095.6597 10347.6036 12027.1246 10471.1508 9235.9691 7878.4024 7650.0000 7900.8307 8064.0452 7990.2722 7984.4520 8052.2263 9906.2266 10290.1142 11083.2790 11526.6408 8507.4232 8275.0000 9759.9308 10936.0928
9159.5660 7194.0618 2129.0021 795.0000 10318.4046 9694.1399 8503.8418 7879.9397 3194.0373 2578.0320 1425.0702 863.9734 170.0000 1982.3030 4175.8652 7152.0207 9126.5834 11325.3190 9125.0000 7150.0000 1975.0000 0.0000 781.3130 1376.5264 2551.5190 3172.6762 7871.3055 8495.8416 9687.1228 10311.8124 9146.3791 7177.2645 2071.5332 625.0000 1755.0000 2642.0920 7362.2364 9292.2360 10511.8254 9899.7651 8737.5240 8131.5712 3772.3831 3267.3000 2461.6712 2185.2803 2380.0000 3092.7375 4848.3863 7535.7083 9430.2717 11590.1618 9474.6042 7591.1132 3225.3876 2550.0000 2952.8715 3162.8824 3823.5127 4263.2000 8370.5705 8960.3753 10096.9970 10697.7789 9661.5863 7823.2426 3739.1510 3175.0000 4305.0000 4736.4174 8345.9886 10089.5317 11293.0277 10725.6398 9663.2461 9119.0158 5591.5002 5263.9575 4805.6035 4670.0589 4930.0000 5310.8874 8684.8949 10371.6211 12385.7115 10453.4982 8782.5110 6525.4004 5469.0607 5100.0000 5462.0005 5578.3353 5977.7294 6268.0838 9548.8455 10069.8721 11093.3921 11642.8722 10772.2444 9159.5920 6056.0920 5725.0000 6855.0000 7133.8384 9905.2272 11413.0035 12552.7477 12044.8474 11109.3350 10639.3350 7829.6790 7599.2269 7289.2266 7200.5868 7480.0000 7736.3444 10347.6036 11798.9841 13619.2823 11907.4819 10471.1508 8640.5932 7900.8307 7650.0000 7997.0276 8076.9317 8357.7658 8567.8395 11193.7237 11641.3627 12537.2385 13025.9539 8275.0000 8507.4232 10936.0928 12318.3298
8482.9358 6530.0325 1679.1962 1320.3503 9625.3033 9002.6157 7816.0492 7194.6160 2569.7011 1985.3184 1015.1970 800.0000 863.9734 1350.1204 3483.0446 6453.2511 8423.9732 10617.5374 8415.8972 6442.7052 1298.7783 781.3130 0.0000 625.0000 1817.0000 2442.0000 7150.0000 7775.0000 8967.0000 9592.0000 8415.7115 6442.4627 1297.5747 779.3106 1607.7391 1913.4262 6594.1508 8532.3912 9750.3315 9136.1693 7969.5122 7361.0461 3004.3076 2522.6948 1858.2586 1750.0000 2185.2803 2419.0546 4073.5856 6758.2135 8659.8109 10825.6455 8701.9150 6812.0812 2565.7017 2346.5826 2550.0000 2625.4761 3131.1322 3530.7030 7591.1132 8182.4889 9322.5313 9925.1682 8883.0006 7041.9333 3125.2520 2948.0205 4053.5571 4184.2204 7571.6131 9308.5015 10511.7298 9944.7016 8884.8537 8343.4106 4945.0343 4668.1355 4345.1841 4300.0000 4670.0589 4783.9131 7918.8036 9593.0352 11604.4000 9675.9664 8019.0679 5836.2317 4948.1133 4838.1246 5100.0000 5138.1539 5414.0086 5654.4994 8782.5110 9298.4206 10315.8659 10863.5383 9999.8100 8406.9807 5554.7907 5457.0436 6578.9684 6660.2703 9175.0109 10653.6238 11786.8131 11284.0413 10362.1004 9901.7675 7272.2668 7086.8885 6878.4537 6850.0000 7200.5868 7274.9450 9630.4958 11048.3177 12850.4708 11159.3156 9757.6355 8033.3119 7442.4341 7369.7659 7650.0000 7675.4886 7862.8232 8030.3091 10471.1508 10907.4802 11786.8397 12269.0246 7992.0476 8059.1067 10235.7621 11579.7107
7863.7348 5915.0824 1278.7983 1740.0287 9002.6157 8380.2723 7194.6160 6573.8592 1985.3184 1435.5710 800.0000 1015.1970 1425.0702 799.0307 2863.0796 5830.2080 7800.0929 9993.0088 7791.3702 5818.5329 708.8371 1376.5264 625.0000 0.0000 1192.0000 1817.0000 6525.0000 7150.0000 8342.0000 8967.0000 7791.1697 5818.2643 706.6293 1375.3909 1967.0282 1573.7932 5985.7915 7917.0591 9136.1693 8523.5828 7361.0461 6755.5995 2522.6948 2117.3956 1750.0000 1858.2586 2461.6712 2160.4282 3558.0507 6166.0624 8054.2194 10213.8497 8099.4722 6225.0562 2323.4565 2605.9211 2625.4761 2550.0000 2814.8471 3131.1322 7005.5781 7591.1132 8723.0421 9322.5313 8293.7220 6475.7779 2929.6459 3158.3540 4209.0023 4040.2135 7048.1345 8747.9326 9944.7016 9385.0394 8343.4106 7814.4498 4668.1355 4462.1591 4300.0000 4345.1841 4805.6035 4658.4815 7419.8602 9050.1077 11035.8609 9137.9675 7526.7739 5488.8273 4826.9504 4969.0869 5138.1539 5100.0000 5237.4482 5414.0086 8281.6439 8782.5110 9777.4723 10315.8659 9480.2070 7938.7782 5447.1392 5573.4819 6675.8670 6570.7553 8748.0112 10167.4886 11284.0413 10794.0476 9901.7675 9460.3449 7086.8885 6952.9392 6850.0000 6878.4537 7289.2266 7193.0835 9224.6043 10580.3332 12339.4783 10696.1886 9357.2605 7784.5825 7362.4351 7456.3949 7675.4886 7650.0000 7742.3100 7862.8232 10054.7563 10471.1508 11318.6335 11786.8397 8072.0010 7985.2880 9854.8313 11134.0839
6685.7871 4749.5288 1241.9134 2764.6200 7816.0492 7194.6160 6011.4694 5392.6699 1015.1970 800.0000 1435.5710 1985.3184 2578.0320 738.5621 1690.9905 4643.3984 6610.8149 8802.0934 6600.5207 4628.7308 639.9016 2551.5190 1817.0000 1192.0000 0.0000 625.0000 5333.0000 5958.0000 7150.0000 7775.0000 6600.2840 4628.3932 637.4551 2550.9065 2912.8378 1543.9718 4837.3054 6748.4257 7969.5122 7361.0461 6209.6911 5612.7880 1858.2586 1750.0000 2117.3956 2522.6948 3267.3000 2138.8020 2705.9100 5058.6707 6908.8258 9052.0356 6961.5281 5130.4141 2303.3615 3377.3139 3131.1322 2814.8471 2550.0000 2625.4761 5911.2933 6480.7611 7591.1132 8182.4889 7186.6020 5431.8987 2913.7345 3819.7675 4725.5819 4028.6907 6102.9521 7706.3447 8884.8537 8343.4106 7347.6366 6850.6123 4345.1841 4300.0000 4462.1591 4668.1355 5263.9575 4648.4916 6528.7173 8047.7248 9970.2983 8146.4025 6649.9736 4978.9004 4817.3098 5413.6170 5414.0086 5237.4482 5100.0000 5138.1539 7379.0846 7842.6886 8782.5110 9298.4206 8528.5256 7112.9476 5438.5981 5973.2005 7013.0324 6563.6765 8006.0929 9286.5090 10362.1004 9901.7675 9078.5607 8681.2090 6878.4537 6850.0000 6952.9392 7086.8885 7599.2269 7186.6177 8524.2682 9736.7794 11396.4621 9862.5491 8667.6496 7433.8381 7356.1181 7759.7196 7862.8232 7742.3100 7650.0000 7675.4886 9325.4163 9696.4047 10471.1508 10907.4802 8353.0009 7979.4642 9202.5825 10335.8236
6070.3479 4144.4118 1621.4882 3346.4532 7194.6160 6573.8592 5392.6699 4775.4857 800.0000 1015.1970 1985.3184 2569.7011 3194.0373 1277.6341 1093.7660 4022.3468 5987.6748 8177.7885 5976.3073 4005.4056 1223.2534 3172.6762 2442.0000 1817.0000 625.0000 0.0000 4708.0000 5333.0000 6525.0000 7150.0000 5976.0458 4005.0155 1221.9754 3172.1836 3469.9062 1862.9879 4244.7201 6139.2690 7361.0461 6755.5995 5612.7880 5022.7248 1750.0000 1858.2586 2522.6948 3004.3076 3772.3831 2379.3589 2378.8283 4495.3614 6315.1603 8446.2254 6372.7740 4575.9451 2528.3095 3868.0582 3530.7030 3131.1322 2625.4761 2550.0000 5354.2286 5911.2933 7005.5781 7591.1132 6617.9018 4911.5831 3094.6282 4259.8414 5087.9022 4161.3969 5644.8338 7178.9361 8343.4106 7814.4498 6850.6123 6376.1481 4300.0000 4345.1841 4668.1355 4945.0343 5591.5002 4763.9636 6102.6448 7544.2196 9423.7054 7649.3953 6232.1966 4808.9837 4928.8284 5732.6149 5654.4994 5414.0086 5138.1539 5100.0000 6940.8403 7379.0846 8281.6439 8782.5110 8055.1303 6723.9980 5537.6190 6263.7648 7262.1105 6645.9555 7662.6137 8853.7350 9901.7675 9460.3449 8681.2090 8311.9050 6850.0000 6878.4537 7086.8885 7272.2668 7829.6790 7261.8420 8202.5163 9324.9262 10921.4799 9456.1752 8351.4235 7321.1218 7429.6264 7985.5416 8030.3091 7862.8232 7675.4886 7650.0000 8982.6368 9325.4163 10054.7563 10471.1508 8563.1915 8047.2805 8905.3719 9948.8001
1679.1962 1320.3503 5993.6800 7942.9418 2569.7011 1985.3184 1015.1970 800.0000 4775.4857 5392.6699 6573.8592 7194.6160 7879.9397 5909.9344 3711.6169 863.9734 1350.1204 3483.0446 1298.7783 781.3130 5898.4172 7871.3055 7150.0000 6525.0000 5333.0000 4708.0000 0.0000 625.0000 1817.0000 2442.0000 1297.5747 779.3106 5898.1523 7871.1070 7995.7379 6063.4726 1607.7391 1913.4262 3004.3076 2522.6948 1858.2586 1750.0000 5022.7248 5612.7880 6755.5995 7361.0461 8131.5712 6241.5002 4270.6674 2185.2803 2419.0546 4073.5856 2565.7017 2346.5826 6299.7877 8176.3959 7591.1132 7005.5781 5911.2933 5354.2286 2550.0000 2625.4761 3131.1322 3530.7030 3125.2520 2948.0205 6547.6484 8368.8604 8819.2021 7114.2252 4053.5571 4184.2204 4945.0343 4668.1355 4345.1841 4300.0000 6376.1481 6850.6123 7814.4498 8343.4106 9119.0158 7482.6683 4670.0589 4783.9131 5836.2317 4948.1133 4838.1246 5975.4581 7588.6972 9206.2180 8782.5110 8281.6439 7379.0846 6940.8403 5100.0000 5138.1539 5414.0086 5654.4994 5554.7907 5457.0436 7997.5121 9546.0109 10228.8721 8801.3465 6578.9684 6660.2703 7272.2668 7086.8885 6878.4537 6850.0000 8311.9050 8681.2090 9460.3449 9901.7675 10639.3350 9275.1995 7200.5868 7274.9450 8033.3119 7442.4341 7369.7659 8135.0230 9407.1422 10754.5548 10471.1508 10054.7563 9325.4163 8982.6368 7650.0000 7675.4886 7862.8232 8030.3091 11190.1664 9902.2068 7992.0476 8059.1067
1278.7983 1740.0287 6608.8823 8562.2544 1985.3184 1435.5710 800.0000 1015.1970 5392.6699 6011.4694 7194.6160 7816.0492 8503.8418 6533.0276 4333.5003 1425.0702 799.0307 2863.0796 708.8371 1376.5264 6522.6107 8495.8416 7775.0000 7150.0000 5958.0000 5333.0000 625.0000 0.0000 1192.0000 1817.0000 706.6293 1375.3909 6522.3711 8495.6577 8611.2543 6672.2429 1967.0282 1573.7932 2522.6948 2117.3956 1750.0000 1858.2586 5612.7880 6209.6911 7361.0461 7969.5122 8737.5240 6834.4312 4820.9672 2461.6712 2160.4282 3558.0507 2323.4565 2605.9211 6887.7028 8779.2554 8182.4889 7591.1132 6480.7611 5911.2933 2625.4761 2550.0000 2814.8471 3131.1322 2929.6459 3158.3540 7115.1124 8958.7778 9380.8422 7639.7202 4209.0023 4040.2135 4668.1355 4462.1591 4300.0000 4345.1841 6850.6123 7347.6366 8343.4106 8884.8537 9663.2461 7983.9495 4805.6035 4658.4815 5488.8273 4826.9504 4969.0869 6380.3781 8083.4058 9745.5798 9298.4206 8782.5110 7842.6886 7379.0846 5138.1539 5100.0000 5237.4482 5414.0086 5447.1392 5573.4819 8468.3720 10067.1843 10716.8885 9231.2960 6675.8670 6570.7553 7086.8885 6952.9392 6850.0000 6878.4537 8681.2090 9078.5607 9901.7675 10362.1004 11109.3350 9684.1339 7289.2266 7193.0835 7784.5825 7362.4351 7456.3949 8436.9263 9810.5785 11219.7293 10907.4802 10471.1508 9696.4047 9325.4163 7675.4886 7650.0000 7742.3100 7862.8232 11637.9423 10286.2445 8072.0010 7985.2880
1241.9134 2764.6200 7786.5236 9745.4207 1015.1970 800.0000 1435.5710 1985.3184 6573.8592 7194.6160 8380.2723 9002.6157 9694.1399 7722.2454 5521.5079 2578.0320 738.5621 1690.9905 639.9016 2551.5190 7713.4346 9687.1228 8967.0000 8342.0000 7150.0000 6525.0000 1817.0000 1192.0000 0.0000 625.0000 637.4551 2550.9065 7713.2321 9686.9615 9788.4996 7840.3730 2912.8378 1543.9718 1858.2586 1750.0000 2117.3956 2522.6948 6755.5995 7361.0461 8523.5828 9136.1693 9899.7651 7978.8517 5911.8144 3267.3000 2138.8020 2705.9100 2303.3615 3377.3139 8024.5295 9936.6166 9322.5313 8723.0421 7591.1132 7005.5781 3131.1322 2814.8471 2550.0000 2625.4761 2913.7345 3819.7675 8220.5504 10095.5794 10471.9255 8678.5914 4725.5819 4028.6907 4345.1841 4300.0000 4462.1591 4668.1355 7814.4498 8343.4106 9385.0394 9944.7016 10725.6398 8983.0994 5263.9575 4648.4916 4978.9004 4817.3098 5413.6170 7239.9619 9071.6081 10799.8773 10315.8659 9777.4723 8782.5110 8281.6439 5414.0086 5237.4482 5100.0000 5138.1539 5438.5981 5973.2005 9416.2598 11090.9523 11683.8660 10107.8904 7013.0324 6563.6765 6878.4537 6850.0000 6952.9392 7086.8885 9460.3449 9901.7675 10794.0476 11284.0413 12044.8474 10523.0734 7599.2269 7186.6177 7433.8381 7356.1181 7759.7196 9104.3698 10639.5523 12146.7423 11786.8397 11318.6335 10471.1508 10054.7563 7862.8232 7742.3100 7650.0000 7675.4886 12534.0625 11079.6863 8353.0009 7979.4642
