0.0000 150.0000 304.1381 403.1129 527.3756 626.9968 4450.0000 4452.5274 4750.2632 4850.2577 4975.2512 5075.2463 6204.0813 6226.6062 5233.6054 5136.2073 4941.7229 4844.6491 4490.2673 4540.0991 4608.9587 1826.3693 1901.4797 1342.8049 1297.3531 1226.0200 1201.3014 600.0000 900.0000 1200.0000 2595.3083 2475.5050 2359.1577 2246.8033 1384.0611 1416.2009 2801.4505 2928.4168 3057.4704 3188.3577 5027.7356 5124.2682 6857.5688 6913.1216 6969.6664 3984.5012 4079.3688 4174.4760 4509.0187 4481.7686 4456.5962 4433.5370 4412.6239 4393.8878 4377.3565 4363.0551 4351.0056 4341.2268 4269.8068 4365.3465 5365.2819 5425.0576 5486.0049 5548.0853 5611.2610 5675.4956 5740.7534 5807.0001 5874.2021 5942.3270 7027.1794 7085.6369 8246.5523 8185.3909 8110.0247 8050.6211 7918.6489 8043.1648 6529.9789 6521.1675 6512.2961 6506.9194 6550.0000 6700.0000 7150.0000 7450.0000 7355.1428 7549.7103 8421.6982 8677.8454 9447.3872 9599.6419 9256.6530 9201.9359 9301.5120 9248.6823 9094.8131 9042.4347 8936.7220 8546.6733 8498.7131 8453.1429 8410.0015 7752.2980 7744.5545 7890.8571 7885.1522 7732.9247 7729.0442 7750.0000 8241.8520 8273.1871 8307.1129 8343.5978 10403.4249 11805.9837 11893.5382 11981.2875 12069.2274 12157.3537 11613.4082 11578.6981 11544.7499 11511.5703 11479.1659 11447.5434 11416.7092 11386.6698 11357.4315 11329.0004 10502.6782 10601.9456 10701.2266 10800.5208 10881.4636 10885.3686 10890.1905 10895.9281 10902.5800 10910.1444 10918.6194 10928.0030 10938.2928 10949.4863
150.0000 0.0000 360.5551 447.2136 561.8051 656.2202 4452.5274 4450.0000 4754.2087 4854.1220 4979.0185 5078.9394 6191.3750 6209.1163 5201.9828 5103.9813 4908.2201 4810.4704 4472.6949 4512.7597 4572.1986 1782.7296 1843.4004 1213.7236 1163.2390 1083.1090 1055.0474 450.0000 750.0000 1050.0000 2510.1046 2386.0270 2265.0883 2147.8187 1241.2192 1276.9593 2722.7055 2853.1781 2985.4857 3119.3950 4990.3031 5087.5461 6776.1530 6830.1720 6885.2197 3842.6879 3937.1627 4031.9040 4365.3465 4337.1938 4311.1773 4287.3360 4265.7063 4246.3219 4229.2139 4214.4098 4201.9341 4191.8075 4126.8935 4222.1144 5245.1168 5306.2463 5368.5426 5431.9656 5496.4761 5562.0365 5628.6100 5696.1610 5764.6552 5834.0595 6941.2715 6998.3034 8128.8452 8066.7915 7990.3066 7930.0063 7795.0305 7918.6489 6380.6837 6371.6658 6362.5860 6357.0827 6400.0000 6550.0000 7000.0000 7300.0000 7209.4123 7403.7575 8294.7272 8549.4152 9334.3787 9485.2847 9131.8467 9076.3773 9174.8638 9121.3006 8967.7547 8914.6298 8806.9575 8405.0952 8356.3225 8309.9714 8266.0828 7602.8366 7594.9408 7741.1643 7735.3491 7583.0815 7579.1243 7600.0000 8094.9444 8126.8459 8161.3801 8198.5136 10254.5722 11675.0268 11762.2808 11849.7363 11937.3887 12025.2339 11473.0663 11437.9303 11403.5630 11369.9714 11337.1623 11305.1426 11273.9190 11243.4981 11213.8865 11185.0905 10353.8036 10453.0498 10552.3102 10651.5844 10731.5539 10735.5135 10740.4027 10746.2203 10752.9647 10760.6343 10769.2270 10778.7407 10789.1728 10800.5208
304.1381 360.5551 0.0000 100.0000 225.0000 325.0000 4150.3012 4154.8165 4450.0000 4550.0000 4675.0000 4775.0000 5910.8481 5936.1709 4953.8495 4857.0181 4663.7565 4567.3433 4200.5952 4257.3466 4334.1666 1566.2455 1659.2544 1274.0192 1250.2500 1226.0200 1226.0200 715.8911 996.2429 1285.4960 2870.6489 2746.4750 2625.0000 2506.6162 1378.6316 1389.4693 2585.1741 2705.6654 2828.9795 2954.7631 4753.2226 4849.0334 6637.8649 6695.9876 6755.0907 3947.3092 4044.2861 4141.4068 4649.8656 4616.9525 4585.9841 4557.0001 4530.0386 4505.1360 4482.3264 4461.6421 4443.1126 4426.7652 4238.6613 4336.0408 5235.0979 5290.6758 5347.5462 5405.6683 5465.0023 5525.5090 5587.1504 5649.8894 5713.6897 5778.5162 6815.1486 6876.1363 8105.7464 8047.2433 7975.2743 7918.6489 7796.3132 7923.6986 6558.0580 6553.8634 6550.7633 6550.0000 6606.8147 6756.6634 7206.2473 7505.9976 7339.6611 7535.9555 8310.3851 8571.6101 9292.7727 9448.5779 9137.3204 9085.1871 9188.4778 9138.2780 8983.3527 8933.6793 8835.2985 8500.9191 8458.0213 8417.5783 8379.6256 7782.8738 7779.0183 7927.5233 7925.6309 7775.1608 7775.1608 7805.7671 8355.7241 8391.9977 8430.7844 8472.0496 10420.7125 11707.7432 11796.4507 11885.3376 11974.3998 12063.6334 11558.8170 11526.5454 11495.0533 11464.3469 11434.4326 11405.3167 11377.0053 11349.5044 11322.8199 11296.9576 10520.2780 10619.8517 10719.4333 10819.0226 10945.8325 10952.4541 10959.9840 10968.4206 10977.7616 10988.0048 10999.1477 11011.1875 11024.1213 11037.9459
403.1129 447.2136 100.0000 0.0000 125.0000 225.0000 4050.3086 4054.9353 4350.0000 4450.0000 4575.0000 4675.0000 5811.4650 5837.2189 4857.0181 4760.3177 4567.3433 4471.0877 4101.8289 4159.9279 4238.5139 1475.8472 1574.2061 1250.2500 1234.1495 1226.0200 1234.1495 763.2169 1030.7764 1312.4405 2954.7631 2828.9795 2705.6654 2585.1741 1375.0000 1378.6316 2506.6162 2625.0000 2746.4750 2870.6489 4657.5879 4753.2226 6556.3900 6615.2286 6675.0468 3923.8056 4021.3493 4119.0108 4684.6825 4649.8656 4616.9525 4585.9841 4557.0001 4530.0386 4505.1360 4482.3264 4461.6421 4443.1126 4216.7819 4314.6553 5180.8542 5235.0979 5290.6758 5347.5462 5405.6683 5465.0023 5525.5090 5587.1504 5649.8894 5713.6897 6735.8184 6797.5179 8047.2433 7989.5635 7918.6489 7862.8875 7743.5457 7871.7851 6553.8634 6551.1926 6550.0000 6550.7633 6612.1101 6761.8415 7211.1026 7510.6591 7320.9033 7517.6875 8260.9019 8523.6436 9229.8768 9386.7260 9085.1871 9033.8599 9138.2780 9088.9012 8933.6793 8884.8537 8788.7712 8472.0496 8430.7844 8391.9977 8355.7241 7779.0183 7776.4468 7925.6309 7925.0000 7775.1608 7776.4468 7810.2497 8379.6256 8417.5783 8458.0213 8500.9191 10411.8322 11661.7430 11750.7978 11840.0274 11929.4279 12018.9954 11526.5454 11495.0533 11464.3469 11434.4326 11405.3167 11377.0053 11349.5044 11322.8199 11296.9576 11271.9231 10511.4818 10611.1380 10710.8006 10810.4695 10952.4541 10959.9840 10968.4206 10977.7616 10988.0048 10999.1477 11011.1875 11024.1213 11037.9459 11052.6581
527.3756 561.8051 225.0000 125.0000 0.0000 100.0000 3925.3185 3930.0922 4225.0000 4325.0000 4450.0000 4550.0000 5687.2665 5713.5803 4736.1641 4639.6390 4447.0496 4351.0056 3978.4576 4038.3320 4119.2384 1364.7344 1470.5441 1231.3610 1225.2551 1237.4369 1255.4880 835.5387 1085.4147 1355.7747 3061.2497 2933.6411 2808.2468 2685.3771 1380.6701 1375.2273 2410.6534 2526.1136 2645.0425 2766.9930 4538.3092 4633.7080 6455.2788 6515.0307 6575.7604 3897.8359 3996.0136 4094.2795 4730.8165 4693.6793 4658.3930 4625.0000 4593.5417 4564.0580 4536.5874 4511.1667 4487.8308 4466.6123 4192.6275 4291.0517 5114.9902 5167.5067 5221.4103 5276.6585 5333.2096 5391.0226 5450.0573 5510.2745 5571.6358 5634.1037 6637.4411 6700.0466 7975.2743 7918.6489 7849.0843 7794.4291 7678.9078 7808.2088 6550.7633 6550.0000 6551.1926 6553.8634 6620.8478 6770.3859 7219.1153 7518.3525 7299.3150 7496.6659 8200.3430 8464.9646 9152.1855 9310.3437 9021.1557 8970.8556 9076.6872 9028.3581 8872.7814 8825.0354 8731.8741 8437.4907 8398.2885 8361.5937 8327.4396 7776.0048 7775.0402 7925.0394 7925.9857 7776.9692 7779.8618 7817.6483 8411.0790 8451.1094 8493.6005 8538.5157 10402.0731 11605.1982 11694.6836 11784.3381 11874.1579 11964.1391 11487.3028 11456.7938 11427.0786 11398.1632 11370.0539 11342.7565 11316.2770 11290.6211 11265.7945 11241.8026 10501.8153 10601.5624 10701.3142 10801.0705 10962.0083 10970.6711 10980.2379 10990.7063 11002.0737 11014.3372 11027.4940 11041.5409 11056.4743 11072.2909
626.9968 656.2202 325.0000 225.0000 100.0000 0.0000 3825.3268 3830.2252 4125.0000 4225.0000 4350.0000 4450.0000 5587.9334 5614.7128 4639.6390 4543.2642 4351.0056 4255.1439 3879.8357 3941.2086 4024.0682 1277.6932 1390.1439 1225.2551 1227.2938 1255.4880 1281.1128 901.7344 1137.1565 1397.5425 3147.4196 3018.4847 2891.5826 2766.9930 1393.2875 1380.6701 2335.8617 2448.7242 2565.3947 2685.3771 4443.1126 4538.3092 6375.0000 6435.4973 6496.9704 3879.8357 3978.4576 4077.1467 4769.7615 4730.8165 4693.6793 4658.3930 4625.0000 4593.5417 4564.0580 4536.5874 4511.1667 4487.8308 4175.8981 4274.7076 5063.9041 5114.9902 5167.5067 5221.4103 5276.6585 5333.2096 5391.0226 5450.0573 5510.2745 5571.6358 6559.3921 6622.7355 7918.6489 7862.8875 7794.4291 7740.6799 7628.2780 7758.4228 6550.0000 6550.7633 6553.8634 6558.0580 6629.5268 6778.8734 7227.0758 7525.9966 7283.5431 7481.3100 8152.9519 8419.0632 9090.7920 9250.0000 8970.8556 8921.3928 9028.3581 8980.8825 8825.0354 8778.1689 8687.3831 8411.0790 8373.5446 8338.5400 8306.0972 7775.0402 7775.3617 7925.9857 7928.1934 7779.8618 7784.0382 7825.0000 8437.4907 8479.1656 8523.2770 8569.7870 10395.3415 11560.7364 11650.5633 11740.5547 11830.7069 11921.0161 11456.7938 11427.0786 11398.1632 11370.0539 11342.7565 11316.2770 11290.6211 11265.7945 11241.8026 11218.6508 10495.1477 10594.9575 10694.7709 10794.5878 10970.6711 10980.2379 10990.7063 11002.0737 11014.3372 11027.4940 11041.5409 11056.4743 11072.2909 11088.9867
4450.0000 4452.5274 4150.3012 4050.3086 3925.3185 3825.3268 0.0000 150.0000 304.1381 403.1129 527.3756 626.9968 1826.3693 1901.4797 1342.8049 1297.3531 1226.0200 1201.3014 600.0000 900.0000 1200.0000 2790.2733 2840.0044 3977.5149 4073.1591 4265.0469 4361.2642 4490.2673 4540.0991 4608.9587 6725.1859 6579.1812 6433.3603 6287.7361 4261.2351 4166.3083 2595.3083 2475.5050 2359.1577 2246.8033 1384.0611 1416.2009 3984.5012 4079.3688 4174.4760 4932.6717 5009.6158 5087.3618 7175.0436 7095.5091 7016.4984 6938.0293 6860.1203 6782.7907 6706.0607 6629.9510 6554.4832 6479.6798 5165.8736 5245.1168 4509.0187 4481.7686 4456.5962 4433.5370 4412.6239 4393.8878 4377.3565 4363.0551 4351.0056 4341.2268 4269.8068 4365.3465 6529.9789 6521.1675 6512.2961 6506.9194 6550.0000 6700.0000 7541.9245 7593.1301 7658.4920 7711.8415 7918.6489 8043.1648 8421.6982 8677.8454 7651.6747 7838.8854 7150.0000 7450.0000 7355.1428 7549.7103 7752.2980 7744.5545 7890.8571 7885.1522 7732.9247 7729.0442 7750.0000 8241.8520 8273.1871 8307.1129 8343.5978 8609.0432 8653.6481 8810.1149 8855.4009 8745.6060 8792.9304 8936.7220 10120.0605 10211.1765 10303.6705 10397.5057 10802.1410 10403.4249 10502.6782 10601.9456 10701.2266 10800.5208 10881.4636 10885.3686 10890.1905 10895.9281 10902.5800 10910.1444 10918.6194 10928.0030 10938.2928 10949.4863 10897.7635 10993.4640 11089.2403 11185.0905 11897.3211 11938.2264 11979.8268 12022.1150 12065.0839 12108.7262 12153.0346 12198.0019 12243.6208 12289.8841
4452.5274 4450.0000 4154.8165 4054.9353 3930.0922 3830.2252 150.0000 0.0000 360.5551 447.2136 561.8051 656.2202 1782.7296 1843.4004 1213.7236 1163.2390 1083.1090 1055.0474 450.0000 750.0000 1050.0000 2761.9060 2801.4505 3935.8131 4032.4465 4226.1833 4323.2655 4472.6949 4512.7597 4572.1986 6692.7666 6546.0389 6399.4629 6253.0493 4217.0043 4121.0587 2510.1046 2386.0270 2265.0883 2147.8187 1241.2192 1276.9593 3842.6879 3937.1627 4031.9040 4818.8432 4894.5122 4971.0411 7085.6369 7005.0874 6925.0451 6845.5277 6766.5538 6688.1425 6610.3139 6533.0889 6456.4890 6380.5368 5048.3908 5126.5242 4365.3465 4337.1938 4311.1773 4287.3360 4265.7063 4246.3219 4229.2139 4214.4098 4201.9341 4191.8075 4126.8935 4222.1144 6380.6837 6371.6658 6362.5860 6357.0827 6400.0000 6550.0000 7413.0375 7465.1273 7531.6001 7585.8421 7795.0305 7918.6489 8294.7272 8549.4152 7511.6992 7698.4170 7000.0000 7300.0000 7209.4123 7403.7575 7602.8366 7594.9408 7741.1643 7735.3491 7583.0815 7579.1243 7600.0000 8094.9444 8126.8459 8161.3801 8198.5136 8474.7050 8520.0132 8676.2967 8722.2775 8613.3980 8661.4447 8806.9575 10000.7812 10092.9740 10186.5414 10281.4457 10658.8578 10254.5722 10353.8036 10453.0498 10552.3102 10651.5844 10731.5539 10735.5135 10740.4027 10746.2203 10752.9647 10760.6343 10769.2270 10778.7407 10789.1728 10800.5208 10754.3596 10849.9424 10945.6041 11041.3428 11760.3678 11801.7478 11843.8275 11886.5996 11930.0566 11974.1910 12018.9954 12064.4623 12110.5842 12157.3537
4750.2632 4754.2087 4450.0000 4350.0000 4225.0000 4125.0000 304.1381 360.5551 0.0000 100.0000 225.0000 325.0000 1566.2455 1659.2544 1274.0192 1250.2500 1226.0200 1226.0200 715.8911 996.2429 1285.4960 3094.0467 3142.1529 4279.0916 4375.0000 4567.3433 4663.7565 4794.2674 4844.0685 4911.7207 7028.7357 6882.6321 6736.6999 6590.9502 4562.1404 4466.8921 2870.6489 2746.4750 2625.0000 2506.6162 1378.6316 1389.4693 3947.3092 4044.2861 4141.4068 5167.8090 5242.2562 5317.5417 7445.8881 7365.2054 7285.0017 7205.2932 7126.0964 7047.4286 6969.3077 6891.7523 6814.7817 6738.4160 5393.6305 5470.4890 4649.8656 4616.9525 4585.9841 4557.0001 4530.0386 4505.1360 4482.3264 4461.6421 4443.1126 4426.7652 4238.6613 4336.0408 6558.0580 6553.8634 6550.7633 6550.0000 6606.8147 6756.6634 7740.6799 7794.4291 7862.8875 7918.6489 8131.5743 8253.7870 8625.6884 8877.6405 7809.6495 7994.4121 7206.2473 7505.9976 7339.6611 7535.9555 7782.8738 7779.0183 7927.5233 7925.6309 7775.1608 7775.1608 7805.7671 8355.7241 8391.9977 8430.7844 8472.0496 8789.8023 8836.8900 8992.6706 9040.3609 8933.6793 8983.3527 9132.4969 10342.9022 10436.3847 10531.1740 10627.2351 10941.4921 10420.7125 10520.2780 10619.8517 10719.4333 10819.0226 10945.8325 10952.4541 10959.9840 10968.4206 10977.7616 10988.0048 10999.1477 11011.1875 11024.1213 11037.9459 11036.3604 11131.3184 11226.3641 11321.4950 12067.3630 12110.1713 12153.6517 12197.7969 12242.5998 12288.0531 12334.1497 12380.8824 12428.2440 12476.2274
4850.2577 4854.1220 4550.0000 4450.0000 4325.0000 4225.0000 403.1129 447.2136 100.0000 0.0000 125.0000 225.0000 1475.8472 1574.2061 1250.2500 1234.1495 1226.0200 1234.1495 763.2169 1030.7764 1312.4405 3191.8842 3238.5375 4375.0000 4471.0877 4663.7565 4760.3177 4893.3629 4942.1655 5008.4928 7126.2280 6980.0161 6833.9685 6688.0958 4657.5879 4562.1404 2954.7631 2828.9795 2705.6654 2585.1741 1375.0000 1378.6316 3923.8056 4021.3493 4119.0108 5235.5754 5309.0724 5383.4236 7527.0346 7445.8881 7365.2054 7285.0017 7205.2932 7126.0964 7047.4286 6969.3077 6891.7523 6814.7817 5458.5941 5534.5506 4684.6825 4649.8656 4616.9525 4585.9841 4557.0001 4530.0386 4505.1360 4482.3264 4461.6421 4443.1126 4216.7819 4314.6553 6553.8634 6551.1926 6550.0000 6550.7633 6612.1101 6761.8415 7794.4291 7849.0843 7918.6489 7975.2743 8190.3907 8311.7387 8681.1578 8931.5452 7848.9251 8032.7844 7211.1026 7510.6591 7320.9033 7517.6875 7779.0183 7776.4468 7925.6309 7925.0000 7775.1608 7776.4468 7810.2497 8379.6256 8417.5783 8458.0213 8500.9191 8836.8900 8884.8537 9040.3609 9088.9012 8983.3527 9033.8599 9184.9061 10405.0769 10499.4345 10595.0755 10691.9654 10973.6616 10411.8322 10511.4818 10611.1380 10710.8006 10810.4695 10952.4541 10959.9840 10968.4206 10977.7616 10988.0048 10999.1477 11011.1875 11024.1213 11037.9459 11052.6581 11068.2542 11162.9409 11257.7196 11352.5878 12110.1713 12153.6517 12197.7969 12242.5998 12288.0531 12334.1497 12380.8824 12428.2440 12476.2274 12524.8253
4975.2512 4979.0185 4675.0000 4575.0000 4450.0000 4350.0000 527.3756 561.8051 225.0000 125.0000 0.0000 100.0000 1364.7344 1470.5441 1231.3610 1225.2551 1237.4369 1255.4880 835.5387 1085.4147 1355.7747 3314.3627 3359.3154 4495.1363 4591.4322 4784.4801 4881.2140 5017.2826 5064.8914 5129.6321 7248.1894 7101.8484 6955.6632 6809.6439 4777.1592 4681.4795 3061.2497 2933.6411 2808.2468 2685.3771 1380.6701 1375.2273 3897.8359 3996.0136 4094.2795 5321.7126 5394.0361 5467.2319 7629.0973 7547.3919 7466.1319 7385.3317 7305.0068 7225.1730 7145.8467 7067.0450 6988.7857 6911.0871 5541.2656 5616.1041 4730.8165 4693.6793 4658.3930 4625.0000 4593.5417 4564.0580 4536.5874 4511.1667 4487.8308 4466.6123 4192.6275 4291.0517 6550.7633 6550.0000 6551.1926 6553.8634 6620.8478 6770.3859 7862.8875 7918.6489 7989.5635 8047.2433 8265.0242 8385.2922 8751.6070 9000.0347 7899.5253 8082.2336 7219.1153 7518.3525 7299.3150 7496.6659 7776.0048 7775.0402 7925.0394 7925.9857 7776.9692 7779.8618 7817.6483 8411.0790 8451.1094 8493.6005 8538.5157 8896.9798 8946.0187 9101.1675 9150.7513 9046.6154 9098.1454 9251.5201 10483.6182 10579.0477 10675.7318 10773.6368 11015.0182 10402.0731 10501.8153 10601.5624 10701.3142 10801.0705 10962.0083 10970.6711 10980.2379 10990.7063 11002.0737 11014.3372 11027.4940 11041.5409 11056.4743 11072.2909 11109.2585 11203.5988 11298.0363 11392.5688 12164.6260 12208.9363 12253.9024 12299.5173 12345.7736 12392.6642 12440.1819 12488.3195 12537.0700 12586.4262
5075.2463 5078.9394 4775.0000 4675.0000 4550.0000 4450.0000 626.9968 656.2202 325.0000 225.0000 100.0000 0.0000 1277.6932 1390.1439 1225.2551 1227.2938 1255.4880 1281.1128 901.7344 1137.1565 1397.5425 3412.4771 3456.1539 4591.4322 4687.8833 4881.2140 4978.0769 5116.4563 5163.1507 5226.6744 7345.8322 7199.3923 7053.1022 6906.9711 4873.0124 4777.1592 3147.4196 3018.4847 2891.5826 2766.9930 1393.2875 1380.6701 3879.8357 3978.4576 4077.1467 5391.7182 5463.1150 5535.3975 7711.2337 7629.0973 7547.3919 7466.1319 7385.3317 7305.0068 7225.1730 7145.8467 7067.0450 6988.7857 5608.5314 5682.4841 4769.7615 4730.8165 4693.6793 4658.3930 4625.0000 4593.5417 4564.0580 4536.5874 4511.1667 4487.8308 4175.8981 4274.7076 6550.0000 6550.7633 6553.8634 6558.0580 6629.5268 6778.8734 7918.6489 7975.2743 8047.2433 8105.7464 8325.6006 8445.0059 8808.8379 9055.6957 7941.1901 8122.9613 7227.0758 7525.9966 7283.5431 7481.3100 7775.0402 7775.3617 7925.9857 7928.1934 7779.8618 7784.0382 7825.0000 8437.4907 8479.1656 8523.2770 8569.7870 8946.0187 8995.9018 9150.7513 9201.1548 9098.1454 9150.4781 9305.6770 10547.0968 10643.3665 10740.8682 10839.5687 11049.0101 10395.3415 10495.1477 10594.9575 10694.7709 10794.5878 10970.6711 10980.2379 10990.7063 11002.0737 11014.3372 11027.4940 11041.5409 11056.4743 11072.2909 11088.9867 11142.9630 11237.0203 11331.1793 11425.4376 12208.9363 12253.9024 12299.5173 12345.7736 12392.6642 12440.1819 12488.3195 12537.0700 12586.4262 12636.3810
6204.0813 6191.3750 5910.8481 5811.4650 5687.2665 5587.9334 1826.3693 1782.7296 1566.2455 1475.8472 1364.7344 1277.6932 0.0000 200.0000 1219.1185 1308.1475 1490.3859 1583.1140 1725.0000 1750.8926 1826.3693 4450.0000 4454.4921 5554.8402 5654.3125 5853.3110 5952.8355 6175.0000 6182.2832 6204.0813 8326.5389 8177.4843 8028.4650 7879.4829 5820.3307 5721.1231 3935.2573 3789.6240 3644.3449 3499.4642 1510.3807 1423.4641 3206.7312 3305.7715 3404.8678 5838.7178 5893.6937 5949.8424 8329.3532 8240.0319 8150.9585 8062.1415 7973.5892 7885.3107 7797.3152 7709.6125 7622.2126 7535.1261 6007.1312 6065.5276 4782.8470 4720.7653 4660.0027 4600.6114 4542.6452 4486.1593 4431.2103 4377.8562 4326.1559 4276.1694 3504.0156 3603.2104 6001.6664 6020.7973 6046.9517 6069.6478 6195.0081 6339.2133 8100.1543 8168.9963 8255.9448 8326.2011 8575.1458 8679.8978 9001.8401 9222.4251 7918.6489 8084.8624 6773.3393 7063.8605 6550.0000 6750.0000 7205.6402 7221.2360 7377.4149 7394.6771 7256.4626 7276.0738 7355.1428 8201.6005 8264.4570 8329.5408 8396.8000 9016.1660 9077.7888 9226.6597 9288.5010 9203.0566 9266.6742 9447.3872 10821.5641 10930.5192 11040.4370 11151.2892 10889.7027 9735.4057 9835.2999 9935.1963 10035.0947 10134.9951 10487.4032 10507.8839 10529.2747 10551.5698 10574.7636 10598.8502 10623.8235 10649.6772 10676.4051 10704.0004 10979.0995 11068.6777 11158.4329 11248.3610 12185.1600 12239.2044 12293.8247 12349.0131 12404.7622 12461.0644 12517.9122 12575.2982 12633.2151 12691.6557
6226.6062 6209.1163 5936.1709 5837.2189 5713.5803 5614.7128 1901.4797 1843.4004 1659.2544 1574.2061 1470.5441 1390.1439 200.0000 0.0000 1138.5298 1233.3896 1425.2193 1521.9231 1736.5555 1727.8961 1770.7696 4454.4921 4450.0000 5537.7116 5637.4861 5837.0583 5936.8552 6178.2380 6175.8097 6187.9419 8306.6991 8157.2820 8007.8867 7858.5145 5798.8145 5699.2324 3893.1029 3745.8310 3598.7845 3451.9922 1425.2193 1332.7603 3008.8411 3107.7524 3206.7312 5732.4188 5784.9481 5838.7178 8241.8520 8151.5719 8061.5213 7971.7078 7882.1396 7792.8252 7703.7734 7614.9934 7526.4949 7438.2878 5893.6937 5949.8424 4628.7822 4564.6057 4501.7358 4440.2280 4380.1398 4321.5304 4264.4607 4208.9933 4155.1925 4103.1238 3305.7715 3404.8678 5805.1701 5824.9464 5851.9762 5875.4255 6003.1762 6147.0013 7955.6584 8025.7398 8114.2236 8185.6964 8437.6019 8540.5284 8857.3769 9074.8623 7754.0312 7918.6489 6580.1311 6870.0892 6350.0000 6550.0000 7007.9419 7023.9768 7180.2681 7198.0032 7060.1877 7080.3425 7160.8746 8019.7413 8084.0120 8150.5368 8219.2609 8858.9644 8921.6730 9069.7988 9132.7022 9049.1022 9113.7945 9296.9417 10684.3928 10794.7325 10906.0190 11018.2235 10711.4717 9535.6240 9635.5137 9735.4057 9835.2999 9935.1963 10291.5317 10312.4015 10334.1969 10356.9119 10380.5407 10405.0769 10430.5141 10456.8458 10484.0653 10512.1656 10800.4919 10889.7027 10979.0995 11068.6777 12016.9932 12071.7905 12127.1648 12183.1082 12239.6129 12296.6713 12354.2756 12412.4182 12471.0916 12530.2883
5233.6054 5201.9828 4953.8495 4857.0181 4736.1641 4639.6390 1342.8049 1213.7236 1274.0192 1250.2500 1231.3610 1225.2551 1219.1185 1138.5298 0.0000 100.0000 300.0000 400.0000 867.8277 705.7797 650.4806 3423.6311 3395.7694 4450.0000 4550.0000 4750.0000 4850.0000 5132.3119 5107.4088 5100.0613 7208.5019 7058.6826 6908.8711 6759.0680 4702.3930 4602.4450 2772.1833 2623.4519 2474.8737 2326.4780 291.5476 212.1320 2674.0653 2771.3941 2868.9066 4625.0000 4681.9467 4740.3191 7110.7753 7021.2624 6932.0361 6843.1078 6754.4892 6666.1927 6578.2311 6490.6182 6403.3683 6316.4963 4800.0651 4861.1341 3691.6290 3640.4842 3591.3960 3544.4499 3499.7321 3457.3292 3417.3272 3379.8114 3344.8655 3312.5708 2966.5847 3064.4127 5325.0587 5326.4669 5330.8653 5336.4900 5414.1597 5563.1039 6955.6632 7020.4167 7102.5084 7169.0742 7409.4956 7519.0176 7855.6111 8086.1378 6862.3065 7037.1336 6010.2517 6308.5755 6070.9349 6267.8744 6550.0000 6550.7633 6701.6789 6704.6626 6556.8666 6562.2024 6607.0512 7273.2386 7322.0557 7373.6016 7427.8193 7918.6489 7975.2743 8127.1151 8184.1310 8091.0444 8150.1534 8321.0952 9652.5903 9758.0736 9864.7098 9972.4621 9917.3144 9171.3208 9271.0908 9370.8658 9470.6454 9570.4297 9754.0056 9765.0205 9777.0458 9790.0779 9804.1127 9819.1458 9835.1729 9852.1888 9870.1887 9889.1671 10009.6516 10102.1347 10194.7597 10287.5228 11138.4750 11187.9679 11238.1326 11288.9603 11340.4420 11392.5688 11445.3320 11498.7228 11552.7324 11607.3522
5136.2073 5103.9813 4857.0181 4760.3177 4639.6390 4543.2642 1297.3531 1163.2390 1250.2500 1234.1495 1225.2551 1227.2938 1308.1475 1233.3896 100.0000 0.0000 200.0000 300.0000 795.6915 614.9187 550.5679 3325.0940 3296.3996 4350.0000 4450.0000 4650.0000 4750.0000 5032.9539 5007.5568 5000.0625 7108.6215 6958.8074 6809.0014 6659.2042 4602.4450 4502.4993 2673.0133 2524.3811 2375.9209 2227.6669 212.1320 158.1139 2699.1897 2795.6439 2892.3390 4542.6452 4600.6114 4660.0027 7021.2624 6932.0361 6843.1078 6754.4892 6666.1927 6578.2311 6490.6182 6403.3683 6316.4963 6230.0181 4720.7653 4782.8470 3640.4842 3591.3960 3544.4499 3499.7321 3457.3292 3417.3272 3379.8114 3344.8655 3312.5708 3283.0055 2989.2516 3086.3611 5325.5281 5325.0587 5327.1123 5330.8653 5403.0663 5552.3081 6891.7523 6955.6632 7036.7340 7102.5084 7341.0234 7451.5519 7791.0606 8023.4422 6813.6811 6989.7246 6000.2604 6299.0575 6089.4376 6285.7975 6550.7633 6550.0000 6700.1866 6701.6789 6553.0527 6556.8666 6597.9637 7242.2372 7289.2043 7338.9373 7391.3801 7862.8875 7918.6489 8070.9355 8127.1151 8032.7455 8091.0444 8260.1831 9582.9275 9687.6210 9793.4927 9900.5050 9879.1763 9178.6777 9278.3687 9378.0662 9477.7700 9577.4801 9744.0046 9754.0056 9765.0205 9777.0458 9790.0779 9804.1127 9819.1458 9835.1729 9852.1888 9870.1887 9971.8667 10064.6970 10157.6634 10250.7622 11089.6630 11138.4750 11187.9679 11238.1326 11288.9603 11340.4420 11392.5688 11445.3320 11498.7228 11552.7324
4941.7229 4908.2201 4663.7565 4567.3433 4447.0496 4351.0056 1226.0200 1083.1090 1226.0200 1226.0200 1237.4369 1255.4880 1490.3859 1425.2193 300.0000 200.0000 0.0000 100.0000 673.1456 445.1123 350.8917 3128.2983 3097.7815 4150.0000 4250.0000 4450.0000 4550.0000 4834.3174 4807.8712 4800.0651 6908.8711 6759.0680 6609.2738 6459.4891 4402.5561 4302.6155 2474.8737 2326.4780 2178.3021 2030.3941 158.1139 212.1320 2759.6422 2854.0541 2948.8345 4380.1398 4440.2280 4501.7358 6843.1078 6754.4892 6666.1927 6578.2311 6490.6182 6403.3683 6316.4963 6230.0181 6143.9503 6058.3104 4564.6057 4628.7822 3544.4499 3499.7321 3457.3292 3417.3272 3379.8114 3344.8655 3312.5708 3283.0055 3256.2440 3232.3560 3043.9489 3139.3670 5332.0962 5327.8748 5325.2347 5325.2347 5386.3833 5536.0749 6766.5538 6828.7078 6907.6497 6971.7734 7206.2907 7318.8541 7664.2433 7900.3560 6719.8400 6898.2788 5985.2423 6284.7534 6131.1704 6326.2351 6556.8666 6553.0527 6701.6789 6700.1866 6550.0000 6550.7633 6584.3090 7184.0100 7227.2055 7273.2386 7322.0557 7754.0312 7808.0087 7961.1557 8015.6098 7918.6489 7975.2743 8140.6772 9445.2369 9548.2983 9652.5903 9758.0736 9805.5150 9196.6366 9296.1349 9395.6439 9495.1632 9594.6925 9727.0563 9735.0205 9744.0046 9754.0056 9765.0205 9777.0458 9790.0779 9804.1127 9819.1458 9835.1729 9898.8951 9992.4034 10086.0361 10179.7900 10994.1177 11041.5409 11089.6630 11138.4750 11187.9679 11238.1326 11288.9603 11340.4420 11392.5688 11445.3320
4844.6491 4810.4704 4567.3433 4471.0877 4351.0056 4255.1439 1201.3014 1055.0474 1226.0200 1234.1495 1255.4880 1281.1128 1583.1140 1521.9231 400.0000 300.0000 100.0000 0.0000 626.9968 371.6517 251.2469 3030.0578 2998.5413 4050.0000 4150.0000 4350.0000 4450.0000 4735.0422 4708.0383 4700.0665 6809.0014 6659.2042 6509.4163 6359.6384 4302.6155 4202.6777 2375.9209 2227.6669 2079.6634 1931.9679 212.1320 291.5476 2794.7495 2888.0140 2981.7151 4300.0727 4361.2642 4423.8699 6754.4892 6666.1927 6578.2311 6490.6182 6403.3683 6316.4963 6230.0181 6143.9503 6058.3104 5973.1169 4487.8308 4553.0896 3499.7321 3457.3292 3417.3272 3379.8114 3344.8655 3312.5708 3283.0055 3256.2440 3232.3560 3211.4055 3075.8129 3170.2721 5338.1879 5332.0962 5327.1123 5325.2347 5380.8108 5530.6532 6705.3151 6766.5538 6844.3864 6907.6497 7140.0718 7253.6629 7602.0145 7840.0016 6674.6723 6854.2870 5980.2278 6279.9781 6154.3684 6348.7203 6562.2024 6556.8666 6704.6626 6701.6789 6550.7633 6550.0000 6579.7511 7156.8149 7198.0900 7242.2372 7289.2043 7700.9740 7754.0312 7907.5913 7961.1557 7862.8875 7918.6489 8082.1176 9377.2331 9479.4515 9582.9275 9687.6210 9770.0115 9207.2322 9306.6173 9406.0154 9505.4261 9604.8490 9720.1145 9727.0563 9735.0205 9744.0046 9754.0056 9765.0205 9777.0458 9790.0779 9804.1127 9819.1458 9863.7277 9957.5662 10051.5235 10145.5963 10947.4027 10994.1177 11041.5409 11089.6630 11138.4750 11187.9679 11238.1326 11288.9603 11340.4420 11392.5688
4490.2673 4472.6949 4200.5952 4101.8289 3978.4576 3879.8357 600.0000 450.0000 715.8911 763.2169 835.5387 901.7344 1725.0000 1736.5555 867.8277 795.6915 673.1456 626.9968 0.0000 300.0000 600.0000 2725.0000 2732.3296 3843.2571 3942.1599 4140.1238 4239.1774 4450.0000 4460.1009 4490.2673 6614.9924 6466.5002 6318.0792 6169.7346 4114.3803 4015.9837 2294.6950 2158.2690 2023.7651 1891.5932 828.0248 880.6957 3421.4398 3514.4345 3607.8040 4490.1281 4561.3869 4633.7080 6830.1720 6746.5732 6663.4263 6580.7484 6498.5575 6416.8723 6335.7123 6255.0979 6175.0506 6095.5927 4707.0426 4781.3440 3937.1627 3905.9250 3877.0156 3850.4870 3826.3886 3804.7667 3785.6637 3769.1179 3755.1631 3743.8283 3701.5200 3795.5566 5933.0115 5923.3120 5913.5438 5907.6222 5950.0000 6100.0000 7031.4028 7086.2984 7156.2909 7213.3557 7430.0067 7550.6622 7918.6489 8168.5372 7094.2318 7279.2943 6550.0000 6850.0000 6773.3393 6966.9308 7154.5877 7146.1965 7292.1619 7285.9883 7133.5913 7129.3846 7150.0000 7654.9412 7688.6686 7725.1618 7764.3818 8075.0000 8122.5381 8278.1716 8326.3512 8220.4395 8270.7693 8421.6982 9648.0892 9743.6197 9840.5094 9938.7185 10230.1637 9808.2236 9907.3836 10006.5603 10105.7533 10204.9620 10281.8408 10285.9735 10291.0762 10297.1477 10304.1860 10312.1894 10321.1555 10331.0817 10341.9655 10353.8036 10325.2724 10420.4726 10515.7620 10611.1380 11351.4867 11394.3517 11437.9303 11482.2145 11527.1961 11572.8670 11619.2190 11666.2440 11713.9340 11762.2808
4540.0991 4512.7597 4257.3466 4159.9279 4038.3320 3941.2086 900.0000 750.0000 996.2429 1030.7764 1085.4147 1137.1565 1750.8926 1727.8961 705.7797 614.9187 445.1123 371.6517 300.0000 0.0000 300.0000 2741.4640 2726.8342 3809.9377 3909.6835 4109.2122 4208.9933 4460.1009 4450.0000 4460.1009 6579.7511 6430.4452 6281.1723 6131.9348 4072.2383 3972.7981 2191.0329 2047.7121 1905.4199 1764.4050 583.6309 656.2202 3145.0358 3236.7036 3328.8512 4283.2523 4351.0056 4419.9830 6671.3005 6585.6852 6500.4808 6415.7034 6331.3703 6247.4995 6164.1098 6081.2211 5998.8541 5917.0305 4490.1281 4561.3869 3654.6204 3620.9460 3589.7423 3561.0743 3535.0035 3511.5880 3490.8810 3472.9310 3457.7811 3445.4680 3421.4398 3514.4345 5634.7693 5624.5555 5614.2675 5608.0300 5650.0000 5800.0000 6781.6388 6838.5397 6911.0419 6970.1148 7192.0095 7310.4377 7672.3530 7918.6489 6818.2201 7002.0086 6250.0000 6550.0000 6483.6814 6676.6852 6855.8825 6847.1253 6992.8982 6986.4601 6833.9685 6829.5772 6850.0000 7362.2772 7397.3390 7435.2623 7476.0033 7811.5699 7860.7013 8015.8047 8065.5517 7961.8230 8013.7772 8168.5372 9417.5700 9515.4151 9614.6048 9715.0978 9945.4135 9510.8491 9609.9558 9709.0808 9808.2236 9907.3836 9982.0464 9986.3031 9991.5589 9997.8123 10005.0612 10013.3037 10022.5371 10032.7588 10043.9659 10056.1548 10040.2316 10135.1492 10230.1637 10325.2724 11080.6701 11124.5786 11169.2099 11214.5553 11260.6061 11307.3538 11354.7897 11402.9053 11451.6920 11501.1412
4608.9587 4572.1986 4334.1666 4238.5139 4119.2384 4024.0682 1200.0000 1050.0000 1285.4960 1312.4405 1355.7747 1397.5425 1826.3693 1770.7696 650.4806 550.5679 350.8917 251.2469 600.0000 300.0000 0.0000 2790.2733 2754.2013 3800.0822 3900.0801 4100.0762 4200.0744 4490.2673 4460.1009 4450.0000 6558.0580 6408.2466 6258.4443 6108.6517 4051.9286 3951.9774 2125.0000 1976.8978 1829.1050 1681.7030 419.0764 515.3882 2873.3691 2963.3174 3053.8910 4087.9396 4151.6563 4216.7819 6522.3654 6434.7688 6347.5389 6260.6909 6174.2408 6088.2058 6002.6036 5917.4530 5832.7738 5748.5868 4283.2523 4351.0056 3375.0926 3338.6000 3304.7315 3273.5684 3245.1887 3219.6661 3197.0690 3177.4597 3160.8939 3147.4196 3145.0358 3236.7036 5336.7242 5325.9389 5315.0729 5308.4838 5350.0000 5500.0000 6536.1017 6595.1213 6670.2699 6731.4560 6958.8074 7074.7791 7430.0067 7672.3530 6544.3201 6726.6727 5950.0000 6250.0000 6195.0081 6387.3410 6557.2956 6548.1390 6693.7004 6686.9743 6534.3802 6529.7875 6550.0000 7070.2281 7106.7310 7146.1965 7188.5760 7550.8692 7601.6857 7756.1669 7807.5684 7706.2069 7759.8727 7918.6489 9191.0622 9291.2930 9392.8497 9495.6898 9661.5863 9213.6448 9312.6930 9411.7613 9510.8491 9609.9558 9682.2647 9686.6532 9692.0715 9698.5179 9705.9904 9714.4866 9724.0038 9734.5390 9746.0890 9758.6500 9756.0878 9850.6979 9945.4135 10040.2316 10811.3945 10856.3921 10902.1214 10948.5730 10995.7378 11043.6067 11092.1707 11141.4205 11191.3471 11241.9416
1826.3693 1782.7296 1566.2455 1475.8472 1364.7344 1277.6932 2790.2733 2761.9060 3094.0467 3191.8842 3314.3627 3412.4771 4450.0000 4454.4921 3423.6311 3325.0940 3128.2983 3030.0578 2725.0000 2741.4640 2790.2733 0.0000 200.0000 1219.1185 1308.1475 1490.3859 1583.1140 1725.0000 1750.8926 1826.3693 3935.2573 3789.6240 3644.3449 3499.4642 1510.3807 1423.4641 1116.3557 1206.7518 1308.1475 1418.1855 3207.9978 3305.4879 5106.9193 5169.6833 5233.6054 3206.7312 3305.7715 3404.8678 4782.8470 4720.7653 4660.0027 4600.6114 4542.6452 4486.1593 4431.2103 4377.8562 4326.1559 4276.1694 3504.0156 3603.2104 3997.2647 4034.6158 4074.0797 4115.5953 4159.1015 4204.5362 4251.8378 4300.9447 4351.7956 4404.3303 5298.6437 5364.7577 6784.7255 6735.9112 6676.4980 6630.2809 6544.3201 6680.9898 6001.6664 6020.7973 6046.9517 6069.6478 6195.0081 6339.2133 6773.3393 7063.8605 6550.0000 6750.0000 7094.2318 7372.1181 7918.6489 8084.8624 7883.9235 7841.6357 7957.7792 7917.7806 7760.2352 7721.1560 7651.6747 7551.9037 7532.0150 7515.0682 7501.0833 7205.6402 7221.2360 7377.4149 7394.6771 7256.4626 7276.0738 7355.1428 8201.6005 8264.4570 8329.5408 8396.8000 9735.4057 10515.4945 10608.0453 10700.7301 10793.5455 10886.4882 10540.3095 10518.4659 10497.5295 10477.5057 10458.3997 10440.2167 10422.9614 10406.6385 10391.2523 10376.8071 9835.2999 9935.1963 10035.0947 10134.9951 10487.4032 10507.8839 10529.2747 10551.5698 10574.7636 10598.8502 10623.8235 10649.6772 10676.4051 10704.0004
1901.4797 1843.4004 1659.2544 1574.2061 1470.5441 1390.1439 2840.0044 2801.4505 3142.1529 3238.5375 3359.3154 3456.1539 4454.4921 4450.0000 3395.7694 3296.3996 3097.7815 2998.5413 2732.3296 2726.8342 2754.2013 200.0000 0.0000 1138.5298 1233.3896 1425.2193 1521.9231 1736.5555 1727.8961 1770.7696 3893.1029 3745.8310 3598.7845 3451.9922 1425.2193 1332.7603 957.2095 1061.2493 1175.2659 1296.6302 3168.7931 3267.4531 4985.0401 5045.3568 5106.9193 3008.8411 3107.7524 3206.7312 4628.7822 4564.6057 4501.7358 4440.2280 4380.1398 4321.5304 4264.4607 4208.9933 4155.1925 4103.1238 3305.7715 3404.8678 3811.5778 3850.7305 3892.0592 3935.4955 3980.9704 4028.4147 4077.7598 4128.9375 4181.8806 4236.5227 5169.6833 5233.6054 6611.5429 6561.4404 6500.4327 6452.9547 6363.0280 6498.8941 5805.1701 5824.9464 5851.9762 5875.4255 6003.1762 6147.0013 6580.1311 6870.0892 6350.0000 6550.0000 6910.0018 7186.6630 7754.0312 7918.6489 7703.6517 7660.3688 7775.3617 7734.4198 7577.0212 7536.9921 7465.1273 7353.9955 7333.5701 7316.1636 7301.7977 7007.9419 7023.9768 7180.2681 7198.0032 7060.1877 7080.3425 7160.8746 8019.7413 8084.0120 8150.5368 8219.2609 9535.6240 10330.8095 10423.0814 10515.4945 10608.0453 10700.7301 10345.4398 10323.1839 10301.8506 10281.4457 10261.9747 10243.4430 10225.8557 10209.2176 10193.5335 10178.8076 9635.5137 9735.4057 9835.2999 9935.1963 10291.5317 10312.4015 10334.1969 10356.9119 10380.5407 10405.0769 10430.5141 10456.8458 10484.0653 10512.1656
1342.8049 1213.7236 1274.0192 1250.2500 1231.3610 1225.2551 3977.5149 3935.8131 4279.0916 4375.0000 4495.1363 4591.4322 5554.8402 5537.7116 4450.0000 4350.0000 4150.0000 4050.0000 3843.2571 3809.9377 3800.0822 1219.1185 1138.5298 0.0000 100.0000 300.0000 400.0000 867.8277 705.7797 650.4806 2772.1833 2623.4519 2474.8737 2326.4780 291.5476 212.1320 1735.6555 1882.8170 2030.3941 2178.3021 4202.6777 4302.6155 5702.2474 5748.5324 5796.1733 2674.0653 2771.3941 2868.9066 3691.6290 3640.4842 3591.3960 3544.4499 3499.7321 3457.3292 3417.3272 3379.8114 3344.8655 3312.5708 2966.5847 3064.4127 4037.0936 4100.3811 4165.1080 4231.2085 4298.6190 4367.2789 4437.1303 4508.1177 4580.1883 4653.2918 5845.1369 5895.3901 6923.6009 6860.1203 6782.0074 6720.5376 6582.6002 6705.6413 5325.0587 5326.4669 5330.8653 5336.4900 5414.1597 5563.1039 6010.2517 6308.5755 6070.9349 6267.8744 7081.0045 7335.9134 8137.9512 8285.9067 7918.6489 7862.8875 7961.1557 7907.5913 7754.0312 7700.9740 7594.1178 7227.2055 7184.0100 7143.7035 7106.3352 6550.0000 6550.7633 6701.6789 6704.6626 6556.8666 6562.2024 6607.0512 7273.2386 7322.0557 7373.6016 7427.8193 9171.3208 10463.1795 10550.7405 10638.5208 10726.5150 10814.7180 10286.9152 10254.0541 10222.0656 10190.9580 10160.7394 10131.4177 10103.0008 10075.4963 10048.9116 10023.2542 9271.0908 9370.8658 9470.6454 9570.4297 9754.0056 9765.0205 9777.0458 9790.0779 9804.1127 9819.1458 9835.1729 9852.1888 9870.1887 9889.1671
1297.3531 1163.2390 1250.2500 1234.1495 1225.2551 1227.2938 4073.1591 4032.4465 4375.0000 4471.0877 4591.4322 4687.8833 5654.3125 5637.4861 4550.0000 4450.0000 4250.0000 4150.0000 3942.1599 3909.6835 3900.0801 1308.1475 1233.3896 100.0000 0.0000 200.0000 300.0000 795.6915 614.9187 550.5679 2673.0133 2524.3811 2375.9209 2227.6669 212.1320 158.1139 1833.7121 1981.1613 2128.9669 2277.0595 4302.6155 4402.5561 5791.4269 5837.0048 5883.9294 2699.1897 2795.6439 2892.3390 3640.4842 3591.3960 3544.4499 3499.7321 3457.3292 3417.3272 3379.8114 3344.8655 3312.5708 3283.0055 2989.2516 3086.3611 4100.3811 4165.1080 4231.2085 4298.6190 4367.2789 4437.1303 4508.1177 4580.1883 4653.2918 4727.3804 5932.1687 5981.6908 6987.9360 6923.6009 6844.3864 6782.0074 6640.8301 6762.8119 5325.5281 5325.0587 5327.1123 5330.8653 5403.0663 5552.3081 6000.2604 6299.0575 6089.4376 6285.7975 7135.1682 7388.2085 8206.1715 8352.9187 7975.2743 7918.6489 8015.6098 7961.1557 7808.0087 7754.0312 7644.6468 7257.5822 7212.4892 7170.2510 7130.9186 6550.7633 6550.0000 6700.1866 6701.6789 6553.0527 6556.8666 6597.9637 7242.2372 7289.2043 7338.9373 7391.3801 9178.6777 10512.0467 10599.2040 10686.5862 10774.1879 10862.0037 10320.6407 10286.9152 10254.0541 10222.0656 10190.9580 10160.7394 10131.4177 10103.0008 10075.4963 10048.9116 9278.3687 9378.0662 9477.7700 9577.4801 9744.0046 9754.0056 9765.0205 9777.0458 9790.0779 9804.1127 9819.1458 9835.1729 9852.1888 9870.1887
1226.0200 1083.1090 1226.0200 1226.0200 1237.4369 1255.4880 4265.0469 4226.1833 4567.3433 4663.7565 4784.4801 4881.2140 5853.3110 5837.0583 4750.0000 4650.0000 4450.0000 4350.0000 4140.1238 4109.2122 4100.0762 1490.3859 1425.2193 300.0000 200.0000 0.0000 100.0000 673.1456 445.1123 350.8917 2474.8737 2326.4780 2178.3021 2030.3941 158.1139 212.1320 2030.3941 2178.3021 2326.4780 2474.8737 4502.4993 4602.4450 5970.8144 6015.0333 6060.5796 2759.6422 2854.0541 2948.8345 3544.4499 3499.7321 3457.3292 3417.3272 3379.8114 3344.8655 3312.5708 3283.0055 3256.2440 3232.3560 3043.9489 3139.3670 4231.2085 4298.6190 4367.2789 4437.1303 4508.1177 4580.1883 4653.2918 4727.3804 4802.4083 4878.3322 6107.4238 6155.5361 7119.0765 7053.1022 6971.7734 6907.6497 6760.2237 6880.0890 5332.0962 5327.8748 5325.2347 5325.2347 5386.3833 5536.0749 5985.2423 6284.7534 6131.1704 6326.2351 7246.4215 7495.7071 8344.5341 8488.8898 8091.0444 8032.7455 8127.1151 8070.9355 7918.6489 7862.8875 7748.5886 7322.0557 7273.2386 7227.2055 7184.0100 6556.8666 6553.0527 6701.6789 6700.1866 6550.0000 6550.7633 6584.3090 7184.0100 7227.2055 7273.2386 7322.0557 9196.6366 10611.9331 10698.2767 10784.8563 10871.6662 10958.7009 10390.6508 10355.2221 10320.6407 10286.9152 10254.0541 10222.0656 10190.9580 10160.7394 10131.4177 10103.0008 9296.1349 9395.6439 9495.1632 9594.6925 9727.0563 9735.0205 9744.0046 9754.0056 9765.0205 9777.0458 9790.0779 9804.1127 9819.1458 9835.1729
1201.3014 1055.0474 1226.0200 1234.1495 1255.4880 1281.1128 4361.2642 4323.2655 4663.7565 4760.3177 4881.2140 4978.0769 5952.8355 5936.8552 4850.0000 4750.0000 4550.0000 4450.0000 4239.1774 4208.9933 4200.0744 1583.1140 1521.9231 400.0000 300.0000 100.0000 0.0000 626.9968 371.6517 251.2469 2375.9209 2227.6669 2079.6634 1931.9679 212.1320 291.5476 2128.9669 2277.0595 2425.3866 2573.9075 4602.4450 4702.3930 6060.9921 6104.5577 6149.4410 2794.7495 2888.0140 2981.7151 3499.7321 3457.3292 3417.3272 3379.8114 3344.8655 3312.5708 3283.0055 3256.2440 3232.3560 3211.4055 3075.8129 3170.2721 4298.6190 4367.2789 4437.1303 4508.1177 4580.1883 4653.2918 4727.3804 4802.4083 4878.3322 4955.1110 6195.6134 6243.0461 7185.8368 7119.0765 7036.7340 6971.7734 6821.3360 6940.1459 5338.1879 5332.0962 5327.1123 5325.2347 5380.8108 5530.6532 5980.2278 6279.9781 6154.3684 6348.7203 7303.4666 7550.8692 8414.6450 8557.8181 8150.1534 8091.0444 8184.1310 8127.1151 7975.2743 7918.6489 7801.9629 7356.1199 7305.4774 7257.5822 7212.4892 6562.2024 6556.8666 6704.6626 6701.6789 6550.7633 6550.0000 6579.7511 7156.8149 7198.0900 7242.2372 7289.2043 9207.2322 10662.9323 10748.8662 10835.0415 10921.4525 11008.0936 10426.9183 10390.6508 10355.2221 10320.6407 10286.9152 10254.0541 10222.0656 10190.9580 10160.7394 10131.4177 9306.6173 9406.0154 9505.4261 9604.8490 9720.1145 9727.0563 9735.0205 9744.0046 9754.0056 9765.0205 9777.0458 9790.0779 9804.1127 9819.1458
