0.0000 1150.0000 2550.0000 3700.0000 5100.0000 6250.0000 7650.0000 8800.0000 9358.2866 8203.8101 6809.5175 5655.5283 4262.2211 3110.0643 1722.9420 604.1523 9339.7671 9169.8773 8191.8405 7916.0318 7997.0876 6795.3109 6629.4532 5649.4469 5454.6136 5374.5939 4257.4934 4100.9328 3119.4952 2925.2709 2848.5014 1755.3490 1640.3201 742.4621 588.7784 605.4833 1380.6701 3794.8979 6316.7436 8854.7304 10354.3004 9800.8784 8462.1768 8004.3749 7000.7383 6714.7463 6278.3148 6253.8483 6374.4180 6476.1706 6492.3994 6838.3774 6942.8802 7146.7650 8117.7956 8214.0967 8544.3695 9901.4547 9987.2011 10389.4779 10342.9324 10220.6286 10106.2481 10045.4846 8517.7022 8429.4869 8336.4411 8285.7867 7150.6119 7117.3204 7061.2499 7028.6386 6535.7670 6575.0475 6577.3285 6569.1903 7150.0000 7241.8920 7591.1132 8050.6211 8782.5110 9496.5783 10471.1508 11338.5405 11926.7107 11045.3610 10051.7874 9310.3437 8534.3675 8023.0917 7591.9318 7420.4110 7688.0010 7664.1510 7692.9351 7855.6508 8177.5705 8181.0641 8268.0862 8761.0644 9361.8887 9387.5135 9515.5793 10237.4924 11019.1769 11060.1090 11213.2176 12077.3031 12035.8485 11827.7745 10233.5062 10069.3222 8808.6690 8711.5584 7966.5331 7962.1762 15738.3207 15381.7300 14563.3663 14304.2098 13765.6651 13624.5447 13412.6969 13403.3958 13524.1970 13626.0811 13680.1407 13633.2773 13748.9674 13853.9844 13984.3216 13956.7636 14428.0735 14532.7453 14730.2834 14721.4554 15501.9194 15603.6369 15855.7955 15863.6771 15798.9319 15725.1789 15683.4614 14703.7835 14650.6399 14618.9419 13992.9000 13964.4638 13944.9260 13725.0228 13726.1156 13719.0911
1150.0000 0.0000 1400.0000 2550.0000 3950.0000 5100.0000 6500.0000 7650.0000 8208.7471 7054.4312 5660.4354 4506.9391 3114.8883 1965.9603 607.8890 650.0000 8191.8405 8023.4438 7044.5901 6769.0960 6849.7890 5649.4469 5486.6793 4505.6908 4310.9175 4231.8270 3119.4952 2972.6503 1995.3070 1803.7212 1732.3568 742.4621 758.0567 816.2414 1048.2175 963.2289 725.4309 2675.1168 5176.0265 7709.1666 9462.8345 8945.4803 7733.5074 7341.6223 6563.0814 6386.0957 6272.6340 6377.3049 6490.2700 6585.6955 6510.0883 6510.6686 6615.8284 6741.0125 7460.4963 7561.2158 7842.5920 9051.7515 9142.1980 9517.1556 9478.4624 9369.4317 9263.1663 9206.2077 7828.2342 7761.8458 7683.1797 7639.4870 6762.1188 6761.0095 6727.6482 6706.2852 6570.8637 6670.5510 6646.8978 6677.7063 7241.8920 7150.0000 7285.7738 7591.1132 8168.5372 8782.5110 9662.9447 10471.1508 11047.7341 10220.6898 9311.7898 8660.8314 8023.1807 7652.6139 7418.7889 7424.2845 7736.7603 7700.6759 7700.4058 7692.9351 7858.7378 7850.2236 7912.7271 8268.0862 8755.9728 8772.4917 8884.3261 9515.5793 10226.4050 10261.1992 10404.6264 11213.2176 11187.0751 10996.4199 9533.0294 9395.8102 8343.3596 8285.3033 7832.6017 7875.0397 15166.6884 14851.3305 14152.3969 13944.1679 13548.3297 13465.6087 13410.0387 13461.4419 13579.1865 13678.4752 13696.9431 13641.7099 13588.9479 13693.0086 13789.7154 13753.4087 14068.7492 14173.9650 14342.6375 14325.5454 14973.4734 15076.7730 15305.9221 15306.5754 15262.0854 15197.0803 15159.5996 14331.4776 14289.0255 14262.5720 13815.0733 13798.7771 13785.2625 13771.0294 13759.5876 13771.3820
2550.0000 1400.0000 0.0000 1150.0000 2550.0000 3700.0000 5100.0000 6250.0000 6809.5175 5655.5283 4262.2211 3110.0643 1722.9420 604.1523 880.6412 2015.5644 6795.3109 6629.4532 5649.4469 5374.5939 5454.6136 4257.4934 4100.9328 3119.4952 2925.2709 2848.5014 1755.3490 1640.3201 742.4621 605.4833 588.7784 1020.4166 1252.4576 2091.9489 2363.1250 2276.1832 1554.4292 1380.6701 3794.8979 6316.7436 8462.1768 8004.3749 7000.7383 6714.7463 6278.3148 6253.8483 6544.3974 6792.5266 6892.6051 6977.3193 6799.3566 6374.4180 6476.1706 6492.3994 6838.3774 6942.8802 7146.7650 8117.7956 8214.0967 8544.3695 8517.7022 8429.4869 8336.4411 8285.7867 7150.6119 7117.3204 7061.2499 7028.6386 6535.7670 6577.3285 6575.0475 6569.1903 6877.9539 7043.1705 6990.7975 7064.8256 7591.1132 7285.7738 7150.0000 7241.8920 7591.1132 8050.6211 8782.5110 9496.5783 10051.7874 9310.3437 8534.3675 8023.0917 7591.9318 7420.4110 7446.1016 7665.5072 8021.4126 7972.0518 7937.6476 7724.7168 7688.0010 7664.1510 7692.9351 7855.6508 8177.5705 8181.0641 8268.0862 8761.0644 9361.8887 9387.5135 9515.5793 10237.4924 10233.5062 10069.3222 8808.6690 8711.5584 7966.5331 7962.1762 7895.7995 7994.1385 14563.3663 14304.2098 13765.6651 13624.5447 13412.6969 13403.3958 13539.2886 13663.0457 13776.0192 13871.2755 13846.8859 13782.0989 13524.1970 13626.0811 13680.1407 13633.2773 13748.9674 13853.9844 13984.3216 13956.7636 14428.0735 14532.7453 14730.2834 14721.4554 14703.7835 14650.6399 14618.9419 13992.9000 13964.4638 13944.9260 13726.1156 13725.0228 13719.0911 13955.3305 13928.9716 13963.2002
3700.0000 2550.0000 1150.0000 0.0000 1400.0000 2550.0000 3950.0000 5100.0000 5660.4354 4506.9391 3114.8883 1965.9603 607.8890 650.0000 2010.3554 3159.9051 5649.4469 5486.6793 4505.6908 4231.8270 4310.9175 3119.4952 2972.6503 1995.3070 1803.7212 1732.3568 742.4621 758.0567 816.2414 963.2289 1048.2175 2091.9489 2306.0030 3218.1128 3493.0588 3406.9356 2627.0230 725.4309 2675.1168 5176.0265 7733.5074 7341.6223 6563.0814 6386.0957 6272.6340 6377.3049 6973.0077 7318.6623 7406.9835 7481.8838 7233.6885 6490.2700 6585.6955 6510.0883 6510.6686 6615.8284 6741.0125 7460.4963 7561.2158 7842.5920 7828.2342 7761.8458 7683.1797 7639.4870 6762.1188 6761.0095 6727.6482 6706.2852 6570.8637 6646.8978 6670.5510 6677.7063 7323.3360 7532.3469 7460.3117 7564.0109 8050.6211 7591.1132 7241.8920 7150.0000 7285.7738 7591.1132 8168.5372 8782.5110 9311.7898 8660.8314 8023.1807 7652.6139 7418.7889 7424.2845 7662.2731 8042.5431 8423.7854 8365.3936 8305.7962 7937.6476 7736.7603 7700.6759 7700.4058 7692.9351 7858.7378 7850.2236 7912.7271 8268.0862 8755.9728 8772.4917 8884.3261 9515.5793 9533.0294 9395.8102 8343.3596 8285.3033 7832.6017 7875.0397 8129.7386 8269.9002 14152.3969 13944.1679 13548.3297 13465.6087 13410.0387 13461.4419 13751.5831 13932.0931 14040.4453 14131.8040 14073.4235 14001.4731 13579.1865 13678.4752 13696.9431 13641.7099 13588.9479 13693.0086 13789.7154 13753.4087 14068.7492 14173.9650 14342.6375 14325.5454 14331.4776 14289.0255 14262.5720 13815.0733 13798.7771 13785.2625 13759.5876 13771.0294 13771.3820 14208.4922 14170.4358 14222.2875
5100.0000 3950.0000 2550.0000 1400.0000 0.0000 1150.0000 2550.0000 3700.0000 4262.2211 3110.0643 1722.9420 604.1523 880.6412 2015.5644 3404.0460 4556.8630 4257.4934 4100.9328 3119.4952 2848.5014 2925.2709 1755.3490 1640.3201 742.4621 605.4833 588.7784 1020.4166 1252.4576 2091.9489 2276.1832 2363.1250 3465.0036 3667.6491 4605.0244 4881.2970 4795.8743 3991.3970 1554.4292 1380.6701 3794.8979 7000.7383 6714.7463 6278.3148 6253.8483 6544.3974 6792.5266 7697.1447 8134.5693 8209.0076 8272.2539 7957.1509 6892.6051 6977.3193 6799.3566 6374.4180 6476.1706 6492.3994 6838.3774 6942.8802 7146.7650 7150.6119 7117.3204 7061.2499 7028.6386 6535.7670 6577.3285 6575.0475 6569.1903 6877.9539 6990.7975 7043.1705 7064.8256 8056.1312 8305.7962 8215.0015 8347.1109 8782.5110 8168.5372 7591.1132 7285.7738 7150.0000 7241.8920 7591.1132 8050.6211 8534.3675 8023.0917 7591.9318 7420.4110 7446.1016 7665.5072 8139.8052 8686.9154 9087.6708 9020.6990 8935.1133 8404.5375 8021.4126 7972.0518 7937.6476 7724.7168 7688.0010 7664.1510 7692.9351 7855.6508 8177.5705 8181.0641 8268.0862 8761.0644 8808.6690 8711.5584 7966.5331 7962.1762 7895.7995 7994.1385 8615.4890 8798.9346 13765.6651 13624.5447 13412.6969 13403.3958 13539.2886 13663.0457 14132.5595 14377.4691 14479.5893 14565.6955 14468.2843 14388.5805 13776.0192 13871.2755 13846.8859 13782.0989 13524.1970 13626.0811 13680.1407 13633.2773 13748.9674 13853.9844 13984.3216 13956.7636 13992.9000 13964.4638 13944.9260 13726.1156 13725.0228 13719.0911 13928.9716 13955.3305 13963.2002 14633.2242 14581.8809 14653.7866
6250.0000 5100.0000 3700.0000 2550.0000 1150.0000 0.0000 1400.0000 2550.0000 3114.8883 1965.9603 607.8890 650.0000 2010.3554 3159.9051 4551.7611 5705.4798 3119.4952 2972.6503 1995.3070 1732.3568 1803.7212 742.4621 758.0567 816.2414 963.2289 1048.2175 2091.9489 2306.0030 3218.1128 3406.9356 3493.0588 4605.0244 4802.6711 5749.0217 6025.7083 5940.6742 5126.5242 2627.0230 725.4309 2675.1168 6563.0814 6386.0957 6272.6340 6377.3049 6973.0077 7318.6623 8420.4951 8914.0685 8978.2072 9032.7618 8676.1887 7406.9835 7481.8838 7233.6885 6490.2700 6585.6955 6510.0883 6510.6686 6615.8284 6741.0125 6762.1188 6761.0095 6727.6482 6706.2852 6570.8637 6646.8978 6670.5510 6677.7063 7323.3360 7460.3117 7532.3469 7564.0109 8780.1623 9054.3498 8951.8853 9101.7449 9496.5783 8782.5110 8050.6211 7591.1132 7241.8920 7150.0000 7285.7738 7591.1132 8023.1807 7652.6139 7418.7889 7424.2845 7662.2731 8042.5431 8682.5934 9340.7708 9750.2749 9678.0272 9575.0326 8935.1133 8423.7854 8365.3936 8305.7962 7937.6476 7736.7603 7700.6759 7700.4058 7692.9351 7858.7378 7850.2236 7912.7271 8268.0862 8343.3596 8285.3033 7832.6017 7875.0397 8129.7386 8269.9002 9156.4540 9368.6312 13548.3297 13465.6087 13410.0387 13461.4419 13751.5831 13932.0931 14539.1863 14832.4313 14929.1294 15010.6657 14883.5900 14798.3529 14040.4453 14131.8040 14073.4235 14001.4731 13579.1865 13678.4752 13696.9431 13641.7099 13588.9479 13693.0086 13789.7154 13753.4087 13815.0733 13798.7771 13785.2625 13759.5876 13771.0294 13771.3820 14170.4358 14208.4922 14222.2875 15070.7083 15009.3721 15096.3890
7650.0000 6500.0000 5100.0000 3950.0000 2550.0000 1400.0000 0.0000 1150.0000 1722.9420 604.1523 880.6412 2015.5644 3404.0460 4556.8630 5950.1705 7104.4000 1755.3490 1640.3201 742.4621 588.7784 605.4833 1020.4166 1252.4576 2091.9489 2276.1832 2363.1250 3465.0036 3667.6491 4605.0244 4795.8743 4881.2970 5998.0205 6191.9020 7144.3159 7421.2371 7336.5394 6515.4624 3991.3970 1554.4292 1380.6701 6278.3148 6253.8483 6544.3974 6792.5266 7697.1447 8134.5693 9416.3654 9960.3724 10013.6210 10058.9455 9664.6909 8209.0076 8272.2539 7957.1509 6892.6051 6977.3193 6799.3566 6374.4180 6476.1706 6492.3994 6535.7670 6577.3285 6575.0475 6569.1903 6877.9539 6990.7975 7043.1705 7064.8256 8056.1312 8215.0015 8305.7962 8347.1109 9772.4741 10068.3291 9955.2122 10121.3517 10471.1508 9662.9447 8782.5110 8168.5372 7591.1132 7285.7738 7150.0000 7241.8920 7591.9318 7420.4110 7446.1016 7665.5072 8139.8052 8686.9154 9490.7022 10255.2426 10669.2765 10592.3279 10472.4042 9726.5744 9087.6708 9020.6990 8935.1133 8404.5375 8021.4126 7972.0518 7937.6476 7724.7168 7688.0010 7664.1510 7692.9351 7855.6508 7966.5331 7962.1762 7895.7995 7994.1385 8615.4890 8798.9346 9955.6341 10195.1582 13412.6969 13403.3958 13539.2886 13663.0457 14132.5595 14377.4691 15137.7388 15483.8438 15573.8019 15649.6545 15489.7143 15398.7418 14479.5893 14565.6955 14468.2843 14388.5805 13776.0192 13871.2755 13846.8859 13782.0989 13524.1970 13626.0811 13680.1407 13633.2773 13726.1156 13725.0228 13719.0911 13928.9716 13955.3305 13963.2002 14581.8809 14633.2242 14653.7866 15700.8360 15628.5396 15732.1633
8800.0000 7650.0000 6250.0000 5100.0000 3700.0000 2550.0000 1150.0000 0.0000 607.8890 650.0000 2010.3554 3159.9051 4551.7611 5705.4798 7099.3330 8253.7870 742.4621 758.0567 816.2414 1048.2175 963.2289 2091.9489 2306.0030 3218.1128 3406.9356 3493.0588 4605.0244 4802.6711 5749.0217 5940.6742 6025.7083 7144.3159 7336.1195 8291.6374 8568.6557 8484.1623 7659.3897 5126.5242 2627.0230 725.4309 6272.6340 6377.3049 6973.0077 7318.6623 8420.4951 8914.0685 10304.9327 10879.4953 10925.1089 10963.9402 10546.6227 8978.2072 9032.7618 8676.1887 7406.9835 7481.8838 7233.6885 6490.2700 6585.6955 6510.0883 6570.8637 6646.8978 6670.5510 6677.7063 7323.3360 7460.3117 7532.3469 7564.0109 8780.1623 8951.8853 9054.3498 9101.7449 10656.2775 10965.0011 10845.3331 11021.5362 11338.5405 10471.1508 9496.5783 8782.5110 8050.6211 7591.1132 7241.8920 7150.0000 7418.7889 7424.2845 7662.2731 8042.5431 8682.5934 9340.7708 10250.3380 11082.5313 11496.9805 11417.2505 11286.3302 10472.4042 9750.2749 9678.0272 9575.0326 8935.1133 8423.7854 8365.3936 8305.7962 7937.6476 7736.7603 7700.6759 7700.4058 7692.9351 7832.6017 7875.0397 8129.7386 8269.9002 9156.4540 9368.6312 10704.8424 10961.5806 13410.0387 13461.4419 13751.5831 13932.0931 14539.1863 14832.4313 15705.8854 16090.4884 16174.9406 16246.1468 16061.9504 15967.0364 14929.1294 15010.6657 14883.5900 14798.3529 14040.4453 14131.8040 14073.4235 14001.4731 13579.1865 13678.4752 13696.9431 13641.7099 13759.5876 13771.0294 13771.3820 14170.4358 14208.4922 14222.2875 15009.3721 15070.7083 15096.3890 16290.3729 16210.0663 16325.8525
9358.2866 8208.7471 6809.5175 5660.4354 4262.2211 3114.8883 1722.9420 607.8890 0.0000 1155.0017 2550.0000 3705.0005 5100.0000 6255.0003 7650.0000 8805.0002 278.6198 475.8456 1212.0763 1484.8047 1398.1978 2594.8274 2792.8353 3740.2712 3932.5382 4017.1937 5137.4730 5327.1408 6286.1060 6479.1787 6563.2343 7684.9938 7871.5900 8834.3437 9111.4897 9027.7160 8193.8958 5650.1707 3116.7177 713.0421 6100.8034 6271.2749 7023.3327 7419.7162 8627.8388 9153.1682 10609.2885 11203.2937 11243.4452 11277.6588 10845.7332 9210.5787 9259.4756 8879.4386 7500.6306 7569.3585 7284.4992 6378.8055 6469.7363 6347.3167 6416.3564 6509.3647 6546.2454 6560.1117 7379.3719 7528.4347 7610.7706 7647.7491 8985.8572 9164.4874 9273.5823 9324.4874 10956.3283 11272.9690 11149.1403 11331.7724 11625.5593 10721.9228 9692.5553 8922.8151 8108.1828 7568.2646 7109.4746 6924.2782 7150.0000 7244.6621 7591.1132 8054.6961 8782.5110 9501.3751 10471.1508 11343.6823 11757.1912 11675.8664 11538.1640 10683.7601 9914.0479 9839.0018 9726.1878 9026.4738 8446.9015 8383.9762 8311.0306 7862.3615 7577.3970 7535.3273 7520.1549 7427.0606 7579.9096 7645.3927 8064.0268 8225.4197 9252.4067 9479.8749 10917.4415 11184.0748 13196.8406 13278.6629 13647.8570 13858.0731 14538.7896 14858.4821 15795.3728 16202.0921 16283.1004 16351.4063 16153.1647 16056.1057 14951.8915 15030.6616 14887.2170 14799.0888 13963.6585 14052.6897 13976.3632 13900.8104 13394.5310 13492.2344 13492.7102 13433.4295 13563.5699 13581.3081 13584.8396 14081.0486 14125.2408 14142.1662 15019.5349 15086.3491 15114.8558 16391.4133 16306.4996 16429.2990
8203.8101 7054.4312 5655.5283 4506.9391 3110.0643 1965.9603 604.1523 650.0000 1155.0017 0.0000 1395.0014 2550.0000 3945.0005 5100.0000 6495.0003 7650.0000 1158.1235 1036.1708 276.1340 414.5600 337.6537 1451.2925 1660.3162 2589.6428 2780.9009 2866.1054 3984.5012 4176.6793 5132.3727 5325.2052 5409.4602 6530.7924 6718.4559 7679.9251 7957.0698 7873.1957 7041.0404 4500.1389 1982.7380 785.0159 5999.2614 6038.4119 6496.7713 6804.0589 7837.7252 8314.6268 9677.6463 10245.7707 10293.0027 10333.2514 9921.0005 8381.8915 8439.1282 8095.1374 6897.1954 6976.1512 6755.8308 6155.6076 6254.5571 6225.4518 6277.4398 6336.1068 6346.7511 6347.4216 6841.1439 6968.5902 7032.8693 7060.6134 8197.6369 8365.4797 8464.4108 8509.9801 10030.2667 10336.1622 10217.9377 10391.9325 10716.8092 9864.7098 8918.0996 8237.7181 7564.3903 7170.2510 6921.8856 6926.0378 7240.7133 7150.0000 7282.8517 7591.1132 8164.3695 8782.5110 9658.1017 10471.1508 10885.7090 10806.7021 10678.7757 9884.6472 9189.4483 9118.9588 9021.9870 8422.0692 7962.3024 7907.6552 7858.8326 7560.5059 7440.1317 7410.2368 7425.0421 7509.7437 7633.7180 7650.5719 7743.1680 7864.2387 8639.7135 8841.1679 10116.2073 10367.7987 13149.1192 13169.1996 13383.4314 13537.3785 14083.2573 14356.1282 15184.3682 15554.4597 15641.0231 15714.0187 15539.0235 15445.5900 14455.1653 14538.6789 14424.1551 14341.2430 13647.9671 13741.2148 13698.7682 13630.1596 13288.6119 13389.3161 13426.1405 13375.2103 13480.2170 13485.2234 13482.3574 13788.8089 13821.4055 13832.4423 14544.8015 14601.9262 14625.4559 15760.9089 15683.6300 15794.8239
6809.5175 5660.4354 4262.2211 3114.8883 1722.9420 607.8890 880.6412 2010.3554 2550.0000 1395.0014 0.0000 1155.0017 2550.0000 3705.0005 5100.0000 6255.0003 2535.1783 2378.6402 1397.7228 1129.7987 1204.1831 278.6198 475.8456 1212.0763 1398.1978 1484.8047 2594.8274 2792.8353 3740.2712 3932.5382 4017.1937 5137.4730 5327.1408 6286.1060 6563.2343 6479.1787 5650.1707 3116.7177 713.0421 2075.5551 6173.9292 6050.6685 6100.8034 6271.2749 7023.3327 7419.7162 8627.8388 9153.1682 9210.5787 9259.4756 8879.4386 7500.6306 7569.3585 7284.4992 6378.8055 6469.7363 6347.3167 6174.4522 6278.9161 6365.3695 6394.4608 6408.6917 6386.5350 6370.7979 6416.3564 6509.3647 6546.2454 6560.1117 7379.3719 7528.4347 7610.7706 7647.7491 8985.8572 9273.5823 9164.4874 9324.4874 9692.5553 8922.8151 8108.1828 7568.2646 7109.4746 6924.2782 6953.5336 7184.5410 7591.1132 7286.7777 7150.0000 7244.6621 7591.1132 8054.6961 8782.5110 9501.3751 9914.0479 9839.0018 9726.1878 9026.4738 8446.9015 8383.9762 8311.0306 7862.3615 7577.3970 7535.3273 7520.1549 7427.0606 7515.8995 7501.7503 7552.2996 7842.8776 7930.1027 7889.9638 7579.9096 7645.3927 8064.0268 8225.4197 9252.4067 9479.8749 13230.8050 13175.9094 13196.8406 13278.6629 13647.8570 13858.0731 14538.7896 14858.4821 14951.8915 15030.6616 14887.2170 14799.0888 13963.6585 14052.6897 13976.3632 13900.8104 13394.5310 13492.2344 13492.7102 13433.4295 13298.4270 13401.7793 13482.3117 13441.9689 13515.5440 13505.0520 13494.4383 13563.5699 13581.3081 13584.8396 14081.0486 14125.2408 14142.1662 15086.3491 15019.5349 15114.8558
5655.5283 4506.9391 3110.0643 1965.9603 604.1523 650.0000 2015.5644 3159.9051 3705.0005 2550.0000 1155.0017 0.0000 1395.0014 2550.0000 3945.0005 5100.0000 3685.2748 3520.7457 2539.9311 2265.8685 2345.1247 1158.1235 1036.1708 276.1340 337.6537 414.5600 1451.2925 1660.3162 2589.6428 2780.9009 2866.1054 3984.5012 4176.6793 5132.3727 5409.4602 5325.2052 4500.1389 1982.7380 785.0159 3210.3349 6540.5838 6295.6031 5999.2614 6038.4119 6496.7713 6804.0589 7837.7252 8314.6268 8381.8915 8439.1282 8095.1374 6897.1954 6976.1512 6755.8308 6155.6076 6254.5571 6225.4518 6420.0238 6525.1272 6698.9738 6709.4150 6688.5163 6641.2536 6613.0372 6277.4398 6336.1068 6346.7511 6347.4216 6841.1439 6968.5902 7032.8693 7060.6134 8197.6369 8464.4108 8365.4797 8509.9801 8918.0996 8237.7181 7564.3903 7170.2510 6921.8856 6926.0378 7184.0100 7585.0181 8051.1446 7591.1132 7240.7133 7150.0000 7282.8517 7591.1132 8164.3695 8782.5110 9189.4483 9118.9588 9021.9870 8422.0692 7962.3024 7907.6552 7858.8326 7560.5059 7440.1317 7410.2368 7425.0421 7509.7437 7766.4574 7765.1278 7842.5920 8284.6998 8342.4007 8259.6156 7633.7180 7650.5719 7743.1680 7864.2387 8639.7135 8841.1679 13404.7543 13289.0939 13149.1192 13169.1996 13383.4314 13537.3785 14083.2573 14356.1282 14455.1653 14538.6789 14424.1551 14341.2430 13647.9671 13741.2148 13698.7682 13630.1596 13288.6119 13389.3161 13426.1405 13375.2103 13413.1430 13517.8247 13633.4607 13602.0679 13649.4047 13626.3073 13609.4254 13480.2170 13485.2234 13482.3574 13788.8089 13821.4055 13832.4423 14601.9262 14544.8015 14625.4559
4262.2211 3114.8883 1722.9420 607.8890 880.6412 2010.3554 3404.0460 4551.7611 5100.0000 3945.0005 2550.0000 1395.0014 0.0000 1155.0017 2550.0000 3705.0005 5077.5613 4908.6076 3929.7747 3654.2092 3734.9909 2535.1783 2378.6402 1397.7228 1204.1831 1129.7987 278.6198 475.8456 1212.0763 1398.1978 1484.8047 2594.8274 2792.8353 3740.2712 4017.1937 3932.5382 3116.7177 713.0421 2075.5551 4594.8263 7212.4893 6848.1595 6173.9292 6050.6685 6100.8034 6271.2749 7023.3327 7419.7162 7500.6306 7569.3585 7284.4992 6378.8055 6469.7363 6347.3167 6174.4522 6278.9161 6365.3695 6968.7560 7070.8619 7331.6048 7322.1328 7264.6974 7192.1714 7151.5080 6394.4608 6408.6917 6386.5350 6370.7979 6416.3564 6509.3647 6546.2454 6560.1117 7379.3719 7610.7706 7528.4347 7647.7491 8108.1828 7568.2646 7109.4746 6924.2782 6953.5336 7184.5410 7691.7897 8264.0564 8782.5110 8167.8718 7591.1132 7286.7777 7150.0000 7244.6621 7591.1132 8054.6961 8446.9015 8383.9762 8311.0306 7862.3615 7577.3970 7535.3273 7520.1549 7427.0606 7515.8995 7501.7503 7552.2996 7842.8776 8280.4315 8293.1512 8398.0193 8992.5096 9017.9282 8891.3457 7930.1027 7889.9638 7579.9096 7645.3927 8064.0268 8225.4197 13746.1559 13560.6522 13230.8050 13175.9094 13196.8406 13278.6629 13647.8570 13858.0731 13963.6585 14052.6897 13976.3632 13900.8104 13394.5310 13492.2344 13492.7102 13433.4295 13298.4270 13401.7793 13482.3117 13441.9689 13685.3155 13790.5761 13946.2263 13925.5531 13941.8230 13904.1695 13880.0888 13515.5440 13505.0520 13494.4383 13563.5699 13581.3081 13584.8396 14125.2408 14081.0486 14142.1662
3110.0643 1965.9603 604.1523 650.0000 2015.5644 3159.9051 4556.8630 5705.4798 6255.0003 5100.0000 3705.0005 2550.0000 1155.0017 0.0000 1395.0014 2550.0000 6231.0713 6059.9216 5082.4453 4806.3978 4887.7612 3685.2748 3520.7457 2539.9311 2345.1247 2265.8685 1158.1235 1036.1708 276.1340 337.6537 414.5600 1451.2925 1660.3162 2589.6428 2866.1054 2780.9009 1982.7380 785.0159 3210.3349 5744.6714 7910.2678 7470.7308 6540.5838 6295.6031 5999.2614 6038.4119 6496.7713 6804.0589 6897.1954 6976.1512 6755.8308 6155.6076 6254.5571 6225.4518 6420.0238 6525.1272 6698.9738 7585.9676 7683.7546 8000.0781 7976.9198 7895.0142 7806.1674 7757.5615 6709.4150 6688.5163 6641.2536 6613.0372 6277.4398 6336.1068 6346.7511 6347.4216 6841.1439 7032.8693 6968.5902 7060.6134 7564.3903 7170.2510 6921.8856 6926.0378 7184.0100 7585.0181 8265.1376 8949.8603 9498.3645 8782.5110 8051.1446 7591.1132 7240.7133 7150.0000 7282.8517 7591.1132 7962.3024 7907.6552 7858.8326 7560.5059 7440.1317 7410.2368 7425.0421 7509.7437 7766.4574 7765.1278 7842.5920 8284.6998 8847.8901 8870.6150 8993.6783 9689.2337 9691.3699 9535.0013 8342.4007 8259.6156 7633.7180 7650.5719 7743.1680 7864.2387 14123.7579 13884.4236 13404.7543 13289.0939 13149.1192 13169.1996 13383.4314 13537.3785 13647.9671 13741.2148 13698.7682 13630.1596 13288.6119 13389.3161 13426.1405 13375.2103 13413.1430 13517.8247 13633.4607 13602.0679 14008.6618 14113.6241 14299.8689 14287.8007 14279.3995 14230.4691 14200.8437 13649.4047 13626.3073 13609.4254 13480.2170 13485.2234 13482.3574 13821.4055 13788.8089 13832.4423
1722.9420 607.8890 880.6412 2010.3554 3404.0460 4551.7611 5950.1705 7099.3330 7650.0000 6495.0003 5100.0000 3945.0005 2550.0000 1395.0014 0.0000 1155.0017 7625.0330 7452.2432 6475.9269 6199.6004 6281.3420 5077.5613 4908.6076 3929.7747 3734.9909 3654.2092 2535.1783 2378.6402 1397.7228 1204.1831 1129.7987 278.6198 475.8456 1212.0763 1484.8047 1398.1978 713.0421 2075.5551 4594.8263 7135.9603 8884.1208 8377.8869 7212.4893 6848.1595 6173.9292 6050.6685 6100.8034 6271.2749 6378.8055 6469.7363 6347.3167 6174.4522 6278.9161 6365.3695 6968.7560 7070.8619 7331.6048 8485.7681 8577.5514 8943.8207 8907.4760 8802.5751 8698.9556 8643.2671 7322.1328 7264.6974 7192.1714 7151.5080 6394.4608 6408.6917 6386.5350 6370.7979 6416.3564 6546.2454 6509.3647 6560.1117 7109.4746 6924.2782 6953.5336 7184.5410 7691.7897 8264.0564 9109.3704 9898.3145 10471.1508 9661.0625 8782.5110 8167.8718 7591.1132 7286.7777 7150.0000 7244.6621 7577.3970 7535.3273 7520.1549 7427.0606 7515.8995 7501.7503 7552.2996 7842.8776 8280.4315 8293.1512 8398.0193 8992.5096 9677.1558 9709.8639 9849.9355 10640.7109 10619.0644 10433.8645 9017.9282 8891.3457 7930.1027 7889.9638 7579.9096 7645.3927 14692.3246 14393.8525 13746.1559 13560.6522 13230.8050 13175.9094 13196.8406 13278.6629 13394.5310 13492.2344 13492.7102 13433.4295 13298.4270 13401.7793 13482.3117 13441.9689 13685.3155 13790.5761 13946.2263 13925.5531 14516.6305 14620.4408 14840.0380 14837.8074 14801.4840 14740.0960 14704.3825 13941.8230 13904.1695 13880.0888 13515.5440 13505.0520 13494.4383 13581.3081 13563.5699 13584.8396
604.1523 650.0000 2015.5644 3159.9051 4556.8630 5705.4798 7104.4000 8253.7870 8805.0002 7650.0000 6255.0003 5100.0000 3705.0005 2550.0000 1155.0017 0.0000 8779.3081 8605.5011 7629.9574 7353.4862 7435.4428 6231.0713 6059.9216 5082.4453 4887.7612 4806.3978 3685.2748 3520.7457 2539.9311 2345.1247 2265.8685 1158.1235 1036.1708 276.1340 414.5600 337.6537 785.0159 3210.3349 5744.6714 8288.6217 9765.7789 9219.2200 7910.2678 7470.7308 6540.5838 6295.6031 5999.2614 6038.4119 6155.6076 6254.5571 6225.4518 6420.0238 6525.1272 6698.9738 7585.9676 7683.7546 8000.0781 9321.0571 9407.8629 9804.6545 9759.6747 9640.0856 9527.3947 9467.4316 7976.9198 7895.0142 7806.1674 7757.5615 6709.4150 6688.5163 6641.2536 6613.0372 6277.4398 6346.7511 6336.1068 6347.4216 6921.8856 6926.0378 7184.0100 7585.0181 8265.1376 8949.8603 9900.5050 10755.1151 11341.1608 10471.1508 9498.3645 8782.5110 8051.1446 7591.1132 7240.7133 7150.0000 7440.1317 7410.2368 7425.0421 7509.7437 7766.4574 7765.1278 7842.5920 8284.6998 8847.8901 8870.6150 8993.6783 9689.2337 10452.6293 10492.0641 10642.8967 11494.8358 11456.6422 11252.3886 9691.3699 9535.0013 8342.4007 8259.6156 7633.7180 7650.5719 15240.6902 14898.3025 14123.7579 13884.4236 13404.7543 13289.0939 13149.1192 13169.1996 13288.6119 13389.3161 13426.1405 13375.2103 13413.1430 13517.8247 13633.4607 13602.0679 14008.6618 14113.6241 14299.8689 14287.8007 15019.2478 15121.5801 15365.7492 15371.1174 15313.4336 15242.7442 15202.5150 14279.3995 14230.4691 14200.8437 13649.4047 13626.3073 13609.4254 13485.2234 13480.2170 13482.3574
9339.7671 8191.8405 6795.3109 5649.4469 4257.4934 3119.4952 1755.3490 742.4621 278.6198 1158.1235 2535.1783 3685.2748 5077.5613 6231.0713 7625.0330 8779.3081 0.0000 234.3075 1150.0000 1427.0284 1344.1205 2550.0000 2734.1178 3700.0000 3894.0416 3977.0102 5100.0000 5282.1303 6250.0000 6444.0251 6527.0062 7650.0000 7831.4366 8800.0000 9077.0045 8994.0180 8152.4536 5603.5703 3056.5503 538.5165 5822.9663 5997.6052 6772.0999 7179.2456 8415.5057 8950.8026 10430.0114 11031.6439 11069.4718 11101.7469 10664.1924 9005.8817 9052.8496 8665.5929 7258.3473 7325.5979 7033.1359 6104.6134 6195.1340 6069.8023 6139.2182 6233.1774 6270.9648 6285.3449 7128.9901 7280.4533 7364.9508 7403.0778 8772.6849 8953.3513 9064.4912 9116.4994 10775.0870 11094.7059 10969.2753 11154.3965 11438.8046 10522.4165 9475.8245 8690.8716 7857.5601 7303.8517 6833.4654 6645.7693 6873.0655 6966.4374 7320.4186 7795.5917 8540.6691 9274.4946 10261.7021 11147.4773 11560.4156 11478.5652 11338.5405 10471.1508 9687.7763 9612.0008 9496.5783 8782.5110 8189.4939 8125.8021 8050.6211 7591.1132 7299.8363 7257.5313 7241.8920 7150.0000 7302.2188 7366.9872 7793.7732 7957.7007 9009.3507 9240.2651 10705.0876 10974.7437 12918.3063 13000.1603 13372.9966 13585.8186 14275.7289 14599.6496 15548.6603 15960.2653 16040.4615 16108.0907 15906.7596 15809.2536 14692.4846 14770.7781 14624.7222 14536.1618 13691.1214 13779.9196 13702.0072 13626.1697 13116.0019 13213.6855 13214.1023 13154.8470 13284.9539 13302.7253 13306.2865 13807.3350 13852.0757 13869.2920 14758.0487 14825.7378 14854.7050 16147.1360 16061.2110 16185.5572
9169.8773 8023.4438 6629.4532 5486.6793 4100.9328 2972.6503 1640.3201 758.0567 475.8456 1036.1708 2378.6402 3520.7457 4908.6076 6059.9216 7452.2432 8605.5011 234.3075 0.0000 981.5294 1254.9462 1176.0612 2374.7421 2550.0000 3523.1946 3717.7977 3799.6171 4922.2861 5100.0000 6071.8531 6266.2525 6348.5660 7471.5059 7650.0000 8621.3050 8898.1172 8815.6009 7970.1568 5420.2306 2870.4355 323.8827 5644.4483 5802.3864 6549.5188 6951.2580 8181.5400 8716.4952 10197.2544 10799.9809 10837.4409 10869.4280 10431.1505 8771.5919 8818.6033 8431.7495 7031.1112 7099.0186 6810.6461 5910.7719 6002.4466 5889.0067 5956.2488 6045.8581 6080.3701 6093.1323 6905.8960 7055.9833 7139.3557 7176.9256 8538.7880 8719.3119 8830.3397 8882.3004 10542.0776 10862.0624 10736.4286 10921.8708 11205.2064 10288.1315 9242.2752 8460.1212 7634.6349 7092.7181 6645.3480 6484.1846 6726.2790 6791.0713 7118.5904 7578.9610 8313.2923 9042.5467 10027.5784 10913.2786 11326.1949 11244.3283 11104.2514 10237.2311 9455.7120 9380.0864 9265.2523 8556.0739 7971.4045 7908.3576 7835.2026 7390.3248 7119.0652 7078.3628 7066.8876 7002.3139 7150.0000 7207.1076 7591.1132 7750.9290 8782.5110 9012.0142 10471.1508 10740.6192 12755.0185 12827.9222 13180.5500 13386.8550 14063.0117 14382.8088 15323.6646 15733.0063 15813.5488 15881.4755 15681.6102 15584.3319 14476.1537 14554.8811 14411.3983 14323.2992 13492.7657 13582.0788 13508.1050 13433.0711 12944.3202 13042.4754 13048.1570 12990.1078 13116.5887 13132.5321 13135.1803 13611.7376 13655.1419 13671.6846 14543.6894 14610.5236 14639.0560 15920.9579 15835.5107 15959.1341
8191.8405 7044.5901 5649.4469 4505.6908 3119.4952 1995.3070 742.4621 816.2414 1212.0763 276.1340 1397.7228 2539.9311 3929.7747 5082.4453 6475.9269 7629.9574 1150.0000 981.5294 0.0000 277.1462 194.8333 1400.0000 1587.1043 2550.0000 2744.0590 2827.0143 3950.0000 4132.7231 5100.0000 5294.0306 5377.0075 6500.0000 6681.6839 7650.0000 7927.0051 7844.0207 7002.8566 4454.4921 1910.4973 680.0735 5724.5731 5762.3231 6233.7899 6550.5472 7612.7877 8100.6153 9489.6753 10066.5420 10111.3948 10149.6643 9731.0071 8165.6601 8221.0696 7869.2439 6642.3418 6720.2147 6493.2657 5879.4902 5978.4266 5950.2101 6001.8747 6060.1155 6070.6260 6071.2899 6579.5137 6709.1356 6775.3229 6804.0841 7972.6094 8142.7882 8243.9372 8290.6912 9840.7317 10150.1232 10030.0798 10206.8879 10522.4165 9656.1509 8690.8716 7994.7639 7303.8517 6899.0036 6645.7693 6654.4158 6973.5593 6875.0455 7008.2115 7324.0187 7912.3024 8545.2472 9439.2282 10266.7546 10681.2270 10601.5923 10471.1508 9662.9447 8953.4021 8882.1090 8782.5110 8168.5372 7696.9611 7641.6595 7591.1132 7285.7738 7164.3569 7134.6380 7150.0000 7241.8920 7364.1632 7378.6855 7469.0294 7591.6072 8387.3059 8592.1476 9895.0695 10150.0000 12874.2548 12893.3032 13108.6169 13264.3344 13817.7508 14094.4268 14934.1768 15309.0878 15394.9182 15467.3037 15289.2936 15195.3940 14192.9984 14276.1264 14159.2726 14075.9547 13374.7488 13467.8538 13424.3249 13355.5232 13012.7478 13113.4810 13150.8555 13100.0954 13204.6393 13209.4663 13206.5234 13514.8067 13547.7858 13559.0288 14280.8438 14338.7587 14362.7038 15513.3007 15435.0251 15547.7413
7916.0318 6769.0960 5374.5939 4231.8270 2848.5014 1732.3568 588.7784 1048.2175 1484.8047 414.5600 1129.7987 2265.8685 3654.2092 4806.3978 6199.6004 7353.4862 1427.0284 1254.9462 277.1462 0.0000 87.2812 1123.0361 1310.6067 2273.0178 2467.1477 2550.0000 3673.0110 3855.5791 4823.0084 5017.0727 5100.0000 6223.0065 6404.5523 7373.0055 7650.0000 7567.0482 6725.7126 4177.3688 1634.2001 946.4724 5726.2020 5729.7611 6120.9549 6412.7032 7426.1557 7900.6558 9264.6904 9834.7833 9881.4190 9921.2090 9507.7027 7968.2395 8025.7952 7683.8539 6507.5526 6587.9731 6379.0132 5848.8154 5949.3184 5945.3351 5992.3460 6041.4411 6045.1146 6042.3529 6462.4307 6585.8796 6647.0452 6673.2548 7786.0651 7953.2138 8051.5843 8096.8901 9617.0479 9923.5986 9805.0196 9979.5756 10302.9054 9450.2360 8507.2064 7835.4745 7183.3321 6818.1640 6620.6465 6677.2045 7016.9327 6872.6385 6950.4780 7224.6426 7770.8394 8376.3214 9244.8767 10056.5929 10471.1508 10392.1421 10264.2589 9472.0436 8782.5110 8712.4863 8617.1463 8030.2435 7591.1132 7538.1177 7494.0250 7228.7627 7150.0000 7123.4836 7146.3704 7282.1844 7396.8703 7399.2979 7406.5167 7518.2717 8246.4714 8444.1820 9703.4576 9954.3463 12869.9801 12873.7858 13050.4057 13191.9279 13711.1192 13975.8564 14787.8832 15153.4538 15240.6345 15314.1598 15142.0411 15049.0933 14075.7714 14160.0314 14050.5021 13968.5507 13303.4860 13397.5553 13362.5151 13295.5109 12993.9656 13095.3232 13141.6137 13092.9680 13191.2020 13192.8848 13188.3672 13449.2606 13479.3179 13489.0818 14169.0652 14224.5144 14247.1972 15361.8557 15285.5229 15395.2892
7997.0876 6849.7890 5454.6136 4310.9175 2925.2709 1803.7212 605.4833 963.2289 1398.1978 337.6537 1204.1831 2345.1247 3734.9909 4887.7612 6281.3420 7435.4428 1344.1205 1176.0612 194.8333 87.2812 0.0000 1206.1343 1396.1447 2356.0688 2550.0000 2633.1384 3756.0431 3939.5837 4906.0330 5100.0000 5183.0703 6306.0257 6488.1754 7456.0217 7733.0471 7650.0000 6809.4904 4261.5795 1719.8721 871.6995 5748.5815 5762.3669 6176.2601 6474.6252 7500.0793 7977.5731 9346.7208 9918.0428 9964.3668 10003.8865 9589.4244 8044.6072 8101.6940 7757.5099 6568.6989 6648.4694 6434.7385 5880.8932 5980.9569 5969.7370 6018.1608 6070.0049 6075.7107 6073.9612 6518.9232 6644.0244 6706.5162 6733.3948 7859.9911 8027.8366 8126.8358 8172.4663 9698.8432 10005.9262 9887.0754 10062.0478 10383.9207 9528.4841 8580.5134 7902.9368 7240.8294 6864.8241 6651.2412 6693.2959 7026.6462 6896.4781 6990.6264 7276.4696 7833.8341 8446.1595 9320.6254 10135.7392 10550.2899 10471.1508 10342.7346 9547.0341 8852.8424 8782.5110 8686.1418 8092.4508 7644.7379 7591.1132 7545.2608 7268.7454 7177.4799 7150.0000 7170.6248 7292.9116 7409.9946 7416.1823 7448.0951 7562.9267 8309.3453 8508.8754 9778.6154 10030.4068 12894.9327 12903.3008 13091.1913 13236.7319 13765.3292 14033.2452 14852.4169 15220.3112 15307.1619 15380.4078 15206.8228 15113.6349 14132.8095 14216.7734 14105.2955 14022.9761 13347.9738 13441.7761 13404.3374 13336.8197 13023.2678 13124.4446 13168.0735 13118.7903 13218.9205 13221.5415 13217.4924 13492.1444 13523.0270 13533.2075 14224.6638 14280.7689 14303.7864 15427.6849 15350.8684 15461.3681
6795.3109 5649.4469 4257.4934 3119.4952 1755.3490 742.4621 1020.4166 2091.9489 2594.8274 1451.2925 278.6198 1158.1235 2535.1783 3685.2748 5077.5613 6231.0713 2550.0000 2374.7421 1400.0000 1123.0361 1206.1343 0.0000 234.3075 1150.0000 1344.1205 1427.0284 2550.0000 2734.1178 3700.0000 3894.0416 3977.0102 5100.0000 5282.1303 6250.0000 6527.0062 6444.0251 5603.5703 3056.5503 538.5165 2059.7330 5912.4899 5779.7896 5822.9663 5997.6052 6772.0999 7179.2456 8415.5057 8950.8026 9005.8817 9052.8496 8665.5929 7258.3473 7325.5979 7033.1359 6104.6134 6195.1340 6069.8023 5903.7281 6008.3263 6101.2294 6128.8253 6140.4397 6116.5758 6100.0460 6139.2182 6233.1774 6270.9648 6285.3449 7128.9901 7280.4533 7364.9508 7403.0778 8772.6849 9064.4912 8953.3513 9116.4994 9475.8245 8690.8716 7857.5601 7303.8517 6833.4654 6645.7693 6682.5332 6927.5717 7341.2893 7021.1288 6873.0655 6966.4374 7320.4186 7795.5917 8540.6691 9274.4946 9687.7763 9612.0008 9496.5783 8782.5110 8189.4939 8125.8021 8050.6211 7591.1132 7299.8363 7257.5313 7241.8920 7150.0000 7246.5447 7233.2469 7285.7738 7591.1132 7675.0831 7630.5308 7302.2188 7366.9872 7793.7732 7957.7007 9009.3507 9240.2651 12958.9057 12901.1189 12918.3063 13000.1603 13372.9966 13585.8186 14275.7289 14599.6496 14692.4846 14770.7781 14624.7222 14536.1618 13691.1214 13779.9196 13702.0072 13626.1697 13116.0019 13213.6855 13214.1023 13154.8470 13023.7170 13127.1393 13209.2770 13169.3774 13241.6955 13230.6462 13219.7678 13284.9539 13302.7253 13306.2865 13807.3350 13852.0757 13869.2920 14825.7378 14758.0487 14854.7050
6629.4532 5486.6793 4100.9328 2972.6503 1640.3201 758.0567 1252.4576 2306.0030 2792.8353 1660.3162 475.8456 1036.1708 2378.6402 3520.7457 4908.6076 6059.9216 2734.1178 2550.0000 1587.1043 1310.6067 1396.1447 234.3075 0.0000 981.5294 1176.0612 1254.9462 2374.7421 2550.0000 3523.1946 3717.7977 3799.6171 4922.2861 5100.0000 6071.8531 6348.5660 6266.2525 5420.2306 2870.4355 323.8827 2230.5605 5816.2184 5658.6560 5644.4483 5802.3864 6549.5188 6951.2580 8181.5400 8716.4952 8771.5919 8818.6033 8431.7495 7031.1112 7099.0186 6810.6461 5910.7719 6002.4466 5889.0067 5782.9858 5887.9254 5998.4081 6022.2421 6026.8483 5998.0330 5979.0686 5956.2488 6045.8581 6080.3701 6093.1323 6905.8960 7055.9833 7139.3557 7176.9256 8538.7880 8830.3397 8719.3119 8882.3004 9242.2752 8460.1212 7634.6349 7092.7181 6645.3480 6484.1846 6560.3849 6840.1499 7267.4844 6913.8737 6726.2790 6791.0713 7118.5904 7578.9610 8313.2923 9042.5467 9455.7120 9380.0864 9265.2523 8556.0739 7971.4045 7908.3576 7835.2026 7390.3248 7119.0652 7078.3628 7066.8876 7002.3139 7129.0876 7118.2385 7176.0992 7513.5145 7591.1132 7537.4333 7150.0000 7207.1076 7591.1132 7750.9290 8782.5110 9012.0142 12831.9561 12763.5531 12755.0185 12827.9222 13180.5500 13386.8550 14063.0117 14382.8088 14476.1537 14554.8811 14411.3983 14323.2992 13492.7657 13582.0788 13508.1050 13433.0711 12944.3202 13042.4754 13048.1570 12990.1078 12886.4706 12990.1680 13078.4135 13040.0690 13107.8374 13094.6134 13082.6588 13116.5887 13132.5321 13135.1803 13611.7376 13655.1419 13671.6846 14610.5236 14543.6894 14639.0560
5649.4469 4505.6908 3119.4952 1995.3070 742.4621 816.2414 2091.9489 3218.1128 3740.2712 2589.6428 1212.0763 276.1340 1397.7228 2539.9311 3929.7747 5082.4453 3700.0000 3523.1946 2550.0000 2273.0178 2356.0688 1150.0000 981.5294 0.0000 194.8333 277.1462 1400.0000 1587.1043 2550.0000 2744.0590 2827.0143 3950.0000 4132.7231 5100.0000 5377.0075 5294.0306 4454.4921 1910.4973 680.0735 3206.2439 6299.7093 6041.8596 5724.5731 5762.3231 6233.7899 6550.5472 7612.7877 8100.6153 8165.6601 8221.0696 7869.2439 6642.3418 6720.2147 6493.2657 5879.4902 5978.4266 5950.2101 6166.1256 6271.1151 6453.8748 6462.1978 6437.5850 6387.8791 6358.5030 6001.8747 6060.1155 6070.6260 6071.2899 6579.5137 6709.1356 6775.3229 6804.0841 7972.6094 8243.9372 8142.7882 8290.6912 8690.8716 7994.7639 7303.8517 6899.0036 6645.7693 6654.4158 6927.5717 7346.5128 7819.9123 7341.4065 6973.5593 6875.0455 7008.2115 7324.0187 7912.3024 8545.2472 8953.4021 8882.1090 8782.5110 8168.5372 7696.9611 7641.6595 7591.1132 7285.7738 7164.3569 7134.6380 7150.0000 7241.8920 7511.1790 7511.0692 7591.1132 8050.6211 8104.3445 8016.3895 7364.1632 7378.6855 7469.0294 7591.6072 8387.3059 8592.1476 13140.0927 13020.6362 12874.2548 12893.3032 13108.6169 13264.3344 13817.7508 14094.4268 14192.9984 14276.1264 14159.2726 14075.9547 13374.7488 13467.8538 13424.3249 13355.5232 13012.7478 13113.4810 13150.8555 13100.0954 13144.7444 13249.4787 13367.2174 13336.4163 13382.0776 13358.2372 13340.9993 13204.6393 13209.4663 13206.5234 13514.8067 13547.7858 13559.0288 14338.7587 14280.8438 14362.7038
5454.6136 4310.9175 2925.2709 1803.7212 605.4833 963.2289 2276.1832 3406.9356 3932.5382 2780.9009 1398.1978 337.6537 1204.1831 2345.1247 3734.9909 4887.7612 3894.0416 3717.7977 2744.0590 2467.1477 2550.0000 1344.1205 1176.0612 194.8333 0.0000 87.2812 1206.1343 1396.1447 2356.0688 2550.0000 2633.1384 3756.0431 3939.5837 4906.0330 5183.0703 5100.0000 4261.5795 1719.8721 871.6995 3400.9940 6399.3116 6123.2322 5748.5815 5762.3669 6176.2601 6474.6252 7500.0793 7977.5731 8044.6072 8101.6940 7757.5099 6568.6989 6648.4694 6434.7385 5880.8932 5980.9569 5969.7370 6247.1598 6351.8930 6547.8745 6553.2557 6523.1787 6469.6337 6438.3542 6018.1608 6070.0049 6075.7107 6073.9612 6518.9232 6644.0244 6706.5162 6733.3948 7859.9911 8126.8358 8027.8366 8172.4663 8580.5134 7902.9368 7240.8294 6864.8241 6651.2412 6693.2959 7003.8140 7448.4636 7929.9216 7428.3787 7026.6462 6896.4781 6990.6264 7276.4696 7833.8341 8446.1595 8852.8424 8782.5110 8686.1418 8092.4508 7644.7379 7591.1132 7545.2608 7268.7454 7177.4799 7150.0000 7170.6248 7292.9116 7589.1645 7591.1132 7675.2694 8157.4175 8206.5169 8112.1304 7409.9946 7416.1823 7448.0951 7562.9267 8309.3453 8508.8754 13197.8896 13068.4457 12894.9327 12903.3008 13091.1913 13236.7319 13765.3292 14033.2452 14132.8095 14216.7734 14105.2955 14022.9761 13347.9738 13441.7761 13404.3374 13336.8197 13023.2678 13124.4446 13168.0735 13118.7903 13192.7103 13297.5842 13421.0678 13391.7721 13433.0473 13407.1272 13388.8575 13218.9205 13221.5415 13217.4924 13492.1444 13523.0270 13533.2075 14280.7689 14224.6638 14303.7864
