0.0000 1118.0340 3621.1186 3891.3365 5205.8499 4884.3273 4650.0000 4975.1884 6247.5995 6408.0028 8009.3139 7803.1512 8500.0000 8664.4388 9414.4835 9521.6858 9030.6423 9408.1082 6180.0081 5561.0251 3832.7536 3050.0000 1931.3208 4750.0000 4366.0623 6791.5389 7403.0399 8290.9211 7409.6324 6647.1799 6524.1858 8487.9326 8984.7092 10286.2340 9587.7874 9737.1710 9637.6864 11029.2792 11415.9975 11536.4639 12092.3530 9793.1098 9080.8865 8508.9659 7800.0000 6587.2984 9500.0000 9055.3851 11147.3091 11814.9270 12470.0791 11448.7402 10576.9797 10271.4410 12254.8970 12865.1661 13877.6478 12964.8435 12747.5488 12482.8883 14134.4437 14666.7140 15157.5889 15781.7141 14097.6062 13383.7588 13237.8246 12550.0000 11321.6607 16269.2962 17936.8336 18830.8258 18985.5208 10467.5690 3605.5513 3716.1808
1118.0340 0.0000 2926.1750 3360.4315 4555.5321 4049.1546 3684.0874 3950.0000 5392.8193 5640.2571 7204.3812 6893.9951 7516.6482 7650.0000 8501.9115 8660.9757 8297.7407 8727.1129 5765.6309 5091.6598 4200.0000 3688.1567 2860.0699 5344.3896 4750.0000 6806.2471 7463.5782 8193.9840 7224.3791 6394.1379 6177.7828 8175.8792 8730.6930 9915.1706 9127.6321 9154.9167 9004.7210 10490.2336 10928.1746 11186.5991 11773.9118 9782.8932 9067.1109 8950.0000 8360.0239 7252.0687 10049.8756 9500.0000 11367.1676 12051.6596 12595.8276 11537.4457 10645.3041 10288.4644 12236.5232 12874.8786 13778.3565 12815.0368 12500.0000 12197.2333 13890.0144 14455.5353 15051.6610 15691.1599 14258.0679 13550.8302 13700.0000 13088.2581 11921.8287 16886.0889 17993.8879 18784.3020 18923.5303 9360.5555 3640.0549 3828.8379
3621.1186 2926.1750 0.0000 700.0000 1629.4395 1367.7547 1627.8821 2193.1712 2700.0000 2789.2651 4398.1711 4307.0254 5168.4137 5440.5882 5900.0000 5941.3803 5413.4093 5813.7767 3001.6662 2289.6506 3572.4641 3962.9534 4208.6221 5022.4496 3990.6140 4750.0000 5450.0000 5817.5229 4739.9107 3842.1999 3488.9110 5463.7441 6082.1460 7109.9514 6255.9546 6230.9710 6079.6793 7574.4637 8031.9674 8390.0238 9003.4716 7501.4999 6806.6144 7747.5803 7536.0799 6850.1825 9080.8865 8271.1849 9500.0000 10200.0000 10495.5740 9390.8335 8485.2814 8041.1442 9876.2341 10551.3032 11264.2758 10239.5541 9801.1479 9457.8010 11183.0228 11783.4630 12514.1919 13170.0418 12192.6207 11512.7104 12345.5458 11958.4698 11011.9254 15890.6419 15686.6982 16304.3706 16419.8812 7864.6360 6470.8964 6689.7309
3891.3365 3360.4315 700.0000 0.0000 1368.8948 1628.0519 2163.3308 2745.9060 2789.2651 2700.0000 4308.1213 4396.7793 5361.2032 5685.9476 5941.3803 5900.0000 5202.4033 5536.2442 2420.7437 1732.7723 3100.4032 3669.4686 4150.0000 4539.2731 3464.8232 4050.0000 4750.0000 5139.2969 4073.8867 3184.7292 2872.7165 4867.4942 5463.7441 6566.3848 5767.8564 5848.5041 5748.2606 7156.2909 7574.4637 7842.3530 8441.7119 6817.0742 6118.8234 7086.9599 6921.1632 6307.5352 8437.5648 7605.4257 8800.0000 9500.0000 9801.8301 8698.7098 7792.9455 7354.5904 9204.8900 9876.2341 10620.7302 9608.8328 9208.2843 8881.4413 10594.8101 11183.0228 11877.0788 12529.9641 11498.2607 10816.7694 11660.2959 11290.0399 10366.8944 15227.0319 15014.0767 15658.3045 15778.5456 8285.0769 6975.8512 7179.3106
5205.8499 4555.5321 1629.4395 1368.8948 0.0000 1115.0004 2013.8205 2512.3043 1624.4608 1362.9648 2950.0007 3153.1028 4207.1217 4592.3276 4636.7740 4551.7549 3841.0380 4202.6507 1698.3736 1053.1728 4162.4119 4914.7302 5506.9295 5530.5852 4414.6770 4073.2755 4739.2376 4750.0000 3635.0001 2746.2653 2246.8140 4071.2864 4737.5282 5593.2105 4680.0168 4602.8657 4452.6366 5952.8290 6426.8945 6871.3225 7503.2508 6443.6770 5794.0205 7480.7869 7524.3653 7135.3187 8899.3749 7959.3262 8697.8775 9389.9879 9500.0000 8385.0001 7493.5621 6993.5451 8696.9462 9389.1253 9949.3972 8887.5225 8354.5121 7980.4432 9720.9914 10344.8767 11171.4624 11834.7063 11192.9653 10543.1102 11820.4769 11584.5834 10799.2719 15528.7048 14484.6634 14980.7901 15079.5316 7431.4112 8079.7570 8305.0751
4884.3273 4049.1546 1367.7547 1628.0519 1115.0004 0.0000 905.8438 1400.8401 1363.8009 1624.7317 3155.3272 2950.0002 3804.2940 4092.3774 4552.7083 4637.5589 4281.1042 4763.0193 2810.8990 2162.3490 4725.9341 5264.2049 5576.2580 6159.1926 5071.9477 5138.0690 5816.3178 5865.0001 4750.0000 3859.9939 3360.2609 5137.0179 5815.3893 6567.3503 5590.6619 5343.3747 5106.5206 6727.2694 7258.5090 7834.6572 8480.2920 7558.4491 6908.6723 8459.5185 8412.2442 7891.3657 9855.9451 8954.2533 9800.7017 10494.4534 10615.0000 9500.0000 8608.3421 8108.3508 9800.1507 10493.9389 11019.4868 9946.5321 9367.7987 8973.8817 10719.6153 11357.3744 12229.5075 12894.5474 12307.8899 11657.9910 12880.8949 12607.3333 11771.9010 16553.5329 15578.9169 16041.3545 16133.6249 6664.7920 7379.2854 7625.2904
4650.0000 3684.0874 1627.8821 2163.3308 2013.8205 905.8438 0.0000 583.0952 1860.1075 2343.0749 3697.1217 3227.7032 3850.0000 4031.1289 4827.0074 5032.8918 4911.7207 5448.8531 3712.1422 3050.0000 5197.3551 5561.0251 5644.6878 6647.1799 5602.2317 5971.8088 6659.0164 6759.7317 5645.0468 4750.0000 4260.5751 6039.2466 6719.5610 7438.1590 6438.5222 6114.3274 5836.3088 7504.1655 8061.7926 8698.4194 9348.9304 8455.3238 7800.0000 9204.6184 9080.8865 8457.2454 10576.9797 9711.9771 10667.7083 11363.5382 11509.0170 10394.1115 9500.0000 9004.9986 10705.6060 11399.1228 11920.9357 10845.0942 10250.4878 9848.8578 11595.2577 12238.4640 13127.2617 13792.7517 13203.4087 12550.0000 13695.3459 13383.7588 12502.4998 17328.0841 16484.6140 16939.3772 17029.4598 6254.7982 6766.2767 7027.2683
4975.1884 3950.0000 2193.1712 2745.9060 2512.3043 1400.8401 583.0952 0.0000 2000.0000 2594.2244 3762.5668 3128.7167 3585.0384 3700.0000 4681.8800 4964.8766 5020.4581 5597.3208 4200.0000 3562.6535 5765.6309 6091.3874 6100.2049 7215.6081 6177.7828 6524.7605 7207.8083 7259.4885 6144.7826 5258.5644 4750.0000 6462.3912 7151.3985 7782.3139 6750.9531 6337.5863 6021.0049 7725.4450 8310.3851 9027.3196 9684.6528 8950.0000 8305.4199 9782.8932 9663.9795 9034.6555 11158.0688 10288.4644 11200.8928 11894.9569 12008.8997 10894.0054 10004.4990 9500.0000 11164.6764 11860.8600 12332.7576 11246.6381 10611.4325 10195.0969 11940.2680 12593.6492 13524.2375 14190.8421 13700.0000 13053.4478 14258.0679 13957.2562 13082.9087 17902.3043 16924.9077 17335.2964 17418.1658 5736.9417 6799.4485 7071.9516
6247.5995 5392.8193 2700.0000 2789.2651 1624.4608 1363.8009 1860.1075 2000.0000 0.0000 700.0000 1843.2876 1615.4467 2594.7061 2968.1644 3200.0000 3275.6679 3053.6863 3606.9378 2863.5642 2460.1829 5769.0987 6451.7440 6885.6735 7151.5733 6036.9694 5463.7441 6082.1460 5816.1304 4738.7713 3946.2007 3370.8308 4750.0000 5450.0000 5882.6192 4816.2400 4341.0828 4021.5047 5727.3467 6320.0079 7100.1761 7763.5366 7447.3150 6865.8576 8974.6866 9094.6413 8753.5707 10410.6916 9430.4030 9876.2341 10551.3032 10494.8022 9390.2584 8532.8776 7990.6195 9500.0000 10200.0000 10532.6971 9429.0863 8722.5283 8286.1330 10024.4701 10690.1824 11688.6697 12355.5655 12159.3585 11547.8353 13150.3802 12997.1151 12286.6798 16927.2709 15179.3445 15489.1091 15558.6792 5857.6873 8618.1495 8875.3873
6408.0028 5640.2571 2789.2651 2700.0000 1362.9648 1624.7317 2343.0749 2594.2244 700.0000 0.0000 1616.6969 1841.4310 2960.1520 3397.0576 3275.6679 3200.0000 2661.7663 3140.0637 2247.2205 1952.5624 5489.3078 6275.7470 6850.0000 6820.9237 5703.0693 4867.4942 5463.7441 5137.7206 4072.5610 3309.4561 2728.0946 4050.0000 4750.0000 5212.6010 4162.6155 3771.6044 3500.3571 5161.6373 5727.3467 6443.7955 7104.4000 6757.4033 6184.6584 8411.0047 8592.0021 8335.7663 9854.5675 8852.2596 9204.8900 9876.2341 9801.0037 8698.0890 7844.7435 7299.3150 8800.0000 9500.0000 9841.4282 8740.0725 8050.6211 7621.6796 9363.7599 10024.4701 11003.8630 11670.9040 11462.9839 10854.1467 12509.2965 12384.8698 11712.0664 16305.9038 14483.1799 14807.5150 14880.2722 6411.1231 9003.4716 9250.0000
8009.3139 7204.3812 4398.1711 4308.1213 2950.0007 3155.3272 3697.1217 3762.5668 1843.2876 1616.6969 0.0000 1118.0004 2144.3202 2665.4660 1838.0721 1610.7480 1280.4722 1913.2979 3273.0581 3272.6456 6961.2577 7822.4426 8455.6081 8222.9319 7114.8162 5767.2705 6255.1906 5589.8125 4680.5010 4139.5904 3588.0927 4161.1548 4814.6868 4750.0000 3632.0001 2840.0016 2412.9254 4158.8471 4812.6925 5837.9884 6502.1696 7023.5610 6569.0722 9331.4848 9676.4203 9595.0409 10780.0329 9719.2134 9607.4923 10238.1595 9945.5771 8887.2431 8107.3244 7531.0629 8738.2898 9427.2853 9500.0000 8382.0001 7527.1581 7047.3193 8737.1911 9426.2670 10566.4379 11225.8946 11535.7232 10987.2749 13069.7785 13084.3651 12560.1477 16940.3102 14190.0990 14309.6998 14351.5055 5820.4561 10460.6075 10718.4938
7803.1512 6893.9951 4307.0254 4396.7793 3153.1028 2950.0002 3227.7032 3128.7167 1615.4467 1841.4310 1118.0004 0.0000 1164.1168 1656.5229 1611.4801 1837.9521 2283.9588 2948.0957 3966.8713 3778.8051 7312.6170 8046.7675 8500.6334 8658.9646 7540.9328 6564.2188 7107.7541 6565.5584 5592.3610 4950.4109 4373.4847 5210.3904 5880.4224 5868.0001 4750.0000 3929.8433 3475.9988 5209.1619 5879.3340 6948.3788 7611.1608 8060.6804 7572.5074 10134.7357 10383.3505 10171.0013 11584.0912 10551.2638 10618.4965 11262.0455 11017.9879 9948.4421 9149.8671 8578.5120 9839.2920 10530.5683 10618.0000 9500.0000 8640.4380 8157.5773 9838.6416 10529.9605 11681.9719 12340.7159 12622.9184 12063.6383 14038.3891 14000.0881 13407.5638 17886.7093 15308.0883 15419.1429 15457.9678 4799.4966 9927.7172 10199.0572
8500.0000 7516.6482 5168.4137 5361.2032 4207.1217 3804.2940 3850.0000 3585.0384 2594.7061 2960.1520 2144.3202 1164.1168 0.0000 522.0153 1390.1439 1990.6029 3050.0000 3703.0393 5127.6213 4911.7207 8363.0138 9030.6423 9374.4333 9737.1710 8620.4698 7728.1951 8270.7315 7703.1405 6746.7513 6114.3274 5537.5988 6304.3636 6958.8074 6801.1476 5691.3678 4750.0000 4252.6462 5911.4296 6604.9224 7800.0000 8451.3313 9165.4242 8698.4194 11298.3406 11536.4639 11293.4716 12747.5488 11715.3745 11741.4863 12377.0958 12087.2608 11031.3033 10250.4878 9674.8385 10857.3708 11541.7720 11534.2147 10418.8852 9500.0000 9001.2499 10634.0256 11331.9239 12550.0000 13200.8522 13669.0343 13127.2617 15181.8971 15157.5889 14571.5476 19037.8570 16219.7411 16237.3027 16260.3813 3676.9553 10278.6186 10562.1967
8664.4388 7650.0000 5440.5882 5685.9476 4592.3276 4092.3774 4031.1289 3700.0000 2968.1644 3397.0576 2665.4660 1656.5229 522.0153 0.0000 1746.4249 2404.1631 3553.1676 4200.0000 5597.3208 5348.1305 8727.1129 9350.1337 9628.7330 10118.5473 9004.7210 8207.4661 8760.2797 8214.4977 7248.6932 6600.1894 6021.0049 6824.4047 7480.1404 7315.2040 6207.2996 5252.1424 4750.0000 6388.4662 7084.6665 8301.3553 8950.0000 9684.6528 9213.5769 11773.9118 11988.0148 11710.0384 13222.0460 12197.2333 12257.6507 12894.9603 12609.1821 11552.6860 10770.3296 10195.0969 11378.0490 12061.9236 12043.4509 10928.9555 10001.1249 9500.0000 11122.0502 11820.7445 13050.8620 13700.0000 14190.8421 13649.2674 15691.1599 15656.4683 15055.3147 19542.5817 16726.9991 16726.9991 16746.7161 3157.9265 10268.0329 10556.1593
9414.4835 8501.9115 5900.0000 5941.3803 4636.7740 4552.7083 4827.0074 4681.8800 3200.0000 3275.6679 1838.0721 1611.4801 1390.1439 1746.4249 0.0000 700.0000 2127.2047 2692.5824 5110.7729 5088.4674 8745.4274 9551.1779 10074.3486 10037.1809 8924.4047 7574.4637 8031.9674 7258.6619 6428.3087 5950.8403 5411.3307 5727.3467 6320.0079 5880.9871 4814.9110 3747.6659 3226.8406 4750.0000 5450.0000 6753.7027 7383.2581 8566.3586 8184.1310 11124.0730 11502.7171 11432.6287 12569.1090 11494.8902 11183.0228 11783.4630 11357.8903 10346.2144 9625.4870 9042.6766 10024.4701 10690.1824 10531.7857 9428.4075 8442.8964 7930.9520 9500.0000 10200.0000 11481.5069 12120.2310 12875.1699 12377.0958 14701.4455 14782.5911 14319.3052 18593.8834 15189.8815 15102.0694 15110.0132 4533.4865 11469.6338 11746.1696
9521.6858 8660.9757 5941.3803 5900.0000 4551.7549 4637.5589 5032.8918 4964.8766 3275.6679 3200.0000 1610.7480 1837.9521 1990.6029 2404.1631 700.0000 0.0000 1511.6216 2024.8457 4792.7028 4863.3836 8563.4397 9433.1861 10050.0000 9804.3358 8702.0113 7156.2909 7574.4637 6727.3303 5954.2382 5549.0990 5036.1195 5161.6373 5727.3467 5210.7590 4161.0777 3070.0163 2548.0385 4050.0000 4750.0000 6059.9092 6686.7406 7973.8636 7621.6796 10674.5023 11109.5679 11115.9795 12112.4936 11025.5385 10594.8101 11183.0228 10720.0967 9722.3430 9021.0864 8438.0092 9363.7599 10024.4701 9840.4527 8739.3402 7746.7735 7233.9477 8800.0000 9500.0000 10783.5523 11421.4710 12219.6563 11732.5402 14130.9058 14247.2804 13829.4071 18030.0444 14494.2230 14402.1700 14410.4996 5229.0056 11761.9089 12031.7289
9030.6423 8297.7407 5413.4093 5202.4033 3841.0380 4281.1042 4911.7207 5020.4581 3053.6863 2661.7663 1280.4722 2283.9588 3050.0000 3553.1676 2127.2047 1511.6216 0.0000 667.0832 3609.0165 3850.0000 7528.1140 8500.0000 9284.5301 8668.3332 7595.3933 5774.2965 6144.3063 5236.1315 4516.5089 4208.6221 3747.3324 3655.4753 4215.7443 3784.4562 2697.7709 1700.0000 1209.3387 2926.1750 3601.7357 4750.0000 5402.0829 6462.3912 6114.3274 9241.7531 9737.1710 9843.2718 10670.1687 9573.5312 9083.2263 9672.9003 9230.6865 8221.6089 7511.6576 6928.5641 7907.2751 8578.1700 8492.9152 7380.0046 6450.0000 5951.8905 7597.6970 8293.6723 9500.0000 10151.1083 10752.9066 10250.4878 12620.3209 12747.5488 12357.2853 16520.3662 13174.3121 13195.9274 13224.3147 6600.1894 11648.7124 11899.6849
9408.1082 8727.1129 5813.7767 5536.2442 4202.6507 4763.0193 5448.8531 5597.3208 3606.9378 3140.0637 1913.2979 2948.0957 3703.0393 4200.0000 2692.5824 2024.8457 667.0832 0.0000 3700.0000 4052.4684 7650.0000 8674.3876 9541.0953 8713.4953 7669.7458 5626.9441 5929.7976 4914.3436 4310.7253 4135.5169 3740.6550 3297.3474 3791.1080 3188.7629 2139.5719 1060.6602 550.0000 2261.0838 2934.7061 4102.7430 4750.0000 6021.0049 5728.0014 9004.7210 9572.4866 9774.7123 10414.5331 9306.5837 8640.0231 9208.6915 8704.2675 7720.3208 7045.5660 6463.7450 7338.9373 8000.6250 7861.3427 6751.9825 5801.9393 5300.0000 6935.4164 7632.1688 8851.2711 9500.0000 10195.0969 9711.9771 12197.2333 12375.1768 12049.1701 16101.9409 12536.0480 12536.0480 12562.3445 7209.1955 12142.1786 12386.7873
6180.0081 5765.6309 3001.6662 2420.7437 1698.3736 2810.8990 3712.1422 4200.0000 2863.5642 2247.2205 3273.0581 3966.8713 5127.6213 5597.3208 5110.7729 4792.7028 3609.0165 3700.0000 0.0000 715.8911 3950.0000 4992.4944 5960.9144 5060.1383 3988.1073 2621.5453 3220.6366 3061.5312 1948.6285 1092.0165 550.0000 2462.2145 3092.3292 4149.7481 3409.1888 3702.0265 3740.6550 4897.1931 5242.3754 5423.3292 6021.0049 4750.0000 4110.9610 6177.7828 6427.4801 6328.1119 7625.1229 6610.0303 7061.1614 7746.6122 7809.3837 6694.6361 5807.7534 5300.0000 7003.5705 7694.1536 8297.7653 7254.9340 6800.1838 6463.7450 8183.5200 8781.7994 9535.4601 10195.0969 9500.0000 8855.0833 10288.4644 10140.2663 9470.0845 14066.0051 12798.9257 13336.8849 13444.4226 8655.2007 9393.2156 9592.3146
5561.0251 5091.6598 2289.6506 1732.7723 1053.1728 2162.3490 3050.0000 3562.6535 2460.1829 1952.5624 3272.6456 3778.8051 4911.7207 5348.1305 5088.4674 4863.3836 3850.0000 4052.4684 715.8911 0.0000 3707.4250 4650.0000 5494.0877 4951.0100 3842.1999 3046.3092 3700.0000 3711.1552 2597.4513 1700.0000 1236.9317 3176.4760 3807.8866 4836.6010 4042.3840 4208.6221 4176.1226 5470.8317 5860.0341 6114.3274 6720.1190 5408.3269 4750.0000 6517.8601 6647.1799 6393.1604 7951.4150 6980.3295 7644.7695 8336.8159 8459.3837 7344.5730 6450.0000 5957.5582 7697.5645 8385.2549 9011.1159 7970.4058 7511.6576 7169.5537 8893.3964 9494.8670 10250.4878 10909.7434 10154.4325 9500.0000 10786.3339 10576.9797 9832.8531 14517.0589 13499.0740 14050.8007 14159.2726 8316.5498 8707.7552 8912.0705
3832.7536 4200.0000 3572.4641 3100.4032 4162.4119 4725.9341 5197.3551 5765.6309 5769.0987 5489.3078 6961.2577 7312.6170 8363.0138 8727.1129 8745.4274 8563.4397 7528.1140 7650.0000 3950.0000 3707.4250 0.0000 1192.6860 2549.5098 1450.0000 550.0000 3259.6012 3758.3241 4879.9767 4269.7135 3798.0258 3988.1073 5580.7706 5886.0003 7413.9469 7025.7290 7573.1433 7669.7458 8622.3547 8822.9814 8547.5143 9004.7210 6177.7828 5489.3078 4750.0000 4220.1896 3318.5087 5885.5756 5300.0000 7322.0557 7985.1425 8684.9107 7697.4965 6852.9191 6610.0303 8610.0232 9180.5501 10324.6845 9506.4382 9481.0337 9306.5837 10832.0127 11290.8149 11600.5388 12197.2333 10288.4644 9573.1395 9500.0000 8906.3180 7787.8110 12747.5488 14182.3834 15172.6728 15344.7059 11385.0780 7433.0344 7527.2837
3050.0000 3688.1567 3962.9534 3669.4686 4914.7302 5264.2049 5561.0251 6091.3874 6451.7440 6275.7470 7822.4426 8046.7675 9030.6423 9350.1337 9551.1779 9433.1861 8500.0000 8674.3876 4992.4944 4650.0000 1192.6860 0.0000 1432.6549 1700.0000 1562.0499 4443.2533 4914.5193 6067.7898 5457.3669 4951.0100 5093.3781 6757.4033 7076.1925 8594.9467 8173.8588 8668.3332 8732.8403 9760.2510 9983.6116 9737.1710 10197.1810 7325.4693 6647.1799 5491.8121 4750.0000 3569.3137 6450.0000 6033.4484 8300.9036 8942.3151 9726.5910 8773.7593 7951.4150 7739.8320 9737.8129 10290.0437 11475.2172 10677.0065 10670.1687 10498.8095 12017.6953 12469.3625 12747.5488 13335.8539 11292.6968 10576.9797 10199.1421 9500.0000 8279.6437 13235.2748 15238.5203 16281.3544 16460.0273 11815.7734 6560.6783 6622.1220
1931.3208 2860.0699 4208.6221 4150.0000 5506.9295 5576.2580 5644.6878 6100.2049 6885.6735 6850.0000 8455.6081 8500.6334 9374.4333 9628.7330 10074.3486 10050.0000 9284.5301 9541.0953 5960.9144 5494.0877 2549.5098 1432.6549 0.0000 3031.9136 2982.0295 5798.7068 6307.5352 7407.0759 6711.2333 6109.4190 6158.3277 7957.7007 8335.7663 9800.7555 9284.2484 9661.3922 9665.6609 10835.3588 11115.9795 10983.6242 11473.6655 8726.1102 8038.8121 6863.8546 6040.6953 4750.0000 7731.7527 7397.9727 9729.4656 10366.8944 11159.2237 10203.5118 9376.1666 9152.1855 11151.7936 11712.0664 12873.9003 12052.3345 11997.0830 11800.9534 13358.2372 13829.4071 14149.2933 14743.8970 12723.3054 12007.7059 11526.0574 10772.7666 9500.0000 14422.2051 16670.9328 17704.5192 17880.7159 11806.7777 5223.9832 5261.1786
4750.0000 5344.3896 5022.4496 4539.2731 5530.5852 6159.1926 6647.1799 7215.6081 7151.5733 6820.9237 8222.9319 8658.9646 9737.1710 10118.5473 10037.1809 9804.3358 8668.3332 8713.4953 5060.1383 4951.0100 1450.0000 1700.0000 3031.9136 0.0000 1118.0340 3621.1186 3891.3365 5205.8499 4884.3273 4650.0000 4975.1884 6247.5995 6408.0028 8009.3139 7803.1512 8500.0000 8664.4388 9414.4835 9521.6858 9030.6423 9408.1082 6180.0081 5561.0251 3832.7536 3050.0000 1931.3208 4750.0000 4366.0623 6791.5389 7403.0399 8290.9211 7409.6324 6647.1799 6524.1858 8487.9326 8984.7092 10286.2340 9587.7874 9737.1710 9637.6864 11029.2792 11415.9975 11536.4639 12092.3530 9793.1098 9080.8865 8508.9659 7800.0000 6587.2984 11547.8353 13798.2789 14941.9711 15136.4626 12823.1236 8237.8699 8286.8872
4366.0623 4750.0000 3990.6140 3464.8232 4414.6770 5071.9477 5602.2317 6177.7828 6036.9694 5703.0693 7114.8162 7540.9328 8620.4698 9004.7210 8924.4047 8702.0113 7595.3933 7669.7458 3988.1073 3842.1999 550.0000 1562.0499 2982.0295 1118.0340 0.0000 2926.1750 3360.4315 4555.5321 4049.1546 3684.0874 3950.0000 5392.8193 5640.2571 7204.3812 6893.9951 7516.6482 7650.0000 8501.9115 8660.9757 8297.7407 8727.1129 5765.6309 5091.6598 4200.0000 3688.1567 2860.0699 5344.3896 4750.0000 6806.2471 7463.5782 8193.9840 7224.3791 6394.1379 6177.7828 8175.8792 8730.6930 9915.1706 9127.6321 9154.9167 9004.7210 10490.2336 10928.1746 11186.5991 11773.9118 9782.8932 9067.1109 8950.0000 8360.0239 7252.0687 12208.7059 13700.0912 14722.8564 14900.0839 11735.9490 7960.0565 8048.1364
6791.5389 6806.2471 4750.0000 4050.0000 4073.2755 5138.0690 5971.8088 6524.7605 5463.7441 4867.4942 5767.2705 6564.2188 7728.1951 8207.4661 7574.4637 7156.2909 5774.2965 5626.9441 2621.5453 3046.3092 3259.6012 4443.2533 5798.7068 3621.1186 2926.1750 0.0000 700.0000 1629.4395 1367.7547 1627.8821 2193.1712 2700.0000 2789.2651 4398.1711 4307.0254 5168.4137 5440.5882 5900.0000 5941.3803 5413.4093 5813.7767 3001.6662 2289.6506 3572.4641 3962.9534 4208.6221 5022.4496 3990.6140 4750.0000 5450.0000 5817.5229 4739.9107 3842.1999 3488.9110 5463.7441 6082.1460 7109.9514 6255.9546 6230.9710 6079.6793 7574.4637 8031.9674 8390.0238 9003.4716 7501.4999 6806.6144 7747.5803 7536.0799 6850.1825 11472.7939 11188.6103 12039.3106 12195.2860 11276.7460 10353.0189 10491.1868
7403.0399 7463.5782 5450.0000 4750.0000 4739.2376 5816.3178 6659.0164 7207.8083 6082.1460 5463.7441 6255.1906 7107.7541 8270.7315 8760.2797 8031.9674 7574.4637 6144.3063 5929.7976 3220.6366 3700.0000 3758.3241 4914.5193 6307.5352 3891.3365 3360.4315 700.0000 0.0000 1368.8948 1628.0519 2163.3308 2745.9060 2789.2651 2700.0000 4308.1213 4396.7793 5361.2032 5685.9476 5941.3803 5900.0000 5202.4033 5536.2442 2420.7437 1732.7723 3100.4032 3669.4686 4150.0000 4539.2731 3464.8232 4050.0000 4750.0000 5139.2969 4073.8867 3184.7292 2872.7165 4867.4942 5463.7441 6566.3848 5767.8564 5848.5041 5748.2606 7156.2909 7574.4637 7842.3530 8441.7119 6817.0742 6118.8234 7086.9599 6921.1632 6307.5352 10845.5060 10544.4298 11443.1202 11607.1099 11857.6979 10982.9413 11113.2803
8290.9211 8193.9840 5817.5229 5139.2969 4750.0000 5865.0001 6759.7317 7259.4885 5816.1304 5137.7206 5589.8125 6565.5584 7703.1405 8214.4977 7258.6619 6727.3303 5236.1315 4914.3436 3061.5312 3711.1552 4879.9767 6067.7898 7407.0759 5205.8499 4555.5321 1629.4395 1368.8948 0.0000 1115.0004 2013.8205 2512.3043 1624.4608 1362.9648 2950.0007 3153.1028 4207.1217 4592.3276 4636.7740 4551.7549 3841.0380 4202.6507 1698.3736 1053.1728 4162.4119 4914.7302 5506.9295 5530.5852 4414.6770 4073.2755 4739.2376 4750.0000 3635.0001 2746.2653 2246.8140 4071.2864 4737.5282 5593.2105 4680.0168 4602.8657 4452.6366 5952.8290 6426.8945 6871.3225 7503.2508 6443.6770 5794.0205 7480.7869 7524.3653 7135.3187 11352.4963 9876.4352 10590.6833 10729.9009 11365.0505 11799.1937 11954.6130
7409.6324 7224.3791 4739.9107 4073.8867 3635.0001 4750.0000 5645.0468 6144.7826 4738.7713 4072.5610 4680.5010 5592.3610 6746.7513 7248.6932 6428.3087 5954.2382 4516.5089 4310.7253 1948.6285 2597.4513 4269.7135 5457.3669 6711.2333 4884.3273 4049.1546 1367.7547 1628.0519 1115.0004 0.0000 905.8438 1400.8401 1363.8009 1624.7317 3155.3272 2950.0002 3804.2940 4092.3774 4552.7083 4637.5589 4281.1042 4763.0193 2810.8990 2162.3490 4725.9341 5264.2049 5576.2580 6159.1926 5071.9477 5138.0690 5816.3178 5865.0001 4750.0000 3859.9939 3360.2609 5137.0179 5815.3893 6567.3503 5590.6619 5343.3747 5106.5206 6727.2694 7258.5090 7834.6572 8480.2920 7558.4491 6908.6723 8459.5185 8412.2442 7891.3657 12294.9361 10947.5410 11596.1654 11723.4744 10381.0141 10853.5641 11022.2980
6647.1799 6394.1379 3842.1999 3184.7292 2746.2653 3859.9939 4750.0000 5258.5644 3946.2007 3309.4561 4139.5904 4950.4109 6114.3274 6600.1894 5950.8403 5549.0990 4208.6221 4135.5169 1092.0165 1700.0000 3798.0258 4951.0100 6109.4190 4650.0000 3684.0874 1627.8821 2163.3308 2013.8205 905.8438 0.0000 583.0952 1860.1075 2343.0749 3697.1217 3227.7032 3850.0000 4031.1289 4827.0074 5032.8918 4911.7207 5448.8531 3712.1422 3050.0000 5197.3551 5561.0251 5644.6878 6647.1799 5602.2317 5971.8088 6659.0164 6759.7317 5645.0468 4750.0000 4260.5751 6039.2466 6719.5610 7438.1590 6438.5222 6114.3274 5836.3088 7504.1655 8061.7926 8698.4194 9348.9304 8455.3238 7800.0000 9204.6184 9080.8865 8457.2454 12997.1151 11849.2616 12474.1733 12596.2296 9694.5861 10032.1982 10210.0441
6524.1858 6177.7828 3488.9110 2872.7165 2246.8140 3360.2609 4260.5751 4750.0000 3370.8308 2728.0946 3588.0927 4373.4847 5537.5988 6021.0049 5411.3307 5036.1195 3747.3324 3740.6550 550.0000 1236.9317 3988.1073 5093.3781 6158.3277 4975.1884 3950.0000 2193.1712 2745.9060 2512.3043 1400.8401 583.0952 0.0000 2000.0000 2594.2244 3762.5668 3128.7167 3585.0384 3700.0000 4681.8800 4964.8766 5020.4581 5597.3208 4200.0000 3562.6535 5765.6309 6091.3874 6100.2049 7215.6081 6177.7828 6524.7605 7207.8083 7259.4885 6144.7826 5258.5644 4750.0000 6462.3912 7151.3985 7782.3139 6750.9531 6337.5863 6021.0049 7725.4450 8310.3851 9027.3196 9684.6528 8950.0000 8305.4199 9782.8932 9663.9795 9034.6555 13579.5803 12262.3407 12822.8312 12934.6434 9111.8055 9815.5489 10006.2480
8487.9326 8175.8792 5463.7441 4867.4942 4071.2864 5137.0179 6039.2466 6462.3912 4750.0000 4050.0000 4161.1548 5210.3904 6304.3636 6824.4047 5727.3467 5161.6373 3655.4753 3297.3474 2462.2145 3176.4760 5580.7706 6757.4033 7957.7007 6247.5995 5392.8193 2700.0000 2789.2651 1624.4608 1363.8009 1860.1075 2000.0000 0.0000 700.0000 1843.2876 1615.4467 2594.7061 2968.1644 3200.0000 3275.6679 3053.6863 3606.9378 2863.5642 2460.1829 5769.0987 6451.7440 6885.6735 7151.5733 6036.9694 5463.7441 6082.1460 5816.1304 4738.7713 3946.2007 3370.8308 4750.0000 5450.0000 5882.6192 4816.2400 4341.0828 4021.5047 5727.3467 6320.0079 7100.1761 7763.5366 7447.3150 6865.8576 8974.6866 9094.6413 8753.5707 12870.3147 10465.4192 10909.8579 11008.4059 9981.2324 11814.6096 12003.5411
8984.7092 8730.6930 6082.1460 5463.7441 4737.5282 5815.3893 6719.5610 7151.3985 5450.0000 4750.0000 4814.6868 5880.4224 6958.8074 7480.1404 6320.0079 5727.3467 4215.7443 3791.1080 3092.3292 3807.8866 5886.0003 7076.1925 8335.7663 6408.0028 5640.2571 2789.2651 2700.0000 1362.9648 1624.7317 2343.0749 2594.2244 700.0000 0.0000 1616.6969 1841.4310 2960.1520 3397.0576 3275.6679 3200.0000 2661.7663 3140.0637 2247.2205 1952.5624 5489.3078 6275.7470 6850.0000 6820.9237 5703.0693 4867.4942 5463.7441 5137.7206 4072.5610 3309.4561 2728.0946 4050.0000 4750.0000 5212.6010 4162.6155 3771.6044 3500.3571 5161.6373 5727.3467 6443.7955 7104.4000 6757.4033 6184.6584 8411.0047 8592.0021 8335.7663 12314.4224 9773.6892 10248.1706 10353.0189 10633.2027 12370.3274 12550.8964
10286.2340 9915.1706 7109.9514 6566.3848 5593.2105 6567.3503 7438.1590 7782.3139 5882.6192 5212.6010 4750.0000 5868.0001 6801.1476 7315.2040 5880.9871 5210.7590 3784.4562 3188.7629 4149.7481 4836.6010 7413.9469 8594.9467 9800.7555 8009.3139 7204.3812 4398.1711 4308.1213 2950.0007 3155.3272 3697.1217 3762.5668 1843.2876 1616.6969 0.0000 1118.0004 2144.3202 2665.4660 1838.0721 1610.7480 1280.4722 1913.2979 3273.0581 3272.6456 6961.2577 7822.4426 8455.6081 8222.9319 7114.8162 5767.2705 6255.1906 5589.8125 4680.5010 4139.5904 3588.0927 4161.1548 4814.6868 4750.0000 3632.0001 2840.0016 2412.9254 4158.8471 4812.6925 5837.9884 6502.1696 7023.5610 6569.0722 9331.4848 9676.4203 9595.0409 13218.6084 9440.1488 9618.9921 9681.0748 10384.3733 13541.8540 13742.0380
9587.7874 9127.6321 6255.9546 5767.8564 4680.0168 5590.6619 6438.5222 6750.9531 4816.2400 4162.6155 3632.0001 4750.0000 5691.3678 6207.2996 4814.9110 4161.0777 2697.7709 2139.5719 3409.1888 4042.3840 7025.7290 8173.8588 9284.2484 7803.1512 6893.9951 4307.0254 4396.7793 3153.1028 2950.0002 3227.7032 3128.7167 1615.4467 1841.4310 1118.0004 0.0000 1164.1168 1656.5229 1611.4801 1837.9521 2283.9588 2948.0957 3966.8713 3778.8051 7312.6170 8046.7675 8500.6334 8658.9646 7540.9328 6564.2188 7107.7541 6565.5584 5592.3610 4950.4109 4373.4847 5210.3904 5880.4224 5868.0001 4750.0000 3929.8433 3475.9988 5209.1619 5879.3340 6948.3788 7611.1608 8060.6804 7572.5074 10134.7357 10383.3505 10171.0013 14038.1932 10558.1281 10718.5105 10774.2874 9293.6359 12723.8386 12936.6637
9737.1710 9154.9167 6230.9710 5848.5041 4602.8657 5343.3747 6114.3274 6337.5863 4341.0828 3771.6044 2840.0016 3929.8433 4750.0000 5252.1424 3747.6659 3070.0163 1700.0000 1060.6602 3702.0265 4208.6221 7573.1433 8668.3332 9661.3922 8500.0000 7516.6482 5168.4137 5361.2032 4207.1217 3804.2940 3850.0000 3585.0384 2594.7061 2960.1520 2144.3202 1164.1168 0.0000 522.0153 1390.1439 1990.6029 3050.0000 3703.0393 5127.6213 4911.7207 8363.0138 9030.6423 9374.4333 9737.1710 8620.4698 7728.1951 8270.7315 7703.1405 6746.7513 6114.3274 5537.5988 6304.3636 6958.8074 6801.1476 5691.3678 4750.0000 4252.6462 5911.4296 6604.9224 7800.0000 8451.3313 9165.4242 8698.4194 11298.3406 11536.4639 11293.4716 15202.0558 11477.9136 11502.7171 11535.2720 8269.3712 12669.3528 12900.4845
9637.6864 9004.7210 6079.6793 5748.2606 4452.6366 5106.5206 5836.3088 6021.0049 4021.5047 3500.3571 2412.9254 3475.9988 4252.6462 4750.0000 3226.8406 2548.0385 1209.3387 550.0000 3740.6550 4176.1226 7669.7458 8732.8403 9665.6609 8664.4388 7650.0000 5440.5882 5685.9476 4592.3276 4092.3774 4031.1289 3700.0000 2968.1644 3397.0576 2665.4660 1656.5229 522.0153 0.0000 1746.4249 2404.1631 3553.1676 4200.0000 5597.3208 5348.1305 8727.1129 9350.1337 9628.7330 10118.5473 9004.7210 8207.4661 8760.2797 8214.4977 7248.6932 6600.1894 6021.0049 6824.4047 7480.1404 7315.2040 6207.2996 5252.1424 4750.0000 6388.4662 7084.6665 8301.3553 8950.0000 9684.6528 9213.5769 11773.9118 11988.0148 11710.0384 15678.8074 11987.7020 11987.7020 12015.1987 7751.4515 12471.7681 12710.0354
11029.2792 10490.2336 7574.4637 7156.2909 5952.8290 6727.2694 7504.1655 7725.4450 5727.3467 5161.6373 4158.8471 5209.1619 5911.4296 6388.4662 4750.0000 4050.0000 2926.1750 2261.0838 4897.1931 5470.8317 8622.3547 9760.2510 10835.3588 9414.4835 8501.9115 5900.0000 5941.3803 4636.7740 4552.7083 4827.0074 4681.8800 3200.0000 3275.6679 1838.0721 1611.4801 1390.1439 1746.4249 0.0000 700.0000 2127.2047 2692.5824 5110.7729 5088.4674 8745.4274 9551.1779 10074.3486 10037.1809 8924.4047 7574.4637 8031.9674 7258.6619 6428.3087 5950.8403 5411.3307 5727.3467 6320.0079 5880.9871 4814.9110 3747.6659 3226.8406 4750.0000 5450.0000 6753.7027 7383.2581 8566.3586 8184.1310 11124.0730 11502.7171 11432.6287 14994.8324 10480.6965 10353.0189 10364.6032 9266.3369 14030.8588 14257.8049
11415.9975 10928.1746 8031.9674 7574.4637 6426.8945 7258.5090 8061.7926 8310.3851 6320.0079 5727.3467 4812.6925 5879.3340 6604.9224 7084.6665 5450.0000 4750.0000 3601.7357 2934.7061 5242.3754 5860.0341 8822.9814 9983.6116 11115.9795 9521.6858 8660.9757 5941.3803 5900.0000 4551.7549 4637.5589 5032.8918 4964.8766 3275.6679 3200.0000 1610.7480 1837.9521 1990.6029 2404.1631 700.0000 0.0000 1511.6216 2024.8457 4792.7028 4863.3836 8563.4397 9433.1861 10050.0000 9804.3358 8702.0113 7156.2909 7574.4637 6727.3303 5954.2382 5549.0990 5036.1195 5161.6373 5727.3467 5210.7590 4161.0777 3070.0163 2548.0385 4050.0000 4750.0000 6059.9092 6686.7406 7973.8636 7621.6796 10674.5023 11109.5679 11115.9795 14520.5027 9790.0460 9653.2378 9665.6609 9965.1894 14501.8964 14721.5828
11536.4639 11186.5991 8390.0238 7842.3530 6871.3225 7834.6572 8698.4194 9027.3196 7100.1761 6443.7955 5837.9884 6948.3788 7800.0000 8301.3553 6753.7027 6059.9092 4750.0000 4102.7430 5423.3292 6114.3274 8547.5143 9737.1710 10983.6242 9030.6423 8297.7407 5413.4093 5202.4033 3841.0380 4281.1042 4911.7207 5020.4581 3053.6863 2661.7663 1280.4722 2283.9588 3050.0000 3553.1676 2127.2047 1511.6216 0.0000 667.0832 3609.0165 3850.0000 7528.1140 8500.0000 9284.5301 8668.3332 7595.3933 5774.2965 6144.3063 5236.1315 4516.5089 4208.6221 3747.3324 3655.4753 4215.7443 3784.4562 2697.7709 1700.0000 1209.3387 2926.1750 3601.7357 4750.0000 5402.0829 6462.3912 6114.3274 9241.7531 9737.1710 9843.2718 13059.8622 8438.0092 8471.7177 8515.8675 11287.1608 14816.5448 15014.6595
12092.3530 11773.9118 9003.4716 8441.7119 7503.2508 8480.2920 9348.9304 9684.6528 7763.5366 7104.4000 6502.1696 7611.1608 8451.3313 8950.0000 7383.2581 6686.7406 5402.0829 4750.0000 6021.0049 6720.1190 9004.7210 10197.1810 11473.6655 9408.1082 8727.1129 5813.7767 5536.2442 4202.6507 4763.0193 5448.8531 5597.3208 3606.9378 3140.0637 1913.2979 2948.0957 3703.0393 4200.0000 2692.5824 2024.8457 667.0832 0.0000 3700.0000 4052.4684 7650.0000 8674.3876 9541.0953 8713.4953 7669.7458 5626.9441 5929.7976 4914.3436 4310.7253 4135.5169 3740.6550 3297.3474 3791.1080 3188.7629 2139.5719 1060.6602 550.0000 2261.0838 2934.7061 4102.7430 4750.0000 6021.0049 5728.0014 9004.7210 9572.4866 9774.7123 12770.4738 7808.0087 7808.0087 7850.1592 11915.7459 15409.2505 15602.7241
9793.1098 9782.8932 7501.4999 6817.0742 6443.6770 7558.4491 8455.3238 8950.0000 7447.3150 6757.4033 7023.5610 8060.6804 9165.4242 9684.6528 8566.3586 7973.8636 6462.3912 6021.0049 4750.0000 5408.3269 6177.7828 7325.4693 8726.1102 6180.0081 5765.6309 3001.6662 2420.7437 1698.3736 2810.8990 3712.1422 4200.0000 2863.5642 2247.2205 3273.0581 3966.8713 5127.6213 5597.3208 5110.7729 4792.7028 3609.0165 3700.0000 0.0000 715.8911 3950.0000 4992.4944 5960.9144 5060.1383 3988.1073 2621.5453 3220.6366 3061.5312 1948.6285 1092.0165 550.0000 2462.2145 3092.3292 4149.7481 3409.1888 3702.0265 3740.6550 4897.1931 5242.3754 5423.3292 6021.0049 4750.0000 4110.9610 6177.7828 6427.4801 6328.1119 10082.9063 8223.4421 9037.9754 9195.9230 12842.3129 13350.8427 13491.6641
9080.8865 9067.1109 6806.6144 6118.8234 5794.0205 6908.6723 7800.0000 8305.4199 6865.8576 6184.6584 6569.0722 7572.5074 8698.4194 9213.5769 8184.1310 7621.6796 6114.3274 5728.0014 4110.9610 4750.0000 5489.3078 6647.1799 8038.8121 5561.0251 5091.6598 2289.6506 1732.7723 1053.1728 2162.3490 3050.0000 3562.6535 2460.1829 1952.5624 3272.6456 3778.8051 4911.7207 5348.1305 5088.4674 4863.3836 3850.0000 4052.4684 715.8911 0.0000 3707.4250 4650.0000 5494.0877 4951.0100 3842.1999 3046.3092 3700.0000 3711.1552 2597.4513 1700.0000 1236.9317 3176.4760 3807.8866 4836.6010 4042.3840 4208.6221 4176.1226 5470.8317 5860.0341 6114.3274 6720.1190 5408.3269 4750.0000 6517.8601 6647.1799 6393.1604 10410.6916 8936.5821 9750.0000 9905.6802 12369.4179 12635.7627 12777.4215
8508.9659 8950.0000 7747.5803 7086.9599 7480.7869 8459.5185 9204.6184 9782.8932 8974.6866 8411.0047 9331.4848 10134.7357 11298.3406 11773.9118 11124.0730 10674.5023 9241.7531 9004.7210 6177.7828 6517.8601 4750.0000 5491.8121 6863.8546 3832.7536 4200.0000 3572.4641 3100.4032 4162.4119 4725.9341 5197.3551 5765.6309 5769.0987 5489.3078 6961.2577 7312.6170 8363.0138 8727.1129 8745.4274 8563.4397 7528.1140 7650.0000 3950.0000 3707.4250 0.0000 1192.6860 2549.5098 1450.0000 550.0000 3259.6012 3758.3241 4879.9767 4269.7135 3798.0258 3988.1073 5580.7706 5886.0003 7413.9469 7025.7290 7573.1433 7669.7458 8622.3547 8822.9814 8547.5143 9004.7210 6177.7828 5489.3078 4750.0000 4220.1896 3318.5087 8143.2487 10244.6327 11576.8087 11801.3770 14820.0034 12052.4894 12110.8422
7800.0000 8360.0239 7536.0799 6921.1632 7524.3653 8412.2442 9080.8865 9663.9795 9094.6413 8592.0021 9676.4203 10383.3505 11536.4639 11988.0148 11502.7171 11109.5679 9737.1710 9572.4866 6427.4801 6647.1799 4220.1896 4750.0000 6040.6953 3050.0000 3688.1567 3962.9534 3669.4686 4914.7302 5264.2049 5561.0251 6091.3874 6451.7440 6275.7470 7822.4426 8046.7675 9030.6423 9350.1337 9551.1779 9433.1861 8500.0000 8674.3876 4992.4944 4650.0000 1192.6860 0.0000 1432.6549 1700.0000 1562.0499 4443.2533 4914.5193 6067.7898 5457.3669 4951.0100 5093.3781 6757.4033 7076.1925 8594.9467 8173.8588 8668.3332 8732.8403 9760.2510 9983.6116 9737.1710 10197.1810 7325.4693 6647.1799 5491.8121 4750.0000 3569.3137 8532.8776 11395.1744 12756.1750 12983.4510 14948.2440 11264.1023 11300.0000
6587.2984 7252.0687 6850.1825 6307.5352 7135.3187 7891.3657 8457.2454 9034.6555 8753.5707 8335.7663 9595.0409 10171.0013 11293.4716 11710.0384 11432.6287 11115.9795 9843.2718 9774.7123 6328.1119 6393.1604 3318.5087 3569.3137 4750.0000 1931.3208 2860.0699 4208.6221 4150.0000 5506.9295 5576.2580 5644.6878 6100.2049 6885.6735 6850.0000 8455.6081 8500.6334 9374.4333 9628.7330 10074.3486 10050.0000 9284.5301 9541.0953 5960.9144 5494.0877 2549.5098 1432.6549 0.0000 3031.9136 2982.0295 5798.7068 6307.5352 7407.0759 6711.2333 6109.4190 6158.3277 7957.7007 8335.7663 9800.7555 9284.2484 9661.3922 9665.6609 10835.3588 11115.9795 10983.6242 11473.6655 8726.1102 8038.8121 6863.8546 6040.6953 4750.0000 9683.1038 12793.8462 14114.2658 14334.6608 14538.3115 9962.5549 9982.1090
9500.0000 10049.8756 9080.8865 8437.5648 8899.3749 9855.9451 10576.9797 11158.0688 10410.6916 9854.5675 10780.0329 11584.0912 12747.5488 13222.0460 12569.1090 12112.4936 10670.1687 10414.5331 7625.1229 7951.4150 5885.5756 6450.0000 7731.7527 4750.0000 5344.3896 5022.4496 4539.2731 5530.5852 6159.1926 6647.1799 7215.6081 7151.5733 6820.9237 8222.9319 8658.9646 9737.1710 10118.5473 10037.1809 9804.3358 8668.3332 8713.4953 5060.1383 4951.0100 1450.0000 1700.0000 3031.9136 0.0000 1118.0340 3621.1186 3891.3365 5205.8499 4884.3273 4650.0000 4975.1884 6247.5995 6408.0028 8009.3139 7803.1512 8500.0000 8664.4388 9414.4835 9521.6858 9030.6423 9408.1082 6180.0081 5561.0251 3832.7536 3050.0000 1931.3208 6865.8576 10206.8604 11706.8356 11954.0788 16260.9963 12955.6937 12986.9165
9055.3851 9500.0000 8271.1849 7605.4257 7959.3262 8954.2533 9711.9771 10288.4644 9430.4030 8852.2596 9719.2134 10551.2638 11715.3745 12197.2333 11494.8902 11025.5385 9573.5312 9306.5837 6610.0303 6980.3295 5300.0000 6033.4484 7397.9727 4366.0623 4750.0000 3990.6140 3464.8232 4414.6770 5071.9477 5602.2317 6177.7828 6036.9694 5703.0693 7114.8162 7540.9328 8620.4698 9004.7210 8924.4047 8702.0113 7595.3933 7669.7458 3988.1073 3842.1999 550.0000 1562.0499 2982.0295 1118.0340 0.0000 2926.1750 3360.4315 4555.5321 4049.1546 3684.0874 3950.0000 5392.8193 5640.2571 7204.3812 6893.9951 7516.6482 7650.0000 8501.9115 8660.9757 8297.7407 8727.1129 5765.6309 5091.6598 4200.0000 3688.1567 2860.0699 7621.6796 9835.1411 11216.0599 11447.7072 15263.3548 12593.6492 12649.5059
11147.3091 11367.1676 9500.0000 8800.0000 8697.8775 9800.7017 10667.7083 11200.8928 9876.2341 9204.8900 9607.4923 10618.4965 11741.4863 12257.6507 11183.0228 10594.8101 9083.2263 8640.0231 7061.1614 7644.7695 7322.0557 8300.9036 9729.4656 6791.5389 6806.2471 4750.0000 4050.0000 4073.2755 5138.0690 5971.8088 6524.7605 5463.7441 4867.4942 5767.2705 6564.2188 7728.1951 8207.4661 7574.4637 7156.2909 5774.2965 5626.9441 2621.5453 3046.3092 3259.6012 4443.2533 5798.7068 3621.1186 2926.1750 0.0000 700.0000 1629.4395 1367.7547 1627.8821 2193.1712 2700.0000 2789.2651 4398.1711 4307.0254 5168.4137 5440.5882 5900.0000 5941.3803 5413.4093 5813.7767 3001.6662 2289.6506 3572.4641 3962.9534 4208.6221 7474.1220 7030.1138 8317.6018 8541.8089 15414.3602 14752.0338 14849.3266
11814.9270 12051.6596 10200.0000 9500.0000 9389.9879 10494.4534 11363.5382 11894.9569 10551.3032 9876.2341 10238.1595 11262.0455 12377.0958 12894.9603 11783.4630 11183.0228 9672.9003 9208.6915 7746.6122 8336.8159 7985.1425 8942.3151 10366.8944 7403.0399 7463.5782 5450.0000 4750.0000 4739.2376 5816.3178 6659.0164 7207.8083 6082.1460 5463.7441 6255.1906 7107.7541 8270.7315 8760.2797 8031.9674 7574.4637 6144.3063 5929.7976 3220.6366 3700.0000 3758.3241 4914.5193 6307.5352 3891.3365 3360.4315 700.0000 0.0000 1368.8948 1628.0519 2163.3308 2745.9060 2789.2651 2700.0000 4308.1213 4396.7793 5361.2032 5685.9476 5941.3803 5900.0000 5202.4033 5536.2442 2420.7437 1732.7723 3100.4032 3669.4686 4150.0000 6965.0915 6486.3318 7863.3644 8100.1543 16052.8035 15417.9279 15511.0445
12470.0791 12595.8276 10495.5740 9801.8301 9500.0000 10615.0000 11509.0170 12008.8997 10494.8022 9801.0037 9945.5771 11017.9879 12087.2608 12609.1821 11357.8903 10720.0967 9230.6865 8704.2675 7809.3837 8459.3837 8684.9107 9726.5910 11159.2237 8290.9211 8193.9840 5817.5229 5139.2969 4750.0000 5865.0001 6759.7317 7259.4885 5816.1304 5137.7206 5589.8125 6565.5584 7703.1405 8214.4977 7258.6619 6727.3303 5236.1315 4914.3436 3061.5312 3711.1552 4879.9767 6067.7898 7407.0759 5205.8499 4555.5321 1629.4395 1368.8948 0.0000 1115.0004 2013.8205 2512.3043 1624.4608 1362.9648 2950.0007 3153.1028 4207.1217 4592.3276 4636.7740 4551.7549 3841.0380 4202.6507 1698.3736 1053.1728 4162.4119 4914.7302 5506.9295 7857.6506 5514.2971 6710.1470 6927.7899 15755.2491 16071.2312 16185.6811
