0.0000 14.0000 20.2237 31.0161 44.0114 51.0000 63.1269 72.1734 83.2166 91.0879 104.0433 112.0179 120.0375 20.0000 23.3238 31.8277 37.2022 44.7772 51.6624 64.1950 73.7631 84.8999 93.3809 101.8332 111.6288 123.9677 36.0000 36.0555 44.4185 53.4135 58.8982 61.2944 74.0608 78.7909 92.7038 102.3181 108.4620 117.3414 129.4025 63.0714 64.1327 65.5515 69.3542 71.2180 78.7464 84.2912 89.8109 97.6371 110.1136 116.7262 125.7179 134.2386 72.0625 83.6002 84.8999 79.6241 86.9540 96.8969 95.2680 109.7133 111.0360 123.1666 128.0625 139.4023 144.7791 102.0784 99.7246 102.1812 101.5135 107.7033 107.0420 117.1367 122.0656 126.1507 135.0592 142.8356 153.6392 156.6461 115.0391 113.8640 124.3382 118.4061 125.8650 130.3879 127.0590 136.7516 145.3444 148.6775 151.6443 163.3799 173.2426 140.0571 135.6245 142.5553 142.6359 148.0811 143.7359 155.0774 156.5407 164.9848 169.8117 171.8197 181.3202 184.0435 152.0000 160.5273 154.5736 166.1114 162.2652 169.5406 167.5022 174.9571 181.5957 186.3008 186.9358 192.2758 198.8291 178.0000 176.4795 184.3177 177.2907 181.6865 189.0106 190.7066 194.6176 194.1649 195.0103 207.3861 211.8042 219.9386 195.0103 201.3579 198.1161 204.2156 198.0808 205.1853 210.0524 212.2287 215.7800 217.0023 226.7377 224.0089 232.7767 217.0207 215.2324 224.1830 215.2440 218.6893 219.2556 226.2410 233.3838 233.6236 241.2323 238.8724 241.5885 250.7987 237.0190 234.3075 244.0861 235.9152 240.0667 246.2214 244.0082 245.2040 251.4458 250.1400 264.0776 258.5653 270.1203 254.0079 262.3223 255.8632 256.2655 258.4357 259.0695 262.9087 262.7737 265.6313 274.8545 272.2370 282.5774 288.9585 275.0291 282.3473 275.7263 273.6494 278.8835 287.3830 283.3231 282.8003 293.2865 286.8188 296.7187 303.0594 304.4011
14.0000 0.0000 6.7082 17.0294 30.0167 37.0000 49.1630 58.2151 69.2604 77.1038 90.0500 98.0204 106.0424 24.4131 20.0998 23.7697 27.2029 33.3017 38.2753 51.0784 60.4070 71.4703 79.6241 87.9659 97.8621 110.2180 38.6264 34.0588 39.0512 46.0977 49.0408 50.2494 63.0317 66.2420 80.0625 89.4707 95.7079 104.0625 116.0560 63.9531 63.0317 61.8142 63.8905 63.5295 70.4911 74.4110 79.2086 86.2148 98.8585 104.4462 113.1769 121.6553 72.8354 83.0963 82.3893 74.7262 80.7775 90.4710 87.1321 100.8018 101.4150 113.2166 117.4564 128.4251 133.4054 102.4890 99.0202 100.2447 97.8621 103.3247 100.8464 110.4943 114.6124 117.4138 125.6065 133.3042 143.5584 145.9109 115.5249 113.0000 122.4091 115.4123 122.0246 125.5747 121.0785 129.7112 138.2353 140.3460 142.8006 154.0292 163.6001 140.3567 135.0037 141.1737 140.1606 144.7342 139.2839 150.2165 150.6154 158.3161 162.8251 163.9817 172.8612 174.9171 152.6434 160.0031 153.2090 163.9909 159.3047 165.9518 162.9264 169.5936 175.5591 179.7999 179.6023 184.5481 190.5597 178.5497 176.0028 183.1748 175.1457 179.0475 185.7229 186.5503 189.7367 188.6796 188.9577 200.8009 204.8829 212.4924 195.3689 201.0100 197.1243 202.6327 195.7345 202.2301 206.4219 207.9639 210.9242 211.5136 220.8574 217.3476 225.6302 217.2786 215.0372 223.1815 213.6773 216.5664 216.3631 222.6859 229.4515 228.9629 236.2478 233.2381 235.3062 244.1803 237.2551 234.0085 243.1666 234.5464 237.8991 243.4769 240.8319 241.5802 247.1214 245.3936 259.0463 252.9269 264.0928 254.2833 262.0019 255.0961 254.7862 256.5326 256.6807 259.8557 259.3415 261.5416 270.4903 267.2546 277.2760 283.2331 275.1818 282.0000 275.0654 272.4702 277.2219 285.2806 280.4924 279.6641 289.5876 282.6889 292.2499 298.2164 298.9716
20.2237 6.7082 0.0000 11.1803 24.0832 31.1448 43.5660 52.0384 63.0714 71.0070 84.0000 92.1358 100.1798 30.4795 24.3516 25.1794 26.9258 31.4006 34.0000 47.0106 55.9464 66.8506 74.4648 82.5651 92.6499 105.0190 43.8292 37.8550 41.1096 46.8402 48.0208 48.2701 60.8769 62.6817 76.3217 85.4751 91.7878 99.5389 111.4271 68.1542 66.4831 64.1249 65.3070 63.6946 70.2140 73.0068 77.2334 83.5464 96.2601 100.9554 109.4166 117.8346 76.9025 86.5794 85.0235 76.2955 81.6088 91.0824 86.7698 99.8599 100.0000 111.5213 115.2779 125.9365 130.5986 106.2121 102.3132 103.0049 99.8499 104.9238 101.5135 110.8603 114.4945 116.5032 124.2014 131.8218 141.6757 143.5584 119.2183 116.1551 125.0640 117.6138 123.7942 126.8464 121.7580 129.7690 138.2245 139.6066 141.7357 152.6106 161.9691 143.8923 138.1774 144.0035 142.5061 146.6595 140.6876 151.3803 151.2217 158.4961 162.8158 163.4778 171.9651 173.6001 156.2850 163.1502 156.0128 166.4332 161.3722 167.7051 164.2011 170.4494 176.0454 180.0250 179.3600 184.0679 189.7472 182.1016 179.1368 186.0108 177.5528 181.2209 187.5793 187.9840 190.8009 189.4334 189.4096 200.9428 204.8316 212.1320 198.8165 204.1568 200.0025 205.2438 198.0126 204.2156 208.0793 209.3084 211.9670 212.2287 221.3527 217.4235 225.4240 220.6558 218.2292 226.0199 216.2799 218.9155 218.3575 224.3569 230.9307 230.0804 237.1919 233.8482 235.5674 244.2478 240.6013 237.1350 246.0183 237.2109 240.2020 245.5076 242.6623 243.1954 248.3868 246.4488 259.9423 253.5133 264.4617 257.6296 265.0924 258.0019 257.3810 258.9363 258.8629 261.7250 261.0306 262.9087 271.7131 268.1679 278.0162 283.7464 278.4601 285.0632 278.0000 275.1818 279.7159 287.5691 282.4482 281.4765 291.1220 284.0176 293.4025 299.1755 299.6281
31.0161 17.0294 11.1803 0.0000 13.0000 20.0250 32.3883 41.1947 52.2398 60.0750 73.0274 81.0555 89.0898 37.4433 28.3196 24.3516 23.0217 24.3516 23.6008 36.6197 45.1774 55.9464 63.3246 71.3863 81.4923 93.8616 48.2701 39.8246 39.8121 43.0465 41.4367 40.3113 52.4309 52.6308 66.0303 74.9466 81.3019 88.6397 100.4639 69.8570 66.7608 62.3939 62.0322 58.4637 64.1950 65.3682 68.8186 74.2765 87.0000 90.8020 99.0202 107.3778 78.1857 86.5852 83.4865 73.0616 77.1038 86.1220 80.4114 92.5905 92.1141 103.2279 106.4049 116.6919 121.0165 106.4800 101.7890 101.4938 97.0206 101.4002 96.5401 105.3613 108.2682 109.1788 116.2110 123.7093 133.0601 134.4173 119.3315 115.2606 123.1990 115.0043 120.4159 122.6418 116.6619 123.7134 132.0341 132.4122 134.1119 144.5164 153.6001 143.5618 137.1860 142.3517 140.0036 143.4225 136.6236 146.8911 145.8801 152.5057 156.5439 156.5248 164.4780 165.5838 156.1089 162.0031 154.2628 164.0030 158.3161 164.1036 159.8405 165.4207 170.4494 174.0402 172.7223 177.0988 182.3321 181.6645 177.9129 184.2200 175.0257 178.2807 184.0897 183.8070 186.0376 184.2010 183.7308 194.7948 198.4061 205.2730 198.1338 202.8916 198.2524 203.0025 195.2076 200.9005 204.2156 204.9415 207.1256 206.8913 215.6757 211.1540 218.7533 219.7908 217.0184 224.1428 214.0000 216.1874 215.0279 220.4836 226.7377 225.3220 232.1573 228.3200 229.5321 237.9286 239.6414 235.7668 244.1311 235.0021 237.3563 242.1921 239.0188 239.2008 243.8299 241.5699 254.8038 247.9234 258.5440 256.6437 263.6152 256.1952 255.0176 256.2362 255.7831 258.1182 257.1303 258.4918 267.0599 263.0456 272.6243 278.0162 277.3175 283.5101 276.2191 273.0018 277.1462 284.6349 278.9588 277.7517 286.9373 279.5157 288.6174 294.0901 294.0918
44.0114 30.0167 24.0832 13.0000 0.0000 7.0711 19.6469 28.2843 39.3192 47.0956 60.0333 68.0661 76.1052 48.7545 38.2753 31.1448 26.9258 23.5372 15.2315 27.0185 34.2053 44.4185 50.9215 58.6941 68.9638 81.3204 57.4891 47.4236 44.2945 44.3847 39.0128 35.6931 46.2385 43.2782 55.9017 64.2028 70.6045 76.9415 88.5664 76.0066 71.5542 65.1460 62.9682 57.0000 61.4003 60.0833 62.1691 66.0303 78.6003 80.7217 88.4081 96.6075 83.7257 90.6201 85.8662 73.6817 76.0000 84.2140 76.6877 87.3155 85.9069 96.2549 98.4733 108.0740 111.8034 110.4943 104.9952 103.5857 97.6217 101.0792 94.4299 102.4207 104.2929 103.6195 109.5901 116.8461 125.3635 125.8769 123.0325 117.8813 124.6154 115.6244 120.0375 121.2023 114.1271 119.8165 127.8828 126.8464 127.9101 137.5573 146.1848 146.5640 139.4884 143.8506 140.5133 143.0140 135.2368 144.8862 142.7725 148.4891 152.1217 151.1589 158.3161 158.6474 159.2011 163.9573 155.5635 164.4384 158.0285 163.1104 157.9177 162.6069 166.8652 169.9206 167.7200 171.6188 176.2044 184.3285 179.6942 185.3106 175.2855 178.0253 183.1338 181.9945 183.4693 181.0331 179.9778 190.3733 193.5975 199.8499 200.4495 204.5189 199.3314 203.4822 195.0410 200.0900 202.7141 202.8053 204.3771 203.5018 211.8136 206.5163 213.5509 221.8220 218.6596 224.9822 214.3945 216.0370 214.1495 218.9155 224.7510 222.6230 229.0851 224.6175 225.1577 233.1545 241.5057 237.1687 244.9020 235.4167 237.0000 241.2509 237.6826 237.4279 241.3379 238.6734 251.5432 244.0922 254.2597 258.4357 264.8207 257.0311 255.1960 256.0078 255.0961 256.7801 255.4310 256.1425 264.3936 259.7884 269.0000 273.9416 278.8835 284.5857 277.0415 273.3587 277.0289 284.0634 277.7211 276.2264 284.8228 277.0162 285.7429 290.8230 290.2430
51.0000 37.0000 31.1448 20.0250 7.0711 0.0000 12.6491 21.5870 32.5576 40.1995 53.0848 61.0328 69.0652 54.7814 43.8292 35.6090 30.4138 25.0599 13.0384 22.3607 28.2843 38.0132 44.0114 51.6624 61.9839 74.3303 62.4260 51.7397 47.2017 45.6946 38.4708 34.0000 43.1741 38.2753 50.2494 58.1378 64.5368 70.3278 81.8413 79.2023 74.0945 66.7083 63.6003 56.4358 60.0000 57.2713 58.5235 61.4003 73.7835 74.9533 82.3286 90.4268 86.5332 92.5743 86.9770 73.9797 75.3260 83.0060 74.5453 84.2021 82.2800 92.1358 93.8136 103.0049 106.4049 112.3076 106.4049 104.4031 97.6729 100.6032 93.0215 100.4988 101.7890 100.2447 105.6030 112.6987 120.7394 120.8015 124.6154 118.9033 124.9520 115.5725 119.4194 120.0000 112.3610 117.2774 125.1719 123.3694 124.0846 133.2967 141.6616 147.6787 140.2462 144.1562 140.2926 142.2849 134.0037 143.2829 140.5774 145.7841 149.1878 147.7193 154.4345 154.3535 160.3278 164.4506 155.7241 164.1036 157.3181 162.0031 156.3202 160.5148 164.3472 167.1077 164.4384 168.0744 172.3079 185.1621 180.0555 185.2836 174.8285 177.2823 182.0000 180.3996 181.4635 178.7093 177.3415 187.3606 190.3733 196.2906 201.0622 204.7486 199.2712 203.0887 194.3116 199.0025 201.2486 200.9975 202.2375 201.0199 209.0670 203.3642 210.0905 222.2454 218.8744 224.7510 213.9369 215.2812 213.0023 217.3891 222.9910 220.4836 226.7377 221.9392 222.1216 229.8978 241.8119 237.2277 244.6078 234.9404 236.1038 240.0333 236.2562 235.7668 239.2864 236.4085 249.0703 241.3234 251.2409 258.6832 264.7414 256.7586 254.5683 255.1588 254.0000 255.3312 253.7893 254.1515 262.2251 257.3092 266.3175 271.0166 278.9875 284.4169 276.7418 272.8095 276.2191 283.0018 276.3060 274.6580 282.9311 274.9254 283.4449 288.3123 287.4248
63.1269 49.1630 43.5660 32.3883 19.6469 12.6491 0.0000 12.7279 22.3607 29.1204 41.5933 49.0408 57.0088 65.0000 53.4509 43.8634 37.5899 30.0000 15.8114 16.1245 17.8885 26.1725 31.3847 39.0512 49.3356 61.6847 70.6612 59.1692 52.4976 48.4149 38.4708 32.3110 38.0526 29.4109 39.6611 46.6905 53.0377 57.9828 69.3542 84.1487 77.9872 69.0652 64.4127 55.3624 57.2713 52.0000 51.6236 52.5547 64.4050 63.8905 70.7248 78.6448 90.6863 95.1315 88.1192 73.9256 73.4983 80.0625 70.0643 77.7817 74.9533 83.8153 84.5281 92.9624 95.8019 114.3897 107.8239 104.7855 96.7678 98.7168 89.5600 96.0208 96.2549 93.1719 97.4064 104.1777 111.3643 110.6752 126.1784 119.5073 124.2779 114.2847 117.0854 116.6190 108.0417 111.5437 119.0798 115.9483 116.0560 124.4829 132.3782 148.2464 140.2177 143.2934 138.5135 139.5887 130.4646 139.0324 135.2997 139.5887 142.5798 140.2462 146.1848 145.4132 160.8509 163.8170 154.5380 161.9938 154.5736 158.5339 152.0132 155.3222 158.3982 160.6393 157.1751 160.3527 163.9817 185.0540 179.1201 183.6355 172.4558 174.3932 178.4040 176.0000 176.3434 173.0462 171.1432 180.4882 183.1338 188.4728 200.5044 203.4945 197.5171 200.7312 191.3870 195.4329 197.0102 196.1632 196.8248 195.0205 202.5957 196.2167 202.4105 221.2894 217.5546 222.6230 211.4356 212.2499 209.2893 213.0023 218.1857 215.0279 220.9117 215.5574 215.1325 222.5242 240.6013 235.5865 242.3242 232.3553 232.7767 236.1356 232.0022 231.1060 233.9444 230.7054 242.9897 234.7531 244.2335 257.3344 262.8003 254.4897 251.6764 251.8770 250.2878 251.0020 249.1285 248.8875 256.6437 251.2051 259.8557 264.1401 277.3482 282.2853 274.3902 270.0241 272.9707 279.3027 272.0018 270.0907 277.7949 269.4587 277.6130 282.1135 280.7080
72.1734 58.2151 52.0384 41.1947 28.2843 21.5870 12.7279 0.0000 11.0454 19.0263 32.0624 40.6079 48.6621 76.2168 65.0000 55.9464 49.9300 42.6380 28.4253 27.3130 25.0200 28.7924 29.0000 34.1321 44.9444 56.8243 82.8553 71.5612 65.1920 61.0737 50.7740 44.2945 48.2701 37.0000 43.9659 48.7647 54.7083 56.5685 66.8431 96.8762 90.6863 81.6088 76.6616 67.1193 68.3081 61.6604 60.0083 58.8558 69.6419 66.2420 71.6101 78.8733 103.3925 107.6476 100.3444 85.8662 84.7585 90.7083 79.9062 86.0233 82.3893 90.0278 89.4930 96.6644 98.4886 126.7793 120.0666 116.7305 108.2682 109.7679 99.8248 105.5746 105.0190 100.6032 103.5857 109.8954 115.8792 114.0395 138.4233 131.4838 135.7682 125.5428 127.8163 126.7517 117.6138 120.0167 127.1928 122.8088 122.2497 129.6534 136.8576 160.1531 151.9243 154.6512 149.4523 150.0300 140.4315 148.4857 144.0000 147.4890 150.0833 146.8911 151.9210 150.2831 172.7223 175.2313 165.7227 172.6963 164.9394 168.4429 161.3753 164.0030 166.4332 168.1933 163.9573 166.6283 169.5406 196.6545 190.3733 194.5353 182.9891 184.6212 188.1755 185.2188 185.0108 181.2760 178.9078 187.5793 189.8420 194.5353 211.8962 214.5600 208.3387 211.2179 201.5564 205.1828 206.2935 205.0024 205.1975 202.8916 210.0119 202.9803 208.5857 232.4758 228.5695 233.2059 221.8220 222.3151 218.9155 222.1441 227.0000 223.3226 228.8755 223.0269 222.0090 228.9825 251.6446 246.4163 252.7944 242.6623 242.6211 245.5891 241.2074 240.0083 242.2973 238.7572 250.6831 242.0021 251.0299 268.2928 273.4410 264.9547 261.7728 261.7250 259.8500 260.1230 258.0019 257.2800 264.7565 258.8629 267.1647 271.0351 288.1389 292.8020 284.7876 280.1660 282.8162 288.8391 281.1139 279.0072 286.2516 277.6509 285.4768 289.6377 287.7377
83.2166 69.2604 63.0714 52.2398 39.3192 32.5576 22.3607 11.0454 0.0000 8.2462 21.2132 30.0832 38.0789 86.9770 75.6108 66.2118 59.9416 52.1536 38.0789 34.0588 28.6356 28.0179 23.7697 26.1725 36.7967 48.0104 93.0215 81.4923 74.4043 69.3109 58.1378 51.2250 52.8015 39.5601 43.0465 45.6070 50.9215 50.2195 59.4138 105.6456 99.0051 89.2749 83.6002 73.2462 73.3485 65.1460 62.1691 59.0085 68.4690 62.6259 66.6483 73.2462 111.7318 115.1086 107.0747 92.1141 89.8999 94.9210 83.2406 87.4643 83.0542 89.3588 87.6641 93.6056 94.5410 133.8096 126.7517 122.8007 113.5958 114.3897 103.4456 108.2589 106.7942 101.0000 102.7035 108.5035 113.3225 110.4943 145.0552 137.5573 140.9433 130.3879 131.8674 130.0000 120.2206 121.3342 128.0625 122.4091 121.1982 127.5774 134.1044 166.0030 157.4198 159.5400 153.7075 153.5741 143.3911 150.7647 145.4166 148.0034 150.1632 146.1130 150.2332 147.8005 178.4741 180.1555 170.2997 176.5276 168.3241 171.2104 163.4870 165.3028 167.0030 168.2409 163.2299 165.3874 167.6007 201.8539 194.9974 198.6001 186.5503 187.7578 190.7040 187.0722 186.2176 182.0027 179.1368 187.0722 188.9391 192.9819 216.7072 218.8378 212.2569 214.6462 204.5703 207.6391 208.1658 206.3492 206.0097 203.1576 209.7737 202.0916 207.0990 236.9156 232.7445 236.7298 225.0889 225.1444 221.1832 223.8080 228.2652 224.0022 229.1768 222.8116 221.1832 227.7213 255.8300 250.2818 256.1269 245.7824 245.1224 247.5884 242.9094 241.3504 243.0021 239.1339 250.6472 241.5140 250.0600 272.3252 276.9910 268.2629 264.5770 264.2007 261.9618 261.6907 259.2778 258.0019 265.1528 258.7740 266.6927 270.1296 291.8938 296.1503 287.9757 283.0071 285.2595 290.8780 282.6393 280.3016 287.0017 278.1151 285.5679 289.3579 286.9442
91.0879 77.1038 71.0070 60.0750 47.0956 40.1995 29.1204 19.0263 8.2462 0.0000 13.0384 21.8403 29.8329 94.1116 82.5651 72.8011 66.3099 58.1378 44.3847 38.4187 31.2410 27.5136 20.0250 19.7231 29.8329 40.4599 99.4032 87.6641 79.9250 74.0270 62.2896 55.1725 54.9181 40.7063 41.4367 42.1900 46.8722 44.2945 52.6308 110.6029 103.5857 93.3488 87.1149 76.2168 75.4718 66.2118 62.2977 57.7062 66.0000 58.4637 61.4654 67.5352 116.2755 118.8697 110.2588 95.0000 91.9239 96.1769 83.9345 86.6833 81.7435 87.0000 84.4808 89.4986 89.8109 137.1313 129.8075 125.3635 115.6028 115.8318 104.1777 108.2405 106.0990 99.3227 100.0800 105.4751 109.4440 105.9481 148.0034 140.0643 142.7060 131.9280 132.7742 130.2920 120.0708 120.2082 126.5701 120.0167 118.3427 123.9677 130.0000 168.2409 159.3895 161.0124 154.6932 154.0032 143.4050 150.2332 144.2567 146.1677 148.0034 143.3492 146.8128 143.8367 180.6018 181.6040 171.4934 177.1158 168.5853 170.9883 162.7882 163.9909 165.1484 166.0030 160.4494 162.2375 163.9573 203.4822 196.1734 199.3239 186.9037 187.7791 190.2525 186.1182 184.7837 180.2249 177.0028 184.3909 185.9731 189.5521 217.9954 219.6952 212.8403 214.8418 204.4627 207.0990 207.1835 204.9780 204.2450 201.0000 207.2414 199.1105 203.6909 237.8760 233.4995 236.9662 225.1422 224.8600 220.4768 222.6432 226.7973 222.1103 227.0022 220.2748 218.2155 224.4393 256.5638 250.7688 256.1894 245.6929 244.5588 246.6414 241.7457 239.9208 241.1016 237.0000 248.2015 238.7572 246.9534 272.9194 277.2003 268.2928 264.2215 263.5944 261.0824 260.4035 257.7770 256.0957 263.0019 256.2811 263.9185 267.0468 292.2499 296.1841 287.8923 282.6606 284.6067 289.9138 281.2988 278.7920 285.0860 276.0000 283.1766 286.6984 283.9243
104.0433 90.0500 84.0000 73.0274 60.0333 53.0848 41.5933 32.0624 21.2132 13.0384 0.0000 9.4340 17.0880 106.5129 94.8314 84.7703 78.1089 69.6419 56.3205 48.7647 40.2244 33.3017 22.4722 16.2788 22.8035 30.8058 111.0720 99.1615 90.7855 84.0595 71.8471 64.6375 62.2415 47.4236 44.2832 41.9762 45.1774 38.8330 44.7214 120.6524 113.2254 102.4500 95.5877 84.1487 82.3286 71.8471 66.7308 60.1664 66.2873 56.0000 56.8859 61.6847 125.8014 127.4049 118.1059 102.5914 98.4073 101.5480 88.6848 89.1964 83.5225 86.9770 83.0963 86.3713 85.5102 145.0000 137.3608 132.2800 121.8277 121.2642 108.7060 111.6154 108.4666 100.2247 99.4082 104.0433 106.4707 101.7890 155.3222 146.8196 148.4082 137.3790 137.3062 133.9328 123.1300 121.7539 127.4755 119.5073 117.0684 121.3342 126.4358 174.4964 165.3028 166.2077 159.2106 157.6991 146.5367 152.4861 145.5610 146.3728 147.6652 142.0317 144.3468 140.4315 186.6574 186.6815 176.2385 180.9420 171.9564 173.6116 164.7119 164.9394 165.2150 165.4358 159.0031 160.1531 161.0093 208.7510 200.8034 203.2732 190.3392 190.7066 192.4422 187.5367 185.4427 180.3469 176.5559 183.0027 184.0978 186.8689 222.7285 223.7856 216.5387 217.9472 207.1352 209.0933 208.4826 205.6648 204.2988 200.4221 206.0218 197.1624 200.9975 242.0764 237.4026 240.0771 228.0022 227.2004 222.1711 223.6068 227.2642 221.9031 226.3184 219.0091 216.2314 221.9031 260.3863 254.2302 258.9923 248.2841 246.4163 247.8911 242.6623 240.4163 240.8319 236.3578 247.0182 237.0759 244.6630 276.5014 280.1892 271.0221 266.3625 265.3451 262.4081 261.0824 258.1182 255.7831 262.2747 255.0020 262.1545 264.7565 295.4387 298.8729 290.4135 284.7824 286.2464 291.0533 281.8528 279.0788 284.7034 275.3071 282.0160 285.0860 281.7108
112.0179 98.0204 92.1358 81.0555 68.0661 61.0328 49.0408 40.6079 30.0832 21.8403 9.4340 0.0000 8.0623 113.4372 101.6071 91.2195 84.4038 75.6902 62.9682 54.0833 44.7772 36.0555 24.4131 15.5563 17.1172 22.3607 117.0470 104.9952 96.0052 88.5494 76.0592 68.8840 64.8151 50.0000 44.2041 39.8121 41.7612 33.0000 37.0000 124.9080 117.1367 105.9481 98.6002 86.8332 84.1724 72.9178 67.0075 59.1692 63.5689 51.6236 51.0392 54.9181 129.5415 130.2498 120.4159 104.8046 99.7647 102.0049 88.8144 87.6641 81.5414 83.6780 78.9177 81.0000 79.4040 147.1870 139.3162 133.7348 122.7884 121.6059 108.4528 110.4762 106.6208 97.4166 95.5249 99.6092 101.0198 95.6347 157.0032 148.0709 148.8086 137.6372 136.8576 132.8345 121.6717 119.2183 124.4548 115.5725 112.6410 116.0043 120.5031 175.2370 165.8011 166.1385 158.6474 156.5248 144.9966 150.2831 142.7200 142.7725 143.6941 137.4409 139.0144 134.5362 187.2004 186.4537 175.7868 179.7804 170.4875 171.5925 162.2252 161.7714 161.4466 161.2452 154.2628 155.0032 155.3222 208.6145 200.1924 202.1410 188.8597 188.8544 190.0553 184.6212 182.0110 176.5673 172.4094 178.2274 179.0112 181.2760 222.1463 222.7128 215.1883 216.1574 205.0561 206.5260 205.4313 202.2004 200.4121 196.1275 201.3008 192.0000 195.3689 241.0519 236.1631 238.2478 226.0133 224.8399 219.3650 220.2930 223.6068 217.8073 221.9031 214.2335 211.0095 216.3331 259.0483 252.6341 256.9085 246.0650 243.6801 244.7305 239.2823 236.7551 236.6622 231.9526 242.2499 232.0086 239.2091 274.9618 278.2104 268.8680 263.7954 262.5052 259.2778 257.5131 254.3266 251.5631 257.7770 250.1619 257.0019 259.2778 293.5864 296.6547 288.0851 282.1772 283.3020 287.7586 278.1726 275.2235 280.4015 270.8154 277.2183 280.0018 276.2607
120.0375 106.0424 100.1798 89.0898 76.1052 69.0652 57.0088 48.6621 38.0789 29.8329 17.0880 8.0623 0.0000 121.1982 109.3298 98.8433 91.9837 83.1986 70.7107 61.4003 51.8652 42.4853 30.8707 21.4709 18.8680 19.1050 124.4548 112.3610 103.1213 95.3415 82.7647 75.6439 70.7248 56.0803 48.7955 43.0116 43.8292 32.9848 34.2345 131.4876 123.5476 112.1606 104.5610 92.6553 89.4986 77.8332 71.4493 62.8013 65.7419 52.4976 50.3587 53.0377 135.8308 136.0147 125.8769 110.2588 104.6900 106.3015 92.9570 90.5539 84.1190 85.0941 79.5550 80.3990 78.0000 152.5025 144.4991 138.6001 127.3499 125.7338 112.2007 113.5341 109.1284 99.1615 96.3016 99.8248 100.1798 94.0479 161.9660 152.7613 152.8954 141.6510 140.3460 135.8308 124.4227 121.0785 125.8650 116.1809 112.7874 115.2128 119.0378 179.5132 169.9206 169.8382 161.9877 159.3895 147.5974 152.3155 144.2221 143.5862 144.1562 137.3208 138.1304 133.0601 191.3139 189.9947 179.1759 182.6034 173.0809 173.7268 163.9817 162.9264 162.0494 161.4466 153.9415 154.2628 154.0130 212.1910 203.4158 204.9488 191.4079 191.0942 191.8385 185.9516 182.8797 177.1243 172.6268 177.8145 178.2807 180.0111 225.3619 225.5394 217.8004 218.4056 207.0773 208.1250 206.6035 203.0025 200.8233 196.1556 200.9005 191.1675 194.0412 243.8955 238.8389 240.4350 228.0811 226.5921 220.7351 221.2058 224.1986 217.9931 221.7747 213.7592 210.0857 215.0372 261.6200 255.0000 258.8610 247.9133 245.0816 245.7519 240.1104 237.3268 236.7530 231.8211 241.7478 231.2163 238.0084 277.3536 280.2320 270.7490 265.3243 263.7954 260.3114 258.1472 254.7567 251.5890 257.5267 249.5796 256.0957 258.0310 295.7026 298.4577 289.7999 283.6565 284.4802 288.6174 278.6844 275.5739 280.3212 270.5587 276.6532 279.1451 275.0291
20.0000 24.4131 30.4795 37.4433 48.7545 54.7814 65.0000 76.2168 86.9770 94.1116 106.5129 113.4372 121.1982 0.0000 12.0000 23.0868 30.0666 39.0512 50.4876 61.0000 71.0000 82.0244 92.0869 101.2423 110.0045 122.0164 16.0000 18.4391 29.2062 39.6611 48.4665 52.8867 64.8460 72.9932 86.6833 96.6902 102.3914 113.0000 125.1599 43.1045 44.6430 47.5079 52.6308 56.8507 64.8151 72.5603 79.1581 88.3912 100.2247 109.1100 118.6802 127.2006 52.0865 63.7887 65.7875 62.1289 70.4344 80.4301 80.7217 95.9010 98.2293 110.6797 116.6190 128.5029 134.6143 82.0975 79.9062 82.7103 82.8553 89.4427 90.2109 100.6032 106.3015 111.8660 121.6594 129.4681 141.0142 145.1137 95.0474 94.0479 104.7855 99.2975 107.1541 112.2542 109.8362 120.4201 129.0155 133.6600 137.2443 149.5761 159.7905 120.0666 115.7325 122.8088 123.2274 129.0271 125.2996 136.8539 139.0863 148.1216 153.2188 156.0833 166.2438 169.7999 132.0000 140.6023 134.8073 146.5367 143.0035 150.5457 149.0537 157.0032 164.1250 169.1981 170.6019 176.3236 183.4475 158.0000 156.5407 164.4780 157.7086 162.2652 169.8382 171.9564 176.2839 176.2385 177.5077 190.2866 194.9897 203.6001 175.0114 181.3974 178.2414 184.4560 178.5385 185.8521 191.0026 193.4968 197.3854 199.0226 209.0215 206.9299 216.1134 197.0228 195.2562 204.2988 195.4738 199.0603 199.8825 207.1352 214.4481 215.0814 222.8744 220.9525 224.1540 233.6236 217.0207 214.3362 224.1830 216.0926 220.4359 226.7708 224.7221 226.1084 232.6908 231.6247 245.7173 240.6159 252.4381 234.0085 242.3489 235.9364 236.4572 238.7237 239.4932 243.5590 243.5775 246.7387 256.0957 253.8366 264.3672 271.0295 255.0314 262.3738 255.7831 253.7794 259.1062 267.7107 263.8788 263.4692 274.1842 267.9272 277.9964 284.5435 286.2516
23.3238 20.0998 24.3516 28.3196 38.2753 43.8292 53.4509 65.0000 75.6108 82.5651 94.8314 101.6071 109.3298 12.0000 0.0000 11.1803 18.1108 27.0740 38.6394 49.0000 59.0000 70.0286 80.0999 89.2749 98.0051 110.0182 20.0000 14.0000 21.0950 30.4138 37.5899 41.4367 53.7122 61.1882 74.9533 84.9294 90.7083 101.1187 113.2828 43.9318 43.0000 42.7200 46.0652 48.1664 55.8659 62.4260 68.6003 77.3886 89.4707 97.7394 107.2054 115.7411 52.7731 63.0317 62.8013 56.4624 63.6318 73.5731 72.2496 86.9770 88.7299 101.0445 106.5082 118.1905 124.0363 82.3893 79.0000 80.5047 78.8480 84.7585 83.7257 93.8136 98.8130 103.2763 112.5389 120.3412 131.5029 135.0926 95.4254 93.0215 102.7035 96.1041 103.1601 107.3359 103.7690 113.4416 122.0369 125.6065 128.7633 140.7302 150.7481 120.2664 115.0043 121.3342 120.6690 125.6344 120.8139 132.0341 133.2704 141.6616 146.4923 148.6001 158.2561 161.2452 132.5443 140.0036 133.3754 144.3918 140.0357 146.9966 144.5579 151.7959 158.3193 162.9847 163.6368 169.0266 175.6958 158.4550 156.0032 163.3065 155.5635 159.6559 166.6283 167.9315 171.5925 170.9854 171.7353 184.0679 188.4808 196.6443 175.2855 181.0000 177.2287 182.8879 176.2385 182.9891 187.5153 189.4228 192.7719 193.8298 203.4945 200.6888 209.4588 197.2055 195.0103 203.2978 193.9330 197.0000 197.1015 203.7474 210.7226 210.6846 218.1949 215.6757 218.2957 227.4819 217.1866 214.0000 223.2711 214.7557 218.3575 224.1629 221.7115 222.6859 228.6329 227.1783 241.0332 235.3720 246.8623 234.2136 242.0021 235.1723 235.0319 236.9072 237.2277 240.6844 240.3539 242.9156 252.0337 249.2087 259.4648 265.7536 255.1255 262.0076 255.1255 252.6420 257.5267 265.7311 261.2279 260.5379 270.7490 264.0928 273.8649 280.0803 281.2614
31.8277 23.7697 25.1794 24.3516 31.1448 35.6090 43.8634 55.9464 66.2118 72.8011 84.7703 91.2195 98.8433 23.0868 11.1803 0.0000 7.0000 16.0000 28.4605 38.0526 48.0416 59.0000 69.2604 78.5175 87.0517 99.0000 26.9258 16.2788 16.0000 22.3607 27.2029 30.4631 42.9418 50.0100 63.7887 73.7564 79.5550 89.9444 102.1078 45.6180 42.4500 39.0128 40.2616 39.9625 47.2017 52.4976 58.2495 66.6483 78.8923 86.7295 96.1353 104.6757 53.8516 62.3699 60.0083 51.1957 57.0088 66.7083 63.8201 77.9872 79.2086 91.3510 96.4002 107.8981 113.5341 82.2253 77.7817 78.0256 74.6726 79.8311 77.0779 86.7640 91.0659 94.4934 103.2473 111.0180 121.8277 125.0000 95.1262 91.4440 100.0050 92.4392 98.6560 101.9215 97.3088 106.0660 114.6124 117.2007 119.9708 131.5903 141.4214 119.5199 113.4416 119.0168 117.3456 121.4949 115.6936 126.5306 126.8464 134.6143 139.1869 140.6165 149.8065 152.3056 132.0189 138.3618 131.0038 141.2869 136.1947 142.5798 139.2839 145.8390 151.7959 156.0801 156.0641 161.1490 167.4097 157.6864 154.3243 161.0031 152.3975 156.0417 162.4315 162.9847 166.0271 164.9151 165.1969 177.0988 181.2457 189.0026 174.2699 179.3377 175.0114 180.1361 172.8381 179.0475 182.9891 184.3583 187.2111 187.7472 197.0913 193.6621 202.0544 196.0230 193.4373 201.0000 191.1675 193.7473 193.1890 199.2636 205.9150 205.2730 212.5135 209.4684 211.5703 220.4926 215.9282 212.2852 221.0000 212.1155 215.0279 220.3361 217.5247 218.1238 223.4860 221.6867 235.3041 229.1572 240.3373 232.9485 240.2082 233.0086 232.2606 233.7734 233.6835 236.5798 235.9343 237.9517 246.8400 243.5159 253.5133 259.4648 253.7124 260.1557 253.0178 250.0980 254.5683 262.3928 257.2878 256.3455 266.0865 259.0830 268.5759 274.4886 275.2036
37.2022 27.2029 26.9258 23.0217 26.9258 30.4138 37.5899 49.9300 59.9416 66.3099 78.1089 84.4038 91.9837 30.0666 18.1108 7.0000 0.0000 9.0000 21.9317 31.0644 41.0488 52.0000 62.2896 71.5681 80.0562 92.0000 33.1059 21.6333 17.4642 20.2237 21.9317 24.1868 36.8917 43.1741 57.0088 66.9403 72.8011 83.0241 95.1893 49.0918 44.7772 39.4588 39.1152 36.7696 43.4166 47.3814 52.6308 60.5392 72.9452 80.2309 89.5377 98.0816 56.8243 64.1950 60.5310 50.1597 54.8179 64.1950 60.0333 73.6003 74.3303 86.2670 90.9065 102.2008 107.6151 84.1190 79.0759 78.5175 74.0608 78.6384 74.6324 83.9345 87.6584 90.2109 98.4937 106.2168 116.6919 119.4738 96.8401 92.3959 100.1798 92.0217 97.6217 100.2247 94.8683 102.8834 111.3598 113.1592 115.6028 126.9055 136.5613 120.8305 114.2716 119.3399 117.0171 120.5985 114.1403 124.6635 124.3101 131.5903 135.9559 136.8576 145.6606 147.7566 133.4166 139.0432 131.2440 141.0142 135.4474 141.4214 137.5391 143.5897 149.1208 153.1143 152.5942 157.4357 163.3677 158.8584 154.9355 161.1986 152.0526 155.3898 161.3722 161.4094 164.0122 162.5423 162.4838 174.0488 177.9916 185.4319 175.2512 179.9028 175.2313 180.0000 172.2905 178.1264 181.6645 182.6609 185.1621 185.3267 194.4274 190.5466 198.6479 196.8604 194.0335 201.1219 191.0026 193.2589 192.2628 197.9419 204.3624 203.3027 210.3450 206.9299 208.6552 217.3753 216.6887 212.7628 221.1108 212.0000 214.4575 219.4288 216.3793 216.7233 221.6777 219.6406 233.0772 226.5921 237.5395 233.6835 240.6013 233.1738 232.0345 233.3088 232.9485 235.4676 234.6103 236.2541 244.9755 241.3069 251.1135 256.8209 254.3325 260.4918 253.1976 250.0000 254.1968 261.7652 256.2655 255.1549 264.5695 257.3344 266.6271 272.3252 272.7123
44.7772 33.3017 31.4006 24.3516 23.5372 25.0599 30.0000 42.6380 52.1536 58.1378 69.6419 75.6902 83.1986 39.0512 27.0740 16.0000 9.0000 0.0000 14.2127 22.0907 32.0624 43.0000 53.3385 62.6498 71.0634 83.0000 41.4367 29.5466 22.6274 20.8806 17.0880 16.9706 29.7321 34.4819 48.3839 58.2409 64.1950 74.1485 86.3134 54.5619 49.0918 41.7852 39.4588 34.3657 39.8497 41.6173 45.9674 53.0094 65.6049 72.0139 81.1542 89.6939 61.6117 67.5426 62.3618 50.2494 53.2353 61.9839 56.0803 68.6003 68.6003 80.1561 84.1724 95.1315 100.2098 87.3212 81.5966 80.0500 74.2428 78.0064 72.3671 81.0432 83.9345 85.2350 92.8009 100.4241 110.3902 112.6099 99.7246 94.3716 101.1187 92.2659 97.0206 98.7320 92.4175 99.3680 107.7033 108.4066 110.3857 121.2106 130.5986 123.0813 115.9526 120.3536 117.2092 120.0375 112.7519 122.8088 121.5648 128.1601 132.2309 132.4122 140.6627 142.2006 135.7240 140.4279 132.0984 141.1737 135.0148 140.4315 135.7940 141.1559 146.1027 149.6964 148.4992 153.0000 158.4740 160.8011 156.1794 161.8950 152.0822 155.0129 160.4494 159.8124 161.8302 159.8906 159.3800 170.4699 174.1321 181.1353 176.9124 181.0249 175.9233 180.2249 172.0029 177.3415 180.3469 180.8535 182.8879 182.5623 191.3243 186.8502 194.5508 198.2952 195.1666 201.6358 191.1675 193.0026 191.4419 196.5960 202.7042 201.0995 207.8702 203.9730 205.1975 213.6375 217.9931 213.7124 221.5784 212.1910 214.0584 218.5864 215.2324 215.2440 219.6588 217.3131 230.4951 223.5733 234.2008 234.9319 241.4042 233.6942 232.0539 233.0193 232.3101 234.3374 233.2059 234.3608 242.8539 238.7384 248.2841 253.6651 255.4095 261.1992 253.7124 250.1619 254.0020 261.2317 255.2273 253.8996 262.8802 255.3507 264.3728 269.7851 269.7425
51.6624 38.2753 34.0000 23.6008 15.2315 13.0384 15.8114 28.4253 38.0789 44.3847 56.3205 62.9682 70.7107 50.4876 38.6394 28.4605 21.9317 14.2127 0.0000 13.0384 22.1359 33.2415 42.1070 51.0000 60.2993 72.5603 55.0364 43.4166 36.7967 33.6155 25.4951 21.0238 31.0161 29.0689 42.4382 51.4782 57.8014 65.7875 77.7946 68.6222 62.8013 54.5894 50.9215 43.4166 47.0106 44.9222 46.9574 51.2250 63.8905 67.2012 75.4718 83.8630 75.4321 80.6226 74.4648 61.1310 62.2896 70.0000 61.8142 72.1110 70.6824 81.1234 83.6002 93.5094 97.5910 100.1848 94.0213 91.7061 84.7231 87.5728 80.0562 87.6926 89.2693 88.3912 94.4140 101.7104 110.4355 111.2879 112.3076 106.2826 112.0580 102.5914 106.3814 107.0047 99.5038 104.7855 112.7918 111.6154 112.6987 122.4500 131.1869 135.0741 127.4873 131.2440 127.2792 129.2478 121.0165 130.3840 127.9062 133.4054 136.9708 135.9301 143.1084 143.5444 147.7193 151.5850 142.7725 151.0761 144.2810 149.0000 143.4225 147.8005 151.8552 154.8063 152.5057 156.3873 160.9969 172.4094 167.1466 172.2905 161.7931 164.2468 169.0030 167.5052 168.7157 166.1114 164.9242 175.2084 178.3928 184.6185 188.2233 191.8020 186.2713 190.0553 181.2760 186.0000 188.3215 188.1755 189.5521 188.5126 196.7257 191.3243 198.3230 209.3442 205.9223 211.7286 200.9005 202.2474 200.0100 204.4798 210.1547 207.8004 214.1588 209.5543 209.9905 217.9472 228.8777 224.2432 231.5794 221.9031 223.0807 227.0551 223.3226 222.8991 226.5657 223.7878 236.5629 229.0000 239.0983 245.7336 251.7340 243.7314 241.5305 242.1322 241.0021 242.4046 240.9170 241.4063 249.5596 244.8060 253.9390 258.8049 266.0075 271.3982 263.7120 259.7711 263.1900 270.0000 263.3724 261.7652 270.1481 262.2251 270.8450 275.8297 275.1381
64.1950 51.0784 47.0106 36.6197 27.0185 22.3607 16.1245 27.3130 34.0588 38.4187 48.7647 54.0833 61.4003 61.0000 49.0000 38.0526 31.0644 22.0907 13.0384 0.0000 10.0000 21.0950 31.2570 40.6079 49.0102 61.0328 63.0635 50.9608 42.0476 35.6090 24.0832 17.2047 22.0000 16.2788 29.4109 38.4708 44.7772 53.1601 65.2534 72.2011 65.1920 55.2268 49.6488 39.8121 41.2311 36.0555 36.4005 39.1152 51.6140 54.2033 62.4340 70.8308 77.8974 81.0555 73.2462 58.5918 57.5674 63.9531 54.0093 62.3699 60.0833 69.7782 71.5612 81.0555 84.8646 99.8649 92.9624 89.4427 80.9938 82.7103 73.4370 80.0000 80.5047 78.1601 83.2586 90.3383 98.4784 98.8585 111.3059 104.2017 108.5035 98.3717 101.0000 100.4988 92.0054 95.8853 103.5761 101.1929 101.7693 110.9414 119.3650 132.8495 124.6154 127.4402 122.4827 123.4706 114.3547 123.0041 119.5073 124.1491 127.3460 125.5428 132.0984 132.0038 145.4132 148.0000 138.6001 145.9109 138.4522 142.4254 136.0000 139.5170 142.8636 145.3444 142.3376 145.8390 149.9667 169.3665 163.2176 167.6007 156.3490 158.2688 162.3083 160.0125 160.5273 157.4071 155.7241 165.4207 168.2914 174.0402 184.6781 187.5153 181.4635 184.6212 175.2627 179.3377 181.0000 180.2776 181.1077 179.5244 187.3206 181.3202 187.8776 205.3607 201.5589 206.5260 195.3177 196.1275 193.2097 197.0228 202.2993 199.3314 205.3534 200.2424 200.1449 207.7811 224.6175 219.5382 226.2145 216.2337 216.6679 220.0818 216.0023 215.1883 218.2155 215.1023 227.5434 219.5382 229.2640 241.3234 246.7144 238.3799 235.5525 235.7668 234.2136 235.0191 233.2145 233.1373 241.0021 235.7711 244.5915 249.0984 261.2929 266.1823 258.2750 253.8996 256.8599 263.2299 256.0176 254.1594 262.0115 253.7794 262.0706 266.7283 265.5805
73.7631 60.4070 55.9464 45.1774 34.2053 28.2843 17.8885 25.0200 28.6356 31.2410 40.2244 44.7772 51.8652 71.0000 59.0000 48.0416 41.0488 32.0624 22.1359 10.0000 0.0000 11.1803 21.3776 30.8058 39.0128 51.0392 72.7805 60.6383 51.2640 43.9090 31.6228 24.4131 24.1661 12.0416 22.0227 30.0000 36.4005 43.6578 55.6597 80.4550 73.0068 62.3699 55.9017 45.0000 44.7214 36.8782 35.0000 34.7851 46.5188 46.6690 54.2033 62.4260 85.6037 87.6926 79.0253 63.8201 61.2699 66.4078 55.1090 61.0737 57.7062 66.0984 66.6408 75.1665 78.2432 105.8915 98.6002 94.3398 84.9706 85.7963 75.1864 80.6226 80.0062 75.9539 79.6994 86.3771 93.4773 92.9139 116.8289 109.0780 112.3076 101.7693 103.4456 101.9804 92.6553 95.0474 102.3132 98.4886 98.3717 106.6208 114.4902 137.4373 128.7983 130.9236 125.2278 125.3994 115.5725 123.4909 119.0042 122.6907 125.4472 122.7233 128.4134 127.5343 149.8833 151.5388 141.7392 148.2228 140.2462 143.5444 136.3672 139.0144 141.5980 143.5444 139.7140 142.7200 146.1848 173.2195 166.4332 170.2058 158.3824 159.8405 163.2299 160.1999 160.0281 156.3873 154.1752 163.1686 165.6563 170.7923 188.1117 190.3733 183.9266 186.5610 176.7399 180.2276 181.2760 180.0000 180.2776 178.1264 185.4427 178.7652 184.7647 208.4059 204.3184 208.5977 197.1015 197.4487 193.9330 197.1243 202.0025 198.4263 204.0833 198.4364 197.7321 204.9707 227.4049 221.9842 228.1074 217.8922 217.6810 220.5811 216.1874 215.0023 217.3891 213.9369 226.0000 217.5247 226.8083 243.9611 248.8534 240.2603 236.9072 236.7826 234.8531 235.1042 233.0000 232.3639 239.9208 234.1965 242.6623 246.7590 263.6551 268.1287 260.0500 255.3135 257.8701 263.8371 256.0957 254.0020 261.3236 252.7924 260.7317 265.0358 263.3875
84.8999 71.4703 66.8506 55.9464 44.4185 38.0132 26.1725 28.7924 28.0179 27.5136 33.3017 36.0555 42.4853 82.0244 70.0286 59.0000 52.0000 43.0000 33.2415 21.0950 11.1803 0.0000 11.6619 21.0238 28.1603 40.0000 83.1865 71.0211 61.1310 52.9245 40.3113 33.2415 29.0000 14.1421 15.2971 20.6155 26.9072 32.6956 44.5982 89.0056 81.1234 69.8928 62.6259 50.9902 49.0408 38.9487 34.7851 31.0000 41.0000 38.0132 44.5533 52.4976 93.4933 94.3663 84.8528 69.3109 65.2150 68.8840 56.4624 59.5399 55.0364 61.6604 60.7289 67.9779 70.1783 111.7318 104.0625 99.0202 88.7525 88.5889 76.6942 80.7775 78.9177 73.0068 75.1332 81.2527 87.0919 85.4751 122.0246 113.6002 115.6028 104.7091 105.3091 102.7862 92.6499 93.3435 100.0450 94.6414 93.7443 100.8811 108.0787 141.4496 132.4009 133.7236 127.2360 126.4911 115.9483 122.9837 117.4266 120.0167 122.2620 118.5327 123.2274 121.4907 153.7010 154.2887 144.0868 149.6028 141.0886 143.6106 135.6355 137.2953 139.0144 140.3567 135.6355 138.0797 140.8013 176.2385 168.7513 171.8168 159.3989 160.3309 162.9755 159.1383 158.2024 154.0000 151.2118 159.3895 161.4466 165.8945 190.6017 192.2004 185.3267 187.3606 177.0537 179.8694 180.2276 178.3396 178.0028 175.2313 181.9945 174.5967 179.9694 210.3949 205.9927 209.4803 197.6917 197.5171 193.3417 195.8290 200.2498 196.0102 201.2486 195.0282 193.6621 200.4495 229.0546 223.2577 228.7400 218.2842 217.3476 219.6657 214.9325 213.3378 215.0093 211.1919 222.8116 213.8411 222.6230 245.4058 249.7218 240.8527 236.9135 236.4085 234.0620 233.6942 231.2618 230.0087 237.2109 230.9567 239.0188 242.6623 264.7508 268.7452 260.4861 255.3507 257.4490 262.9544 254.6370 252.2856 259.0077 250.1619 257.7014 261.6123 259.4224
93.3809 79.6241 74.4648 63.3246 50.9215 44.0114 31.3847 29.0000 23.7697 20.0250 22.4722 24.4131 30.8707 92.0869 80.0999 69.2604 62.2896 53.3385 42.1070 31.2570 21.3776 11.6619 0.0000 9.4868 18.2483 30.5941 94.1488 82.0000 72.4224 64.4748 51.8941 44.7772 40.4599 25.6125 22.1359 22.2036 27.2029 27.5862 38.2753 100.6479 92.7847 81.5414 74.2024 62.4820 60.1415 49.4065 44.2945 38.3275 46.0109 38.8973 43.0465 50.0000 105.1523 105.8915 96.2081 80.6226 76.0592 79.0759 66.2420 67.4463 62.1691 67.0075 64.4981 69.9214 70.7743 123.0447 115.2779 109.9864 99.4032 98.7927 86.3134 89.5377 86.8332 79.5110 80.0562 85.4751 89.7385 86.7295 133.1240 124.4709 125.9365 114.9087 114.9348 111.7900 101.1929 100.6231 106.7942 100.0050 98.3260 104.1393 110.4400 152.0526 142.8356 143.7567 136.8539 135.5581 124.5953 130.9695 124.6154 126.2537 128.0156 123.3288 126.9212 124.1934 164.1950 164.2468 153.8473 158.7734 149.9400 151.9210 143.3911 144.2567 145.2205 146.0000 140.4315 142.2744 144.1562 186.3008 178.4405 181.0773 168.3092 168.8846 170.9883 166.5443 164.9848 160.3122 157.0127 164.3685 165.9789 169.6732 200.3522 201.5564 194.4274 196.0612 185.4400 187.7578 187.5793 185.1945 184.3285 181.0028 187.2165 179.1201 183.8070 219.8227 215.2324 218.1972 206.2280 205.6818 201.0199 202.9409 206.9686 202.1584 207.0000 200.2498 198.2246 204.5189 238.2478 232.2154 237.2551 226.6451 225.1755 227.0352 222.0360 220.1022 221.1447 217.0023 228.1776 218.7419 226.9912 254.4484 258.3738 249.3231 244.9653 244.1741 241.5057 240.6346 237.9286 236.1356 243.0000 236.2562 243.9057 247.0810 273.5416 277.2003 268.8215 263.4008 265.1490 270.2832 261.5033 258.9363 265.1207 256.0020 263.1539 266.6777 263.9470
