0.0000 14.2127 22.8035 28.1603 42.7551 51.9711 61.2944 71.2531 80.7527 17.0000 24.5967 27.0185 40.4599 41.5933 57.9828 67.1193 80.0562 86.7295 49.0918 40.4475 53.7122 52.4786 58.6941 68.5930 74.0270 83.8689 96.7988 68.0294 74.5453 67.9117 72.6154 83.1925 87.3670 96.0469 95.6713 106.4049 77.0065 91.6624 96.1041 96.5660 91.7878 99.1262 99.6243 106.8878 121.5113 105.0048 107.2287 99.8248 119.3692 110.4943 118.0678 122.2988 128.4718 134.0149 120.0666 130.4646 126.1507 130.4952 137.7861 127.9453 142.8636 145.7944 148.9497 142.0563 143.3492 150.2065 154.3535 158.1518 158.4330 158.7734 161.5488 165.6050 173.0029 158.1550 166.0903 175.4138 172.6963 168.9615 179.9472 170.6986 177.0988 191.0419 192.1666 186.3035 185.7767 195.1435 196.7257 192.6266 201.8960 205.7693 207.0097 213.0845 206.6204 213.8411 203.1797 215.3718 210.7226 218.2201 215.0372
14.2127 0.0000 9.4868 18.2483 33.1361 42.0119 52.2398 62.2013 71.0000 10.8167 11.1803 12.8062 26.2488 29.1204 44.7214 54.2310 67.4166 74.7262 39.8497 29.1548 40.1622 38.4708 44.5533 54.4885 60.2163 70.0000 83.3547 58.0517 63.0000 55.4437 59.1354 69.4622 73.2462 81.8352 81.6884 92.4554 66.4831 80.0250 83.7257 83.7437 78.1857 85.0882 85.4459 92.6984 107.2986 94.5304 96.0208 87.5728 106.5129 97.0824 104.2785 108.3005 114.3897 119.8082 109.7725 119.0168 114.2804 117.8855 124.9520 114.4902 129.2440 131.9470 134.8332 131.6435 132.0038 138.3618 141.8767 145.5266 145.2067 145.2481 147.8513 151.6476 162.3083 147.0136 154.3243 163.2299 160.0312 155.9551 166.6763 157.0987 163.2483 180.4688 181.0028 174.4850 173.5310 182.6499 183.8614 179.5355 188.4887 192.2004 196.1250 202.0223 195.1256 201.8960 190.7040 202.6154 197.6917 204.9244 201.5465
22.8035 9.4868 0.0000 10.8167 24.7386 33.2415 43.7379 53.6004 62.0725 18.2483 10.6301 7.0711 18.7883 19.6469 35.3553 44.7772 57.9396 65.2534 40.8167 28.6356 35.2278 32.2800 36.2353 46.0109 51.2250 61.0737 74.0945 57.5847 60.6712 52.0384 53.9351 63.6003 66.1891 74.0608 72.9178 83.6301 65.2534 77.3175 80.0250 79.4040 72.5328 78.2943 78.0320 84.5044 99.4032 92.9624 93.6483 84.0060 101.9657 91.6788 98.0816 101.5529 107.3546 112.0714 108.2589 116.2110 111.0045 113.6354 120.3536 108.9312 123.3288 125.5388 127.6323 129.8769 129.2478 135.0037 137.7135 141.1524 139.9464 139.4740 141.7392 144.9310 160.1312 144.4195 151.0033 159.3800 155.5635 151.0099 161.2979 151.1622 156.7801 178.3620 178.2807 171.0468 169.5789 178.3620 179.0670 174.4162 182.8497 186.2713 193.6621 199.3615 192.0104 198.2524 186.4242 197.9419 192.6344 199.4492 195.7473
28.1603 18.2483 10.8167 0.0000 15.0000 24.0832 34.0588 44.0454 53.0848 28.4605 21.2603 16.4012 23.0217 14.8661 31.8277 40.0000 52.4786 58.6941 50.8035 38.2753 41.3038 37.0000 36.7696 45.6508 49.0408 58.8982 70.2922 66.6408 68.4105 59.0339 59.0085 67.6018 68.3081 74.6860 71.0634 81.4678 73.7360 84.5281 86.2844 85.0059 76.6551 80.6536 79.3095 84.0595 99.4786 100.9604 101.0000 90.3549 107.1168 95.8853 101.1385 103.7304 109.0046 112.3788 116.2110 123.0447 117.4266 119.0378 125.3236 112.7874 126.6057 128.0820 128.8604 137.5391 136.0662 141.2268 143.0874 146.2771 144.0139 142.8636 144.6409 146.8945 167.3589 151.3275 157.2037 165.0121 160.5273 155.4252 165.1303 154.2757 159.0880 185.6071 184.9784 177.0706 175.0714 183.4612 183.5756 178.5385 186.2713 189.2829 200.5642 206.0728 198.3053 204.0025 191.5124 202.5488 196.7867 203.0493 198.9171
42.7551 33.1361 24.7386 15.0000 0.0000 9.2195 19.1050 29.0689 38.1182 42.9535 34.0147 28.1780 28.0179 12.0830 24.0416 29.4109 40.3609 45.2769 60.8769 48.1664 45.6180 39.9249 34.0147 40.6079 41.2311 50.5371 59.5483 74.4043 73.7902 63.5610 60.6383 67.2681 65.2763 69.3758 62.6498 72.4017 80.2621 88.6002 88.7694 86.4928 76.1643 77.5242 74.7329 77.0779 92.8493 106.1037 105.0048 92.8924 107.4663 95.0211 98.5089 99.8248 104.2929 105.8489 121.0785 125.8769 119.6411 119.6035 125.1439 111.1126 123.9113 124.3382 123.3288 141.6757 138.7408 142.8636 143.3492 146.1232 142.2849 140.1606 141.2303 142.1724 170.5110 154.0292 158.6758 165.5113 160.0125 154.1168 162.8895 151.0828 154.7385 188.6929 187.1149 178.1264 175.2855 183.0109 182.2224 176.6380 183.3085 185.7229 202.9803 208.1370 199.6998 204.4798 191.0026 201.2486 194.8333 200.2598 195.5326
51.9711 42.0119 33.2415 24.0832 9.2195 0.0000 10.7703 20.3961 29.0172 51.4782 41.7612 35.7351 32.6497 16.6433 21.0950 23.4094 32.6497 36.6197 66.6108 54.0833 48.6004 42.4382 33.5261 38.0526 36.6742 45.2217 52.4309 78.5684 76.5506 66.0379 61.4654 66.7083 63.0714 65.6201 57.0088 66.1891 83.6002 90.3383 89.5377 86.6833 75.3127 75.0000 71.3442 72.1249 87.9318 108.3005 106.5129 93.6376 106.7052 93.6483 96.0052 96.5194 100.4490 100.8811 122.9837 126.4911 119.9208 118.8697 123.9113 109.0734 121.1487 120.9339 118.8486 143.0000 139.1761 142.6359 142.2744 144.7791 140.0000 137.2953 137.9311 138.0797 171.0935 154.4021 158.2688 164.4780 158.3824 152.0296 160.1999 147.8682 150.8145 189.1719 187.0107 177.3866 174.0402 181.3339 180.0000 174.1034 180.1139 182.1648 203.0025 207.9279 199.1005 203.3052 189.2644 199.0025 192.2108 197.1218 192.0521
61.2944 52.2398 43.7379 34.0588 19.1050 10.7703 0.0000 10.0000 19.6469 61.9839 52.4976 46.4866 43.0116 27.2947 27.7308 26.0768 31.0161 32.0156 77.1038 64.6607 58.0517 51.7397 41.1825 43.6807 40.1123 47.1699 51.0784 88.3912 85.6037 75.0000 69.3542 73.3894 68.2495 69.0072 58.0517 66.0984 92.9570 98.6154 97.0824 93.7763 81.6088 79.6304 75.0600 73.8241 89.4427 116.8118 114.5295 101.1336 112.7918 99.2472 100.4042 100.0000 103.2376 102.1812 131.2288 133.7012 126.8740 124.9080 129.4372 113.8640 125.0640 124.1008 120.6690 150.7349 146.1848 149.0403 147.8716 150.0966 144.3468 141.0035 141.1276 140.2926 178.1376 161.3072 164.4536 170.0382 163.3554 156.5407 164.0122 151.1192 153.1829 196.0867 193.4037 183.1993 179.3600 186.1881 184.2715 178.0449 183.2730 184.8783 209.4803 214.1822 205.0000 208.6265 194.0335 203.1994 196.0026 200.3023 194.8333
71.2531 62.2013 53.6004 44.0454 29.0689 20.3961 10.0000 0.0000 10.2956 71.8471 62.0967 56.0446 51.4782 36.4005 33.3017 28.6356 29.0172 26.9258 85.5862 73.3553 65.1920 58.7963 46.8615 47.4131 42.0595 47.3814 48.0521 95.7758 92.0217 81.3941 74.6324 77.3692 70.8378 69.8713 57.0088 63.7887 99.7046 104.0433 101.7104 97.9490 85.0882 81.4923 76.1183 73.0068 88.2043 122.4132 119.5701 105.6788 115.7670 101.8332 101.7890 100.4988 103.0437 100.6032 136.4588 137.7534 130.6790 127.7576 131.7346 115.5206 125.7816 124.1008 119.4194 155.3094 149.9667 152.1611 150.1533 152.0822 145.3823 141.4284 141.0567 139.2911 181.8598 164.9242 167.2872 172.2005 164.9394 157.6864 164.4384 151.0530 152.2662 199.6246 196.3797 185.5856 181.2457 187.5793 185.0838 178.5497 183.0000 184.1738 212.5135 216.9654 207.4247 210.4400 195.3177 203.8872 196.3084 200.0025 194.1649
80.7527 71.0000 62.0725 53.0848 38.1182 29.0172 19.6469 10.2956 0.0000 80.2247 69.8713 63.7887 57.5847 43.7379 36.8917 29.6985 25.2982 20.0250 91.2853 79.4796 69.3397 62.9682 49.8197 48.2701 41.3401 44.5982 42.0119 99.8649 94.9210 84.3860 76.4199 77.6660 69.7711 67.0522 52.6118 58.0086 102.9417 105.6456 102.4158 98.1835 84.7231 79.4796 73.3757 68.4690 83.0542 124.0846 120.6027 106.2544 114.5426 100.3195 99.0404 96.8814 98.7320 95.0211 137.6118 137.5573 130.2498 126.3171 129.6919 112.9292 122.1843 119.8207 114.0044 155.6181 149.4122 150.8807 148.0000 149.6162 141.9930 137.4627 136.6199 134.0000 181.1215 164.1280 165.6412 169.8382 162.0154 154.3535 160.3808 146.5776 147.0000 198.6353 194.7948 183.4121 178.5721 184.3909 181.3339 174.5222 178.2274 179.0028 210.9502 215.1279 205.2340 207.6174 192.0026 199.9700 192.0443 195.1640 189.0026
17.0000 10.8167 18.2483 28.4605 42.9535 51.4782 61.9839 71.8471 80.2247 0.0000 12.0830 17.4642 29.5296 37.0540 50.9608 60.8769 74.2159 82.2010 32.1403 23.7697 38.8330 38.8973 48.0208 57.9828 64.8460 74.3034 88.6397 51.0392 57.7062 51.5461 57.3062 68.2642 73.7564 83.4506 85.4400 96.2549 60.0083 74.8131 79.5550 80.3243 76.5376 85.0000 86.3713 95.0158 108.8944 88.0057 90.2718 83.1986 103.0922 94.8472 103.0776 107.8981 114.4028 121.0165 103.0776 113.5341 109.3298 114.0175 121.4578 112.3076 127.4559 130.8625 135.0000 125.0640 126.3962 133.3604 137.7679 141.6510 142.4430 143.1782 146.2498 150.9437 156.0032 141.1737 149.2146 158.6726 156.2082 152.7383 163.9817 155.2063 162.1142 174.0460 175.1828 169.4344 169.0562 178.5385 180.3607 176.4596 186.0779 190.1841 190.0105 196.0918 189.6760 197.0000 186.5610 198.9171 194.4865 202.2498 199.3239
24.5967 11.1803 10.6301 21.2603 34.0147 41.7612 52.4976 62.0967 69.8713 12.0830 0.0000 6.0828 17.4929 26.1725 39.0512 49.0306 62.3699 70.5762 30.4138 18.6815 29.1548 28.0179 36.0555 46.0435 52.7731 62.2656 76.5572 47.8017 52.0384 44.2832 48.1041 58.6003 63.0079 72.1803 73.4983 84.3149 55.9017 69.0000 72.5603 72.5672 67.2309 74.6257 75.4321 83.4865 97.6729 83.8630 85.0941 76.4199 95.3415 86.0349 93.4719 97.7548 104.0096 109.9864 99.1413 108.0000 103.1746 106.7052 113.7805 103.4650 118.3089 121.1982 124.5351 120.9339 121.0041 127.2517 130.6981 134.3466 134.1044 134.2609 136.9708 141.0319 151.4761 136.0588 143.2236 152.0691 148.8523 144.8068 155.5892 146.1540 152.5025 169.6644 170.0265 163.3707 162.3638 171.4701 172.6963 168.4043 177.4514 181.2402 185.2188 191.0654 184.0679 190.7590 179.5244 191.4419 186.5503 193.8479 190.5466
27.0185 12.8062 7.0711 16.4012 28.1780 35.7351 46.4866 56.0446 63.7887 17.4642 6.0828 0.0000 13.4536 20.0998 33.5261 43.4166 56.7539 64.7765 34.4093 21.9545 28.4429 26.0000 31.8904 41.8688 48.0208 57.6888 71.5542 50.6952 53.6004 45.0111 47.2969 57.2451 60.5392 69.0290 69.2026 80.0000 58.2409 70.2567 73.0616 72.5603 66.0984 72.4707 72.6705 79.9312 94.4934 85.9069 86.5794 77.0260 95.1893 85.1645 91.9239 95.7131 101.7104 107.0047 101.2028 109.1650 104.0000 106.7942 113.6002 102.4890 117.0470 119.5073 122.1147 122.8088 122.2007 128.0156 130.8625 134.3503 133.4054 133.1353 135.5581 139.0863 153.0621 137.3645 144.0139 152.4729 148.7884 144.3676 154.8063 144.9000 150.7912 171.2921 171.2367 164.0762 162.6930 171.5488 172.3862 167.8362 176.4653 180.0139 186.6039 192.3148 185.0027 191.3165 179.6107 191.2302 186.0376 193.0026 189.4334
40.4599 26.2488 18.7883 23.0217 28.0179 32.6497 43.0116 51.4782 57.5847 29.5296 17.4929 13.4536 0.0000 16.2788 23.0000 33.0151 46.1736 55.0000 34.1321 21.9317 18.4391 14.0357 18.6011 28.6007 35.3412 44.7772 59.2368 46.4004 46.2385 36.4005 36.0555 45.1221 47.4131 55.6058 56.0357 66.8506 52.3546 61.8466 63.2851 62.0000 54.1295 59.5063 59.3633 66.4831 81.0555 78.7718 78.3390 67.3647 84.2140 73.3485 79.3788 82.7647 88.5889 93.6002 93.9202 100.1299 94.4299 96.0833 102.4890 90.4710 104.6948 106.7755 108.9082 114.9826 113.1371 118.2074 120.1499 123.4058 121.5977 120.8801 123.0325 126.1428 144.5441 128.4134 134.1827 142.0317 137.7135 132.8345 142.8636 132.5028 138.0036 162.7882 162.0031 154.0519 152.1184 160.6113 160.9534 156.1089 164.2833 167.6007 177.6288 183.0956 175.2855 181.0110 168.6683 179.8889 174.3474 180.9447 177.1158
41.5933 29.1204 19.6469 14.8661 12.0830 16.6433 27.2947 36.4005 43.7379 37.0540 26.1725 20.0998 16.2788 0.0000 16.9706 25.5539 38.4838 45.6070 50.0000 37.4433 33.5410 27.8568 23.3452 31.3847 34.2053 44.0454 55.6058 62.6259 61.7171 51.4782 48.8365 56.0089 55.1090 60.5392 56.2228 66.6033 68.2642 76.5506 76.9025 74.8131 65.0000 67.4685 65.4599 69.4622 85.0000 94.0213 92.9731 81.0247 96.1301 84.0536 88.2836 90.2497 95.1893 97.9490 109.0046 114.0044 107.8703 108.2266 114.0044 100.4988 113.7717 114.7258 114.7693 129.6534 126.9055 131.2402 132.0947 135.0037 131.7460 130.0500 131.4686 133.1353 158.6190 142.2006 147.1054 154.2077 149.0302 143.4225 152.5942 141.2232 145.4991 176.8191 175.4138 166.6763 164.0762 172.0262 171.5721 166.2077 173.3667 176.0824 191.2302 196.4612 188.1755 193.2097 180.0444 190.5912 184.4397 190.2472 185.8090
57.9828 44.7214 35.3553 31.8277 24.0416 21.0950 27.7308 33.3017 36.8917 50.9608 39.0512 33.5261 23.0000 16.9706 0.0000 10.0499 23.3452 32.0000 55.0273 43.9318 32.4500 26.0768 13.6015 17.0000 17.4929 27.2029 38.8330 63.0079 58.7282 48.1041 41.6773 45.8803 42.0119 45.3542 39.4081 49.6790 66.4831 71.0211 69.3542 66.1287 54.3415 54.0370 50.8035 53.2259 68.9420 89.3085 86.8332 73.4098 85.7030 72.5603 75.0600 75.9539 80.2808 81.9390 103.5857 106.0424 99.2975 97.8621 102.8251 88.0227 100.3195 100.4490 99.2975 123.0041 118.5960 121.7539 121.1982 123.6851 119.0168 116.5204 117.3882 118.1397 150.5457 133.7647 137.3172 143.4015 137.2953 131.0038 139.3592 127.2792 130.7287 168.5497 166.1385 156.3490 152.9477 160.2529 159.0126 153.2090 159.5243 161.8054 182.1675 187.0107 178.0842 182.2142 168.1904 178.0253 171.3534 176.5050 171.6421
67.1193 54.2310 44.7772 40.0000 29.4109 23.4094 26.0768 28.6356 29.6985 60.8769 49.0306 43.4166 33.0151 25.5539 10.0499 0.0000 13.3417 22.0227 64.2884 53.6004 40.7185 34.5398 20.5913 18.8680 14.0357 21.8403 30.4138 70.8308 65.2993 54.8179 46.7547 48.7647 42.4500 43.0116 33.6155 43.0465 73.4098 76.0592 73.2462 69.3542 56.4624 53.6004 49.0102 48.7647 64.5600 94.4934 91.2634 77.1751 87.2812 73.4983 74.3303 74.0270 77.5242 77.4919 108.2266 109.1238 102.0441 99.3277 103.5857 87.8237 99.0202 98.2497 95.5667 126.7636 121.3342 123.6487 122.0246 124.1491 118.2709 115.0043 115.2779 114.9348 153.2351 136.3085 138.8848 144.1562 137.3208 130.4646 138.0000 125.2557 127.7380 171.0263 167.9315 157.4103 153.3949 160.1312 158.2024 152.0132 157.4579 159.2608 184.0489 188.6001 179.2345 182.6499 167.9673 177.1384 170.0029 174.4850 169.1863
80.0562 67.4166 57.9396 52.4786 40.3609 32.6497 31.0161 29.0172 25.2982 74.2159 62.3699 56.7539 46.1736 38.4838 23.3452 13.3417 0.0000 9.8489 76.2955 66.1891 51.9230 46.0977 31.7805 26.4197 17.8045 19.3132 20.1246 81.0247 74.0945 64.0078 54.4059 53.8145 44.9444 41.7612 28.0000 35.1710 82.4924 82.8070 78.6448 74.0270 60.2163 54.2310 48.0833 44.0000 59.2115 101.1385 97.0000 82.3286 89.4427 75.1532 73.7631 71.8471 74.1080 71.7008 114.0219 112.8982 105.4751 101.1336 104.4031 87.6413 97.1648 95.1893 90.4489 131.2440 124.5311 125.7179 122.7029 124.3262 116.9017 112.6410 112.1116 110.2905 156.1185 139.1187 140.3887 144.5441 136.7955 129.2478 135.6245 122.1024 123.2599 173.5281 169.5435 158.1139 153.3101 159.2482 156.4161 149.7531 154.0032 155.1580 185.6987 189.8420 179.9361 182.3870 166.9042 175.1457 167.4306 171.0000 165.1484
86.7295 74.7262 65.2534 58.6941 45.2769 36.6197 32.0156 26.9258 20.0250 82.2010 70.5762 64.7765 55.0000 45.6070 32.0000 22.0227 9.8489 0.0000 85.9069 75.5381 61.6847 55.7853 41.4849 36.2353 27.4591 27.2029 22.0000 90.8735 83.8630 73.8241 64.0703 62.9365 53.4135 48.7545 33.2415 38.0000 92.2822 92.1954 87.6926 82.8794 68.8840 61.7738 55.0364 48.8365 63.1269 110.4536 106.0754 91.2853 97.2471 82.8553 80.4114 77.6209 79.0759 75.0067 123.0691 121.2477 113.7190 108.7060 111.4854 94.3398 102.8397 100.1299 94.0000 139.8070 132.6084 133.2967 129.6187 130.9733 122.7233 117.8855 116.8418 114.0044 163.9756 146.9864 147.6482 151.2217 143.0035 135.0926 140.7302 126.7754 127.0039 181.1767 176.7767 164.9151 159.7028 165.1696 161.8054 154.8709 158.3161 159.0126 192.9171 196.8477 186.6815 188.6001 172.6963 180.3469 172.2846 175.2313 169.0118
49.0918 39.8497 40.8167 50.8035 60.8769 66.6108 77.1038 85.5862 91.2853 32.1403 30.4138 34.4093 34.1321 50.0000 55.0273 64.2884 76.2955 85.9069 0.0000 12.7279 25.0000 30.2655 44.5533 52.0096 61.0737 68.1175 84.0952 19.0263 27.7308 25.4951 35.8469 46.8722 56.3649 68.1542 76.2955 86.3481 28.2843 44.2719 50.5371 52.6972 53.1507 64.8999 68.8840 80.7775 91.7878 56.0357 58.8558 53.7122 74.7061 69.0290 79.2086 85.7030 92.9570 102.3426 71.0070 82.2010 78.5875 84.6936 92.6121 86.0233 101.6071 106.4049 113.2784 93.0054 94.8947 102.3914 107.8378 112.0089 114.5295 116.5032 120.4326 126.9055 124.0161 109.4578 118.0678 128.0625 126.5306 123.9758 135.9596 128.7012 137.0036 142.0035 143.4225 138.2787 138.4955 148.3678 150.9868 147.7329 158.3540 163.1104 158.0791 164.2468 158.1455 165.9217 156.3202 169.1892 165.4630 173.9943 171.8284
40.4475 29.1548 28.6356 38.2753 48.1664 54.0833 64.6607 73.3553 79.4796 23.7697 18.6815 21.9545 21.9317 37.4433 43.9318 53.6004 66.1891 75.5381 12.7279 0.0000 18.3576 21.5870 35.0571 43.7379 52.3450 60.4152 76.1183 29.1204 34.1321 27.8568 34.8281 46.0977 53.4135 64.3506 69.8928 80.4114 37.3363 51.2445 55.7853 56.6480 53.8238 63.6396 66.2193 76.6616 89.2020 65.3758 67.0075 59.4390 79.3788 71.5891 80.4487 85.9127 92.7631 100.6578 80.6226 90.1388 85.7088 90.2497 97.7190 89.0056 104.3168 108.1665 113.3578 102.4890 103.0776 109.7725 114.0044 117.8813 118.8486 119.8541 123.1666 128.4562 133.1841 118.0042 125.6742 134.9741 132.4387 129.0271 140.3887 131.9470 139.2839 151.3308 152.0132 145.8801 145.3444 154.7805 156.6046 152.7645 162.5608 166.8203 167.0479 173.0000 166.3009 173.4013 162.8066 175.1485 170.7630 178.6393 175.8664
53.7122 40.1622 35.2278 41.3038 45.6180 48.6004 58.0517 65.1920 69.3397 38.8330 29.1548 28.4429 18.4391 33.5410 32.4500 40.7185 51.9230 61.6847 25.0000 18.3576 0.0000 6.4031 20.2485 27.0185 36.1248 43.1856 59.1354 30.6105 28.1780 18.0278 18.9737 29.5296 35.3836 46.0435 51.9230 62.2977 35.0000 43.4166 45.0444 44.1814 38.0789 46.2277 48.1664 58.3095 71.0634 60.5392 59.9083 49.0918 66.7533 56.9210 64.4127 69.0652 75.6042 82.7587 75.6108 81.7435 76.1643 78.4092 85.1587 74.3303 89.1572 92.1792 96.2133 96.5660 94.7629 100.0450 102.4890 105.9292 105.0809 105.1095 107.8378 112.1606 126.1150 110.0273 116.0388 124.1974 120.3536 115.9526 126.5306 117.0000 123.4706 144.3607 143.6837 136.0000 134.3726 143.1363 143.9514 139.4633 148.3273 152.0855 159.2608 164.7786 157.1146 163.1104 151.1985 162.7882 157.6483 164.7695 161.4001
52.4786 38.4708 32.2800 37.0000 39.9249 42.4382 51.7397 58.7963 62.9682 38.8973 28.0179 26.0000 14.0357 27.8568 26.0768 34.5398 46.0977 55.7853 30.2655 21.5870 6.4031 0.0000 14.3178 22.2036 31.0161 38.8330 54.5894 37.0135 34.1321 23.7065 22.0227 31.3209 35.0000 44.5982 48.4665 59.0931 41.2311 48.7032 49.4975 48.0104 40.2616 46.6476 47.5079 56.4004 70.0071 66.2118 65.1460 53.6004 70.1783 59.4390 65.9242 69.8355 76.0066 82.1340 81.1542 86.4928 80.6226 82.0549 88.4590 76.6551 91.0824 93.5201 96.5194 101.8332 99.4636 104.3072 106.1179 109.3709 107.7079 107.2054 109.5628 113.1769 131.0267 114.7563 120.2664 128.0156 123.6851 118.8697 129.0310 118.9285 124.8119 149.2548 148.2228 140.0893 138.0906 146.5776 146.9728 142.2006 150.5722 154.0422 163.9177 169.3074 161.3753 167.0030 154.6351 165.8945 160.4307 167.1706 163.4901
58.6941 44.5533 36.2353 36.7696 34.0147 33.5261 41.1825 46.8615 49.8197 48.0208 36.0555 31.8904 18.6011 23.3452 13.6015 20.5913 31.7805 41.4849 44.5533 35.0571 20.2485 14.3178 0.0000 10.0000 17.4642 26.4008 41.4849 50.2494 45.2548 34.6554 28.1780 33.3766 31.7805 38.0789 37.4433 48.2597 53.1507 57.4543 56.0803 53.1601 42.1900 44.1475 42.5441 48.2701 63.2456 75.7166 73.3553 60.1664 73.5527 61.0082 64.9384 67.0522 72.2357 76.0066 90.0500 92.9731 86.4002 85.7088 91.1373 77.2334 90.4268 91.4822 92.1358 109.6586 105.6504 109.2383 109.3709 112.1116 108.4620 106.7052 108.1712 110.1363 137.5682 120.8801 124.9520 131.5485 126.0040 120.2040 129.2594 117.9025 122.3806 155.6470 153.5871 144.2567 141.2869 149.0034 148.3375 142.8986 150.0300 152.8005 169.5465 174.5451 165.8945 170.4963 157.0000 167.3619 161.1242 166.9042 162.5054
68.5930 54.4885 46.0109 45.6508 40.6079 38.0526 43.6807 47.4131 48.2701 57.9828 46.0435 41.8688 28.6007 31.3847 17.0000 18.8680 26.4197 36.2353 52.0096 43.7379 27.0185 22.2036 10.0000 0.0000 9.2195 16.7631 32.3883 54.7814 47.7074 37.5899 28.3196 29.9666 25.0200 29.1548 27.4591 38.2753 56.0803 57.3847 54.3783 50.5371 37.9473 37.0540 34.2053 38.6005 53.8516 75.8222 72.4224 58.3095 69.1231 55.7315 58.0775 59.2284 63.8905 66.7308 89.4036 90.3770 83.3847 81.2527 85.9884 71.0282 83.3847 83.7437 83.3847 107.9120 102.6937 105.3613 104.3935 106.7942 102.0196 99.6092 100.6231 101.8332 134.6291 117.7455 120.7849 126.5899 120.3370 114.0044 122.4091 110.4762 114.2847 152.5057 149.7231 139.6352 136.0662 143.2829 142.0141 136.2351 142.7060 145.1344 165.8011 170.5110 161.4094 165.3390 151.2118 161.0279 154.3924 159.6653 154.9322
74.0270 60.2163 51.2250 49.0408 41.2311 36.6742 40.1123 42.0595 41.3401 64.8460 52.7731 48.0208 35.3412 34.2053 17.4929 14.0357 17.8045 27.4591 61.0737 52.3450 36.1248 31.0161 17.4642 9.2195 0.0000 9.8995 24.0416 63.9062 56.4358 46.5188 36.6197 36.4005 28.7924 29.0689 22.0227 32.5269 64.8845 65.0692 61.2209 56.8595 43.4166 39.6232 35.0000 35.8469 51.6236 83.4386 79.5110 65.0000 73.7360 59.7746 60.2993 60.0750 63.7887 64.6220 96.5401 96.2549 89.0056 85.7030 89.7385 73.8241 85.0059 84.3801 82.2800 114.2804 108.2266 110.1363 108.1712 110.2180 104.2353 101.0198 101.4002 101.4150 140.0357 123.0650 125.2278 130.2690 123.3207 116.4302 124.0040 111.3643 114.1403 157.6991 154.3243 143.5862 139.4453 146.1130 144.1700 138.0036 143.5897 145.5232 170.4611 174.9085 165.4207 168.6891 153.9415 163.1104 156.0128 160.6113 155.4252
83.8689 70.0000 61.0737 58.8982 50.5371 45.2217 47.1699 47.3814 44.5982 74.3034 62.2656 57.6888 44.7772 44.0454 27.2029 21.8403 19.3132 27.2029 68.1175 60.4152 43.1856 38.8330 26.4008 16.7631 9.8995 0.0000 16.0000 68.6586 59.8080 50.6952 39.5601 36.4005 26.2488 22.5610 12.2066 22.6274 68.3520 66.0303 60.8769 55.8659 41.7732 34.9285 28.8617 26.9258 42.7200 84.0238 79.2465 64.3506 70.2353 55.9017 54.5711 53.1507 56.0803 55.6597 96.1769 94.0479 86.5332 81.8596 85.0941 68.4105 78.4092 77.0065 73.7564 112.6144 105.4751 106.4519 103.4070 105.0809 98.0051 94.1329 94.0213 93.2148 136.9525 119.9542 121.0785 125.2837 117.6860 110.3177 117.1537 104.0192 106.0660 154.2887 150.2332 138.8272 134.1231 140.2462 137.7135 131.2440 136.1323 137.7135 166.3881 170.5315 160.6549 163.2483 147.9595 156.5407 149.0839 153.1600 147.6652
96.7988 83.3547 74.0945 70.2922 59.5483 52.4309 51.0784 48.0521 42.0119 88.6397 76.5572 71.5542 59.2368 55.6058 38.8330 30.4138 20.1246 22.0000 84.0952 76.1183 59.1354 54.5894 41.4849 32.3883 24.0416 16.0000 0.0000 84.3445 75.0000 66.2873 54.8179 50.0899 38.5876 30.4138 13.4536 16.0000 83.5225 79.6492 73.4983 68.0074 53.8238 43.8634 36.2353 27.5136 41.1947 97.0979 91.6079 76.6094 79.0253 64.6607 60.4152 56.6480 57.4891 53.0094 108.2312 104.0625 96.3328 89.8721 91.7878 74.2428 81.6088 78.4474 72.0000 123.0691 114.6342 114.2804 109.5673 110.5712 101.5332 96.3172 95.0368 92.0054 145.3410 128.4562 128.0156 130.7823 122.0901 113.8859 119.0504 104.9381 105.0048 162.0771 157.0032 144.5856 138.9280 143.9618 140.2462 133.1803 136.3672 137.0146 173.0809 176.7060 166.2348 167.6007 151.3803 158.6726 150.4726 153.2645 147.0136
68.0294 58.0517 57.5847 66.6408 74.4043 78.5684 88.3912 95.7758 99.8649 51.0392 47.8017 50.6952 46.4004 62.6259 63.0079 70.8308 81.0247 90.8735 19.0263 29.1204 30.6105 37.0135 50.2494 54.7814 63.9062 68.6586 84.3445 0.0000 12.5300 18.1108 30.0167 38.6394 50.2494 62.3939 74.1687 83.0060 9.4868 26.4197 34.0588 37.5366 42.1545 55.6597 61.3922 74.8131 83.1685 37.0135 40.0250 36.6197 58.0086 54.6717 66.0303 73.5731 81.1234 92.1954 52.0384 63.3482 60.0833 67.1193 75.2928 70.7248 86.3134 92.0217 100.6876 74.0270 75.9539 83.6780 89.6939 94.0213 97.6371 100.4241 104.8904 112.4856 105.0048 90.4489 99.2472 109.4806 108.4620 106.4707 118.8486 112.6144 121.7539 123.0163 124.4026 119.4362 119.9208 129.9731 133.0150 130.1422 141.3153 146.4411 139.0575 145.2205 139.1690 147.0918 137.8768 150.9868 147.6482 156.5886 154.8709
74.5453 63.0000 60.6712 68.4105 73.7902 76.5506 85.6037 92.0217 94.9210 57.7062 52.0384 53.6004 46.2385 61.7171 58.7282 65.2993 74.0945 83.8630 27.7308 34.1321 28.1780 34.1321 45.2548 47.7074 56.4358 59.8080 75.0000 12.5300 0.0000 10.6301 20.2485 27.0185 39.0128 51.0098 63.9531 72.1734 8.5440 17.1172 22.8254 25.4951 29.7321 43.4166 49.4975 63.1981 70.8802 32.5730 33.0606 26.0000 47.0106 42.4500 53.6004 61.0574 68.6003 79.7057 47.8017 56.0357 51.6236 57.0088 64.8845 58.8982 74.5185 79.9062 88.2326 69.2315 69.0072 75.6637 80.3617 84.4334 86.8332 89.0505 93.2363 100.4092 99.5038 84.0238 91.5478 101.0000 98.9798 96.2549 108.2405 101.2571 109.9864 117.7200 118.0042 111.7587 111.4002 121.0372 123.3694 120.0167 130.6484 135.4843 133.1841 139.0324 132.1855 139.3018 129.0310 141.6827 137.7861 146.2635 144.1388
67.9117 55.4437 52.0384 59.0339 63.5610 66.0379 75.0000 81.3941 84.3860 51.5461 44.2832 45.0111 36.4005 51.4782 48.1041 54.8179 64.0078 73.8241 25.4951 27.8568 18.0278 23.7065 34.6554 37.5899 46.5188 50.6952 66.2873 18.1108 10.6301 0.0000 12.0416 21.9317 32.7567 44.9110 56.0803 65.0692 18.6011 25.4951 28.2843 28.7924 27.6586 39.8246 44.5982 57.4891 67.1193 42.5441 41.9762 32.1403 51.5461 44.1022 53.8145 60.2080 67.4759 77.1751 57.5847 64.1950 59.0085 62.5859 69.9214 61.4003 76.8505 81.2158 87.7838 78.5875 77.2334 83.0542 86.4928 90.2441 91.0000 92.1792 95.7183 101.6710 108.3421 92.4392 99.0454 107.7868 104.7855 101.1929 112.5389 104.3168 112.0714 126.5899 126.2537 119.1512 118.0889 127.2831 128.8449 124.9200 134.7368 139.0863 141.6933 147.3397 140.0000 146.4923 135.3292 147.4619 142.9405 150.7846 148.0709
72.6154 59.1354 53.9351 59.0085 60.6383 61.4654 69.3542 74.6324 76.4199 57.3062 48.1041 47.2969 36.0555 48.8365 41.6773 46.7547 54.4059 64.0703 35.8469 34.8281 18.9737 22.0227 28.1780 28.3196 36.6197 39.5601 54.8179 30.0167 20.2485 12.0416 0.0000 11.3137 20.8806 32.9848 44.1814 53.0377 28.7924 29.4109 28.1603 26.0768 19.2354 29.2062 33.1059 45.6070 55.9464 47.8017 45.1774 32.2800 48.1664 37.9473 45.7930 51.0882 58.0000 66.6108 61.9112 65.2534 59.0339 60.0333 66.4831 55.3624 70.2638 73.5731 78.5684 81.5414 78.1025 82.4924 84.0952 87.3670 86.1278 86.1626 89.0000 93.7443 109.8954 93.3916 98.4124 106.0047 101.7104 97.0824 107.5639 98.0867 104.8094 128.0625 126.5899 118.1524 116.0689 124.5793 125.1319 120.5404 129.3561 133.1540 142.3938 147.6482 139.5170 145.0000 132.6386 144.0139 138.7408 145.7978 142.4430
83.1925 69.4622 63.6003 67.6018 67.2681 66.7083 73.3894 77.3692 77.6660 68.2642 58.6003 57.2451 45.1221 56.0089 45.8803 48.7647 53.8145 62.9365 46.8722 46.0977 29.5296 31.3209 33.3766 29.9666 36.4005 36.4005 50.0899 38.6394 27.0185 21.9317 11.3137 0.0000 12.1655 24.0000 37.9473 45.3982 35.0571 29.6816 24.8395 20.5913 9.0554 18.0278 22.8035 36.2215 45.1885 47.6340 43.1856 28.6007 40.1995 28.2843 34.8855 39.8246 46.6905 55.4707 60.2080 60.4152 53.4883 52.3450 58.0000 45.3542 59.8080 62.6498 67.2681 78.0320 72.8011 75.9276 76.1052 79.0000 76.4853 75.8947 78.3901 82.6801 104.7521 87.9204 91.5915 98.2497 93.0860 87.8237 97.7446 87.6641 93.9415 122.7029 120.3038 110.8873 108.0740 116.0689 115.9741 111.0045 119.2518 122.7762 136.3085 141.2232 132.5179 137.2334 124.1008 134.9518 129.2478 135.8565 132.1893
87.3670 73.2462 66.1891 68.3081 65.2763 63.0714 68.2495 70.8378 69.7711 73.7564 63.0079 60.5392 47.4131 55.1090 42.0119 42.4500 44.9444 53.4135 56.3649 53.4135 35.3836 35.0000 31.7805 25.0200 28.7924 26.2488 38.5876 50.2494 39.0128 32.7567 20.8806 12.1655 0.0000 12.1655 26.0000 33.2415 47.1699 41.1461 35.0000 29.7321 15.5563 12.3693 12.8062 24.7386 35.8050 58.5235 53.2635 38.2884 44.9444 31.0483 33.2415 35.4683 41.1825 47.3814 70.0928 67.9559 60.5392 56.9210 61.1882 46.0109 58.6941 59.7746 61.5873 86.4002 79.6492 81.3449 79.6241 81.8841 77.0584 74.9667 76.4003 78.7909 111.3598 94.3716 96.4624 101.7890 95.3362 89.0000 97.6217 86.1220 90.8240 128.9496 125.5428 114.9783 111.1575 118.2709 117.0385 111.3643 118.2582 121.0372 141.6757 146.1643 136.7955 140.4315 126.1943 136.0588 129.5569 135.1481 130.7287
96.0469 81.8352 74.0608 74.6860 69.3758 65.6201 69.0072 69.8713 67.0522 83.4506 72.1803 69.0290 55.6058 60.5392 45.3542 43.0116 41.7612 48.7545 68.1542 64.3506 46.0435 44.5982 38.0789 29.1548 29.0689 22.5610 30.4138 62.3939 51.0098 44.9110 32.9848 24.0000 12.1655 0.0000 16.9706 21.8403 59.0339 51.5461 44.2832 38.4708 24.6982 13.4536 6.3246 12.6491 25.4951 67.9779 61.9112 47.0106 48.8262 34.4093 32.0156 31.0161 34.9285 38.0132 78.2368 73.6614 65.9469 60.0333 62.7694 45.8803 56.0803 55.3263 54.2310 92.6553 84.4038 84.5991 80.9938 82.5651 75.5381 72.0000 72.3395 72.8011 115.4340 98.4784 98.8989 102.7862 95.1262 87.8237 95.0053 82.2982 85.3756 132.4840 128.0352 116.3787 111.5706 117.7115 115.3516 109.0413 114.5295 116.5590 144.1804 148.1891 138.1919 140.6876 125.4472 134.2386 127.0000 131.5485 126.4358
95.6713 81.6884 72.9178 71.0634 62.6498 57.0088 58.0517 57.0088 52.6118 85.4400 73.4983 69.2026 56.0357 56.2228 39.4081 33.6155 28.0000 33.2415 76.2955 69.8928 51.9230 48.4665 37.4433 27.4591 22.0227 12.2066 13.4536 74.1687 63.9531 56.0803 44.1814 37.9473 26.0000 16.9706 0.0000 10.8167 72.3671 67.1193 60.5392 54.9181 40.8167 30.4138 22.8035 16.0000 31.4006 84.2200 78.4920 63.5138 65.6049 51.2250 47.4236 44.3847 46.1736 44.1475 95.0000 90.6091 82.8794 76.5506 78.7147 61.3270 69.6348 67.2681 62.6498 109.6221 101.2126 101.0198 96.6644 97.8621 89.4986 84.8528 84.1487 82.3893 132.0189 115.1086 114.9478 118.1059 109.7679 101.8676 107.7868 94.1329 95.3362 148.8624 144.0035 131.8484 126.4911 131.9394 128.7245 121.9262 126.0040 127.1928 160.1125 163.8780 153.5741 155.3609 139.4884 147.3635 139.5170 143.0000 137.1787
106.4049 92.4554 83.6301 81.4678 72.4017 66.1891 66.0984 63.7887 58.0086 96.2549 84.3149 80.0000 66.8506 66.6033 49.6790 43.0465 35.1710 38.0000 86.3481 80.4114 62.2977 59.0931 48.2597 38.2753 32.5269 22.6274 16.0000 83.0060 72.1734 65.0692 53.0377 45.3982 33.2415 21.8403 10.8167 0.0000 80.3990 73.3757 65.9242 60.0083 46.4866 34.0000 25.9422 13.4536 25.3180 89.5545 83.1865 68.4471 67.2086 53.2635 47.0106 42.0595 42.0595 37.0135 99.1262 92.8493 85.0412 77.2334 78.2368 60.4649 66.4831 62.8172 56.0000 112.0446 102.5524 101.2126 95.5249 96.1769 86.3771 80.7775 79.2465 76.0066 132.4387 115.7454 114.2804 116.2755 107.1541 98.6813 103.3683 89.1067 89.0056 148.6910 143.0315 130.1422 124.0846 128.7051 124.6635 117.4777 120.4159 121.0165 159.0126 162.3607 151.6377 152.5057 136.0147 142.9720 134.6477 137.2953 131.0153
77.0065 66.4831 65.2534 73.7360 80.2621 83.6002 92.9570 99.7046 102.9417 60.0083 55.9017 58.2409 52.3546 68.2642 66.4831 73.4098 82.4924 92.2822 28.2843 37.3363 35.0000 41.2311 53.1507 56.0803 64.8845 68.3520 83.5225 9.4868 8.5440 18.6011 28.7924 35.0571 47.1699 59.0339 72.3671 80.3990 0.0000 17.2047 25.4951 29.6816 36.6742 50.6360 57.1402 71.0282 77.8781 28.0713 30.5941 27.6586 49.0408 46.8722 58.6686 66.6408 74.2496 86.0349 43.2897 53.9351 50.5964 57.8014 66.0379 62.2896 77.7946 83.8689 93.2952 65.1920 66.6108 74.2159 80.2309 84.5813 88.4816 91.5478 96.2081 104.2353 96.0208 81.2219 89.8220 100.0000 99.0051 97.1288 109.6038 103.7111 113.1459 114.1096 115.2128 110.0227 110.4400 120.4865 123.5678 120.7684 132.0757 137.3062 130.0038 136.0919 129.8692 137.6735 128.3900 141.5097 138.2245 147.2481 145.6468
91.6624 80.0250 77.3175 84.5281 88.6002 90.3383 98.6154 104.0433 105.6456 74.8131 69.0000 70.2567 61.8466 76.5506 71.0211 76.0592 82.8070 92.1954 44.2719 51.2445 43.4166 48.7032 57.4543 57.3847 65.0692 66.0303 79.6492 26.4197 17.1172 25.4951 29.4109 29.6816 41.1461 51.5461 67.1193 73.3757 17.2047 0.0000 9.4868 15.1327 26.9258 40.4475 48.0521 62.1691 66.0681 18.4391 16.4924 10.6301 31.8904 31.3847 43.6578 52.2015 59.7746 72.5672 32.6497 39.0000 34.5254 40.7063 48.8774 45.6070 60.9590 67.4240 77.8203 53.1601 52.0096 58.5491 63.5689 67.7791 71.2811 74.4110 79.1960 87.6185 82.8734 67.1193 74.4312 83.9524 82.2800 80.0625 92.4392 86.5563 96.1769 101.1187 101.0445 94.6414 94.3663 104.1201 106.7755 103.7545 114.9087 120.1041 116.3486 122.1024 115.1086 122.1884 112.0893 124.9200 121.3342 130.1768 128.4718
96.1041 83.7257 80.0250 86.2844 88.7694 89.5377 97.0824 101.7104 102.4158 79.5550 72.5603 73.0616 63.2851 76.9025 69.3542 73.2462 78.6448 87.6926 50.5371 55.7853 45.0444 49.4975 56.0803 54.3783 61.2209 60.8769 73.4983 34.0588 22.8254 28.2843 28.1603 24.8395 35.0000 44.2832 60.5392 65.9242 25.4951 9.4868 0.0000 6.0828 19.7231 32.2800 40.1622 54.1202 57.0000 23.7065 18.3848 4.1231 24.1868 21.9317 34.1760 42.7200 50.2892 63.1506 35.3836 37.1080 31.1448 34.4819 42.1545 36.7967 52.3259 58.4123 68.4251 53.6656 50.0100 55.0091 58.2495 62.0967 64.0078 66.4003 70.8378 78.7464 81.7435 65.3070 71.0070 79.5110 76.6551 73.5391 85.4225 78.6003 87.7268 99.9250 98.7320 91.0220 89.8053 99.0404 100.8811 97.3088 107.8239 112.6810 114.4246 119.8207 112.0714 118.2709 107.0794 119.3692 115.1694 123.4828 121.3136
96.5660 83.7437 79.4040 85.0059 86.4928 86.6833 93.7763 97.9490 98.1835 80.3243 72.5672 72.5603 62.0000 74.8131 66.1287 69.3542 74.0270 82.8794 52.6972 56.6480 44.1814 48.0104 53.1601 50.5371 56.8595 55.8659 68.0074 37.5366 25.4951 28.7924 26.0768 20.5913 29.7321 38.4708 54.9181 60.0083 29.6816 15.1327 6.0828 0.0000 14.2127 26.2488 34.1760 48.0833 51.0098 29.5466 23.6008 8.6023 22.8035 17.2047 29.0689 37.3363 44.9444 57.4891 40.3609 39.9249 33.2415 34.2345 41.2311 33.4215 49.0408 54.4885 63.6318 57.4543 52.4976 56.4358 58.3095 61.8142 62.2415 63.8122 67.8012 74.9667 84.4334 67.7200 72.3395 80.0562 76.2955 72.4224 83.7735 76.0066 84.5044 102.4890 100.6231 92.0869 90.1998 98.9949 100.1699 96.1353 106.0236 110.5351 116.4989 121.6553 113.4416 119.0168 107.0561 118.8781 114.1797 122.0041 119.4069
91.7878 78.1857 72.5328 76.6551 76.1643 75.3127 81.6088 85.0882 84.7231 76.5376 67.2309 66.0984 54.1295 65.0000 54.3415 56.4624 60.2163 68.8840 53.1507 53.8238 38.0789 40.2616 42.1900 37.9473 43.4166 41.7732 53.8238 42.1545 29.7321 27.6586 19.2354 9.0554 15.5563 24.6982 40.8167 46.4866 36.6742 26.9258 19.7231 14.2127 0.0000 14.0357 21.2132 35.3553 41.2311 43.4166 37.8021 22.8035 31.4006 19.2354 26.6271 32.5576 39.8246 50.0899 54.5619 52.8394 45.6180 43.5660 49.0102 36.4005 51.0784 54.3783 60.1415 71.0282 64.8845 67.4463 67.1863 70.0071 67.4685 67.0671 69.7782 74.6324 96.7729 79.8499 82.9759 89.3588 84.0536 78.7718 88.7694 78.9240 85.5862 114.5862 111.8258 102.1078 99.1262 107.0420 106.9205 101.9804 110.3676 114.0175 127.8828 132.6725 123.7942 128.3160 115.0695 125.8968 120.2206 126.9212 123.3694
99.1262 85.0882 78.2943 80.6536 77.5242 75.0000 79.6304 81.4923 79.4796 85.0000 74.6257 72.4707 59.5063 67.4685 54.0370 53.6004 54.2310 61.7738 64.8999 63.6396 46.2277 46.6476 44.1475 37.0540 39.6232 34.9285 43.8634 55.6597 43.4166 39.8246 29.2062 18.0278 12.3693 13.4536 30.4138 34.0000 50.6360 40.4475 32.2800 26.2488 14.0357 0.0000 8.0623 21.8403 27.5136 55.7136 49.1935 34.5398 35.5106 21.0950 21.0238 23.2594 29.4109 37.4433 65.1920 60.2080 52.4976 46.9574 50.2892 34.2345 46.3897 47.4342 50.0000 79.2086 71.0282 71.5542 68.6804 70.6116 65.0000 62.6498 64.0312 66.6408 102.2155 85.2350 86.1626 90.7083 83.7257 77.0584 85.3756 73.7564 78.5493 119.4194 115.3170 104.1201 99.8248 106.5692 105.0000 99.1817 105.9056 108.6692 131.4724 135.6798 125.9603 129.0659 114.4378 124.0040 117.3456 122.8088 118.3596
99.6243 85.4459 78.0320 79.3095 74.7329 71.3442 75.0600 76.1183 73.3757 86.3713 75.4321 72.6705 59.3633 65.4599 50.8035 49.0102 48.0833 55.0364 68.8840 66.2193 48.1664 47.5079 42.5441 34.2053 35.0000 28.8617 36.2353 61.3922 49.4975 44.5982 33.1059 22.8035 12.8062 6.3246 22.8035 25.9422 57.1402 48.0521 40.1622 34.1760 21.2132 8.0623 0.0000 14.1421 23.0217 63.6946 57.2451 42.5441 42.8019 28.4253 25.7099 25.1794 29.7321 34.6554 73.2462 67.8970 60.1415 53.8516 56.4624 39.5601 50.0100 49.6488 49.6488 86.9770 78.4092 78.3901 74.6726 76.2430 69.3542 66.0303 66.6108 67.6757 109.2932 92.3580 92.6121 96.4624 88.8426 81.6149 89.0056 76.5310 80.0812 126.2696 121.7415 110.0545 105.2616 111.4630 109.2245 103.0049 108.7796 111.0045 137.8840 141.8732 131.8674 134.3912 119.2183 128.1405 121.0165 125.7816 120.8387
106.8878 92.6984 84.5044 84.0595 77.0779 72.1249 73.8241 73.0068 68.4690 95.0158 83.4865 79.9312 66.4831 69.4622 53.2259 48.7647 44.0000 48.8365 80.7775 76.6616 58.3095 56.4004 48.2701 38.6005 35.8469 26.9258 27.5136 74.8131 63.1981 57.4891 45.6070 36.2215 24.7386 12.6491 16.0000 13.4536 71.0282 62.1691 54.1202 48.0833 35.3553 21.8403 14.1421 0.0000 15.8114 77.4919 70.7743 56.3028 53.8145 40.0000 33.6006 29.1548 30.2655 28.7924 86.3539 79.5110 71.7008 63.7809 64.8999 47.1699 54.1202 51.3517 46.8722 98.7168 89.1067 87.8009 82.3650 83.1925 74.0405 69.0507 68.1836 66.4831 119.0168 102.3035 101.0198 103.3683 94.5780 86.4002 91.9239 78.1601 79.4040 135.3514 129.8653 117.2007 111.4271 116.4818 112.9690 106.0660 110.0045 111.2205 145.8904 149.3720 138.7984 140.0893 123.9395 131.5295 123.5840 127.0000 121.2023
121.5113 107.2986 99.4032 99.4786 92.8493 87.9318 89.4427 88.2043 83.0542 108.8944 97.6729 94.4934 81.0555 85.0000 68.9420 64.5600 59.2115 63.1269 91.7878 89.2020 71.0634 70.0071 63.2456 53.8516 51.6236 42.7200 41.1947 83.1685 70.8802 67.1193 55.9464 45.1885 35.8050 25.4951 31.4006 25.3180 77.8781 66.0681 57.0000 51.0098 41.2311 27.5136 23.0217 15.8114 0.0000 78.7718 71.1969 58.1378 49.6588 38.0789 27.7308 20.0000 17.4929 13.0000 85.0706 75.1798 67.5352 57.4282 56.5862 39.0512 42.0595 37.6431 31.2570 94.1541 83.0060 79.9312 72.6223 72.6705 61.7414 55.6597 53.9351 51.0882 111.0180 94.8472 91.6788 92.4392 82.7345 73.9256 78.1025 63.7887 64.0703 126.3725 119.8541 106.3297 99.7296 103.8171 99.4585 92.1954 95.1893 96.0208 135.6245 138.5713 127.5343 127.7693 111.0000 117.6860 109.3298 112.1116 106.0189
105.0048 94.5304 92.9624 100.9604 106.1037 108.3005 116.8118 122.4132 124.0846 88.0057 83.8630 85.9069 78.7718 94.0213 89.3085 94.4934 101.1385 110.4536 56.0357 65.3758 60.5392 66.2118 75.7166 75.8222 83.4386 84.0238 97.0979 37.0135 32.5730 42.5441 47.8017 47.6340 58.5235 67.9779 84.2200 89.5545 28.0713 18.4391 23.7065 29.5466 43.4166 55.7136 63.6946 77.4919 78.7718 0.0000 8.2462 21.1896 34.4819 41.0488 53.0094 62.0081 69.1158 83.0060 15.2971 27.7308 26.9072 38.0132 46.4004 50.0000 63.5610 71.5122 84.4038 37.1214 39.5601 48.3322 56.6127 61.4003 68.7677 74.0608 79.9250 90.3383 68.0000 53.6004 63.2456 74.3236 75.1665 75.1665 88.4590 85.6037 96.7988 86.0523 87.4643 83.2406 84.6936 95.2733 99.6444 98.0051 110.6345 116.7262 102.0441 108.2266 102.4207 110.8603 102.9563 116.7262 114.5862 124.6194 124.1974
107.2287 96.0208 93.6483 101.0000 105.0048 106.5129 114.5295 119.5701 120.6027 90.2718 85.0941 86.5794 78.3390 92.9731 86.8332 91.2634 97.0000 106.0754 58.8558 67.0075 59.9083 65.1460 73.3553 72.4224 79.5110 79.2465 91.6079 40.0250 33.0606 41.9762 45.1774 43.1856 53.2635 61.9112 78.4920 83.1865 30.5941 16.4924 18.3848 23.6008 37.8021 49.1935 57.2451 70.7743 71.1969 8.2462 0.0000 15.0000 26.2488 33.2415 45.0111 54.0093 61.0328 75.0067 17.0294 23.3452 20.5913 30.4795 38.9487 41.7612 55.4617 63.3246 76.1577 36.6879 36.1248 43.6807 50.6063 55.2268 61.5224 66.4003 72.1110 82.2982 66.4831 51.0000 59.2284 69.5701 69.3542 68.6003 81.6884 78.1025 89.0505 84.7172 85.0059 79.4292 80.0062 90.2497 93.9415 91.8096 104.0192 109.8772 100.1249 106.0047 99.4082 107.0794 98.0816 111.4854 108.7842 118.4314 117.6138
99.8248 87.5728 84.0060 90.3549 92.8924 93.6376 101.1336 105.6788 106.2544 83.1986 76.4199 77.0260 67.3647 81.0247 73.4098 77.1751 82.3286 91.2853 53.7122 59.4390 49.0918 53.6004 60.1664 58.3095 65.0000 64.3506 76.6094 36.6197 26.0000 32.1403 32.2800 28.6007 38.2884 47.0106 63.5138 68.4471 27.6586 10.6301 4.1231 8.6023 22.8035 34.5398 42.5441 56.3028 58.1378 21.1896 15.0000 0.0000 21.4009 21.5870 33.9559 42.7551 50.2195 63.5059 31.8277 32.9848 27.0740 31.0161 38.9102 35.0000 50.3289 56.8595 67.6240 49.6488 45.8912 51.0000 54.5711 58.5235 61.0574 63.8905 68.5930 77.0065 77.6209 61.1882 67.0000 75.6637 73.0821 70.2638 82.3650 76.0592 85.5628 95.8019 94.6414 87.0517 85.9884 95.3415 97.4064 94.0213 104.8094 109.8362 110.3177 115.7325 108.0417 114.3547 103.3683 115.8016 111.7900 120.3038 118.3385
