0.0000 1134.3465 421.2665 359.2869 521.0003 626.7391 698.3522 55.3599 498.5140 547.1818 588.5660 324.6446 232.4183 278.4895 129.5575 758.8961 735.8483 87.7294 834.1831 516.2490 256.8389 551.1911 1050.0764 759.2498 824.8829 512.1814 655.6632 803.3188 913.7442 445.7452 878.2772 390.5600 519.9190 657.4642 957.1095 501.6858 817.3693 798.0857 846.6372 767.6645 600.9763 734.0512 791.1716 866.3667 786.7707 752.7120 546.3228 377.3278 259.8524 748.8634 240.9303 694.2253 591.0210 824.7687 866.0972 746.2937 573.7846 969.5462 814.2635 21.6600 565.7969 93.6995 159.0749 370.1747 315.2423 837.9755 182.5573 213.7729 102.9190 840.5635 130.7224 784.2254 756.0842 525.9771 281.3679 874.3908 821.2095 478.1662 585.7551 374.6884 402.8107 287.7103 244.2900 929.5846 294.6214 172.5416 172.4998 925.2022 1149.5788 219.3881 311.4092 668.9492 864.6011 693.8678 795.0526 886.3857 166.2945 766.4439 543.5959 820.0472
1134.3465 0.0000 807.3109 953.3741 759.3180 603.3254 752.5017 1099.0533 1007.9981 758.9754 641.4744 1073.3677 928.1486 1088.2336 1047.7424 378.4294 924.2195 1207.9074 730.5826 915.3347 997.2199 824.5782 87.3979 872.8405 870.4337 967.2492 763.1637 611.9498 371.7431 952.7205 273.5584 970.9673 799.4270 725.3912 317.1902 642.2982 640.4659 890.7927 541.5930 725.2771 817.2116 809.6363 842.2675 341.8576 354.9665 759.8169 600.7325 1005.5191 965.3395 763.1394 1014.7224 471.7246 599.9602 827.5301 645.1571 736.4043 560.7198 307.5509 497.9242 1118.5112 715.8479 1158.5223 1025.7450 765.3691 948.6754 352.6751 987.6183 1123.5307 1038.2060 972.3925 1208.1250 953.9767 788.0171 929.8448 981.1423 368.7681 538.1868 914.7316 646.3341 932.1231 865.4522 1011.5356 1045.1646 237.0632 1049.2197 1022.8801 1145.9543 251.1309 108.1750 994.1050 862.6696 793.5587 533.2800 487.4376 509.2211 529.3030 1018.0950 414.9079 643.1134 414.4581
421.2665 807.3109 0.0000 147.2422 517.4735 222.3251 695.8344 416.2956 256.0516 129.8038 493.5636 266.2760 192.8321 282.3788 297.0538 439.7252 382.4526 463.9440 421.6609 191.7247 201.1292 601.1670 733.5444 815.6273 869.0998 230.4604 247.1080 382.0858 709.9753 596.7221 534.0202 172.4085 114.5056 638.9852 732.2639 326.0825 396.5393 425.3824 724.8054 745.4891 643.8925 760.7029 827.0556 635.2898 511.0864 345.3218 227.3250 577.8944 176.6600 342.1692 472.6235 479.5200 208.3206 431.7300 795.7646 334.2839 316.2063 581.9386 403.3406 415.9748 532.2210 400.5149 267.8609 246.5403 475.3538 467.4060 238.8852 543.0308 366.5560 491.5412 541.3697 436.4641 355.1667 210.5552 180.4012 486.1536 404.0004 162.2865 177.1026 516.6969 483.3543 206.6441 503.2614 576.5381 242.5479 257.9456 360.0667 566.8577 794.6489 431.3017 362.3035 269.6374 446.3487 322.1298 383.9881 758.7366 259.7788 397.4609 164.2369 621.7398
359.2869 953.3741 147.2422 0.0000 608.6786 359.0827 795.6270 373.6869 161.6102 224.8197 607.0832 120.3851 184.8877 144.7941 230.8283 586.9574 377.3749 376.1017 487.4099 157.0785 102.4842 682.7163 880.4255 903.9428 962.0172 160.6389 311.2257 482.5986 850.1762 647.9479 679.8576 42.3731 186.7259 740.6267 875.1876 447.6355 488.2961 438.8017 851.9902 851.6953 729.5946 855.2075 921.0749 777.9347 656.7173 403.5221 372.2120 611.8888 106.7951 399.2828 485.6330 617.1472 353.4613 467.7093 914.0936 401.3302 455.2682 717.6870 527.8907 361.5169 632.4638 309.2163 202.7121 338.8289 512.6604 609.9251 193.8165 529.1548 340.9158 483.7802 489.3391 427.0496 402.9485 167.8610 78.0229 623.1188 519.7327 118.8956 313.5612 564.3675 546.9763 80.0985 510.7810 721.0191 103.9808 188.1080 247.2449 710.6060 937.3162 444.4502 417.8116 317.5854 558.6770 466.7133 508.9544 887.6599 196.7538 541.3057 310.9377 759.9180
521.0003 759.3180 517.4735 608.6786 0.0000 548.1652 189.9191 467.8748 760.9095 608.4267 118.1817 680.7607 445.9447 659.7475 513.2655 462.5943 887.8424 608.7282 852.1532 708.7462 564.2044 92.9600 672.8084 298.2587 353.7829 743.1271 717.5877 751.4936 442.2856 193.4094 579.1517 649.8918 617.3452 139.9685 496.5057 225.8403 782.8559 916.0856 334.9579 253.5734 127.5679 246.5335 312.5084 427.1350 420.4539 801.0415 390.2140 251.4626 532.0445 799.8592 308.2565 294.7806 489.1991 900.7138 345.1641 780.4405 314.1857 732.4251 684.9558 499.6060 50.0207 592.5176 511.5436 273.2266 226.2309 597.7811 481.7118 409.4076 421.8146 992.9770 532.3153 941.3390 821.5985 727.3439 568.6716 661.4916 720.2810 676.5735 539.9909 186.7581 128.0143 603.0569 328.9274 631.8638 640.5979 520.1870 632.5082 637.8741 815.5108 309.7924 218.3213 750.9543 760.4276 513.0041 671.8155 374.3846 508.3209 548.3607 471.1290 360.6978
626.7391 603.3254 222.3251 359.0827 548.1652 0.0000 691.2012 611.5310 406.5261 156.7402 477.1844 479.0831 394.6271 501.3538 510.2937 267.0658 390.0211 679.1051 304.5789 314.9453 423.4233 640.9222 537.1487 826.9941 868.5149 366.9201 202.8065 208.6200 583.2108 685.6736 331.8223 371.0447 196.3981 634.8703 590.1230 322.3604 237.0309 394.2670 647.0363 722.9515 672.0694 762.8544 826.3604 499.3883 361.3033 263.0057 157.9746 691.4378 397.7273 262.9395 619.1850 383.7168 58.9909 363.1803 739.8620 239.6519 247.3551 359.9572 187.6691 617.8788 542.2967 618.0213 482.4482 336.2781 594.6809 253.1487 449.2111 709.4110 554.9045 479.2778 736.4873 437.2527 287.8554 330.8403 402.5963 264.5628 200.5448 311.6027 45.6528 618.2193 566.0341 427.2614 652.5914 367.1549 460.7307 474.4057 582.0956 355.1246 579.4533 581.9122 475.1912 239.7463 244.9698 121.3025 168.5775 673.4125 474.2455 188.6211 91.1645 509.6405
698.3522 752.5017 695.8344 795.6270 189.9191 691.2012 0.0000 643.7319 944.7852 774.7762 214.2749 870.4726 635.7863 849.6568 701.0509 539.8084 1054.4434 785.6399 994.1127 887.4985 753.9794 150.5974 672.3405 140.1548 177.6784 924.6715 876.5790 882.4007 389.1418 290.8635 635.9249 836.3121 788.6942 57.4192 447.5046 379.9828 916.1076 1075.8363 231.0261 70.7966 106.1284 72.5475 135.3155 412.3593 465.8101 952.4759 536.8534 369.1883 721.6013 951.9105 468.9682 352.5926 633.9163 1052.9670 185.7252 930.0584 444.2122 801.2235 798.7025 676.7109 163.9664 775.2251 700.5075 457.4287 387.2126 679.9096 671.3111 556.1962 602.9171 1156.2580 690.9281 1106.9937 975.4535 906.3757 758.0290 747.5031 839.7029 857.1965 691.8944 332.7083 295.5548 792.6142 481.5970 682.6280 830.3745 709.5004 819.6112 693.1963 829.1655 480.4616 406.0293 911.6888 875.5927 630.1276 788.7497 262.2229 697.5114 646.3648 625.6476 339.8710
55.3599 1099.0533 416.2956 373.6869 467.8748 611.5310 643.7319 0.0000 521.7656 545.0074 539.1262 355.7911 223.5264 311.9321 145.1521 726.3110 750.8081 141.9125 835.3900 530.2140 273.1950 496.1731 1013.9357 703.8980 769.5246 531.4025 657.6320 796.1393 867.5132 390.7144 847.6016 408.6066 521.1320 603.5145 912.2001 461.2545 812.3875 810.1774 795.6672 713.2335 545.8736 678.8330 735.8295 822.8386 748.6033 755.6669 519.3400 323.2589 269.0084 752.0389 185.8994 651.7030 571.8365 832.4283 812.7165 747.4518 538.5935 946.1696 799.0781 33.9391 513.3674 144.9242 171.3627 333.7338 259.9287 812.1969 184.1773 169.6316 61.0245 857.4569 125.5763 800.7364 761.1233 541.5475 296.1597 851.9329 809.1437 491.3547 572.5058 319.3298 348.2935 308.6994 190.8716 899.7793 322.1353 186.3227 217.2488 896.3279 1118.4873 164.1622 261.8794 673.7406 853.0604 670.3908 780.0737 835.4453 176.9718 741.2886 525.3110 774.3199
498.5140 1007.9981 256.0516 161.6102 760.9095 406.5261 944.7852 521.7656 0.0000 249.7960 747.5893 183.3782 346.4528 230.8719 376.6188 665.7465 253.2515 495.7173 420.3718 92.9826 250.5743 838.5770 943.6123 1058.2358 1114.6587 42.3120 271.7321 458.4267 958.4175 809.1260 738.1314 119.8136 210.8172 888.6951 976.1012 581.5314 452.0932 324.2792 980.6359 997.5134 884.3179 1006.9544 1073.1755 880.3512 749.3852 338.4788 473.9748 773.4395 265.0629 333.6981 646.0313 731.8598 423.8587 371.4962 1051.4066 346.5053 568.8053 739.8418 536.3351 504.6696 780.8457 430.9710 351.6052 487.9799 674.2555 655.5237 350.2152 683.6888 495.9387 348.6967 628.9381 294.5021 326.7151 80.8635 230.5063 651.9340 514.1922 99.0820 366.5932 725.6369 706.3435 213.0953 670.2602 770.9847 205.0482 336.4487 353.3006 757.6238 975.0895 605.1186 577.6616 258.4799 544.9767 526.8465 519.5360 1014.2303 347.1007 594.6816 392.9858 872.8354
547.1818 758.9754 129.8038 224.8197 608.4267 156.7402 774.7762 545.0074 249.7960 0.0000 563.4193 339.6246 321.9816 369.4317 420.2092 419.2674 279.9908 583.3839 291.8630 158.4083 309.6750 697.2119 693.8263 902.7458 951.5870 210.3005 119.4009 260.8408 724.4250 709.9654 488.3858 226.4526 41.4719 717.3579 736.7691 394.9053 271.1420 309.9962 768.1834 816.9115 735.9823 843.3689 909.1357 643.0652 507.9402 216.6100 251.4393 697.9722 292.9593 213.6990 599.1643 508.5006 180.0400 307.0118 851.4465 204.6111 351.8340 500.9929 304.9064 543.1625 614.8533 518.0203 390.5008 350.8097 595.8732 407.1116 364.7703 672.4190 496.1980 384.6100 669.6222 333.1305 228.6521 174.8031 285.5529 409.1162 294.9223 156.0973 118.3368 632.7855 592.9992 301.8494 630.4645 522.1933 328.7292 379.0786 467.0567 509.3528 730.2470 558.2477 479.1228 146.7242 334.0600 277.4087 286.3369 798.3315 382.6740 344.9840 160.4531 644.2007
588.5660 641.4744 493.5636 607.0832 118.1817 477.1844 214.2749 539.1262 747.5893 563.4193 0.0000 695.4841 467.8973 682.1535 556.3055 352.8439 842.2901 675.0398 780.6931 683.7541 581.8503 196.0807 554.8215 350.2386 391.9065 724.0032 662.9016 671.1996 336.9647 311.4588 465.2819 645.7203 579.7253 157.6881 388.1273 169.4000 704.3678 862.0380 261.2000 253.7921 209.3236 285.6746 349.5846 312.5709 303.4096 738.2028 322.6159 365.8957 547.3155 737.6358 401.6535 177.6633 419.7030 838.6935 307.4203 715.8212 230.8113 622.4563 593.3324 568.1097 80.7370 648.6691 548.4361 272.0862 324.2701 491.0959 514.0106 508.2478 485.9275 943.0221 620.1359 894.4434 761.2076 702.7976 581.1839 556.7020 632.1956 655.8498 477.7184 295.8466 230.9356 616.9800 426.9969 517.1760 656.9446 554.2681 675.6964 524.0992 697.4884 393.9362 277.3384 698.2626 669.9731 422.2596 581.9898 300.4748 543.6873 447.6557 411.8759 249.5920
324.6446 1073.3677 266.2760 120.3851 680.7607 479.0831 870.4726 355.7911 183.3782 339.6246 695.4841 0.0000 235.0422 47.9290 214.9372 705.0994 434.9488 313.3173 580.2542 232.9761 116.6563 745.7610 999.8010 968.2369 1029.2715 208.5631 411.2271 591.1154 958.3254 689.0311 799.9183 114.2602 299.4709 817.7524 986.1679 545.1655 593.1348 504.1664 948.2927 930.8563 794.7426 925.0595 989.6909 888.8671 771.5071 495.8756 487.3122 641.0177 149.1612 491.3116 504.8680 724.0751 473.6097 545.2707 1002.4884 497.9278 564.8378 836.8541 644.4193 333.9163 710.5863 249.8200 196.7473 423.3980 548.9666 730.2911 210.8149 523.8300 342.1795 532.0740 453.0964 477.7398 490.1394 234.8529 114.3062 742.6824 633.4270 204.3348 433.6534 605.9379 601.1015 78.5505 524.0714 841.3612 40.5734 182.5772 170.1744 830.9882 1057.6607 466.7332 473.2464 410.1920 670.7697 587.0042 625.7189 985.2250 195.1581 661.6746 430.4752 866.4764
232.4183 928.1486 192.8321 184.8877 445.9447 394.6271 635.7863 223.5264 346.4528 321.9816 467.8973 235.0422 0.0000 215.2270 120.6492 549.7205 546.1645 287.7770 613.2365 328.7781 118.3864 511.2916 846.9974 733.7990 794.4401 343.2365 436.4410 573.0940 755.6438 464.7387 663.0410 226.7378 300.1828 583.6121 790.5652 332.0541 588.9017 599.7203 725.9219 697.0322 560.0002 690.0235 754.7230 694.7403 594.2847 534.8129 328.6096 427.0016 88.0504 531.3638 302.5150 523.0796 361.2517 615.6934 772.7795 525.4520 377.7171 742.1424 581.9956 224.9420 477.0676 231.8949 97.6477 199.2755 328.1056 614.2261 59.4974 357.2679 174.7694 655.2512 348.8061 598.4829 542.0041 343.3939 125.7819 646.3374 588.9142 289.8100 353.3477 381.0199 368.8848 158.2583 329.3098 712.1131 194.7264 96.3027 223.0295 705.9876 933.3187 260.9496 239.8483 454.8807 632.4229 467.9657 562.7573 764.0542 90.1444 542.2835 313.3974 661.5580
278.4895 1088.2336 282.3788 144.7941 659.7475 501.3538 849.6568 311.9321 230.8719 369.4317 682.1535 47.9290 215.2270 0.0000 174.7941 715.8880 481.4839 265.4012 620.9132 275.3095 101.5691 720.6506 1012.6628 942.6729 1004.6981 254.4373 449.0225 625.4821 956.8347 656.6109 815.4834 150.5122 330.6708 798.1944 987.1739 538.2625 629.3884 550.0365 938.3280 911.7771 770.2021 901.8857 965.7897 890.0865 777.2165 536.4604 494.9413 605.3754 136.9279 531.9750 467.6076 722.4323 490.6266 589.4012 987.8026 537.2092 566.3732 860.9430 672.6241 288.6717 692.0687 201.9771 160.4792 411.0995 516.1077 749.6755 180.9168 480.9164 302.5787 579.5166 406.1207 524.9477 532.0743 278.7366 109.8450 765.8829 664.3399 244.0463 455.7024 574.2300 573.6653 76.8327 485.1528 858.7767 40.8835 147.5657 122.4372 849.2254 1077.0004 430.6868 447.7116 450.3806 702.9289 604.4573 653.6559 975.9380 160.3698 679.8385 445.6335 863.9509
129.5575 1047.7424 297.0538 230.8283 513.2655 510.2937 701.0509 145.1521 376.6188 420.2092 556.3055 214.9372 120.6492 174.7941 0.0000 669.3724 608.1126 168.8686 705.3383 387.8996 128.9462 563.6355 965.9899 783.0734 846.7451 386.7533 526.7837 678.5238 861.5537 486.7965 783.5378 264.1389 391.5275 653.2339 899.5081 438.2432 691.1540 669.3217 817.4049 766.7395 613.9216 747.4718 809.4166 804.9543 710.3445 623.5202 449.0292 432.0447 130.3649 619.6324 293.3629 632.1157 480.0916 695.2436 853.1976 617.5387 493.6585 861.5384 696.5166 130.6892 551.4632 111.2657 29.8004 302.2157 346.5211 734.6097 61.8469 309.8660 127.7961 713.8673 258.6694 657.2891 626.5987 398.3413 152.8150 765.5603 700.2933 349.4879 467.4926 405.9812 413.5079 163.5476 310.3595 832.7405 178.9214 43.0316 119.8398 826.6359 1053.9358 257.5519 295.1537 539.5177 743.0523 588.0987 677.1788 856.4714 37.5359 662.6575 432.1041 767.0935
758.8961 378.4294 439.7252 586.9574 462.5943 267.0658 539.8084 726.3110 665.7465 419.2674 352.8439 705.0994 549.7205 715.8880 669.3724 0.0000 648.2965 830.5271 512.0084 576.8519 621.9504 548.2540 298.2471 679.5322 704.9848 628.2014 463.8129 385.0110 325.8681 645.7094 124.9966 609.6366 455.6299 491.7390 325.5653 284.7063 420.6270 639.8641 424.1668 548.4590 560.9275 611.1182 665.8892 240.1260 102.2310 501.1815 223.0979 681.5427 589.2236 502.6719 662.3264 187.2315 241.9768 594.0827 530.2651 475.7689 190.4051 269.9690 278.0838 743.8954 433.2733 780.2492 647.3239 393.6422 606.9697 140.2042 609.1890 768.8726 665.2865 726.6358 840.0517 691.2950 529.3626 593.8403 607.2448 207.6950 324.6661 567.6443 300.9389 604.3185 539.0305 639.0716 694.7550 179.2862 678.0032 644.5681 768.1897 180.8157 392.7165 636.1274 505.8309 499.8979 352.1468 148.8342 274.0058 441.8919 639.6856 118.3415 277.7437 267.8776
735.8483 924.2195 382.4526 377.3749 887.8424 390.0211 1054.4434 750.8081 253.2515 279.9908 842.2901 434.9488 546.1645 481.4839 608.1126 648.2965 0.0000 743.3174 217.9847 220.6047 479.3124 975.7710 877.1028 1182.7206 1231.4401 227.3898 187.2312 314.2446 971.1680 979.1548 679.0394 345.6185 272.2523 997.0366 973.8428 674.4624 290.4947 73.5373 1035.1863 1095.2048 1015.4057 1123.2838 1188.9802 886.3576 747.3565 164.9156 524.3131 958.7385 482.1454 161.3433 845.8956 772.1509 436.9506 135.8604 1124.0716 187.8237 624.0097 624.3094 426.3968 738.7835 894.8428 677.2353 580.0802 624.9303 856.2786 585.2555 568.6522 901.9174 714.8412 109.6376 866.2979 54.0551 137.6866 209.8776 455.3221 555.8893 386.8871 259.5859 372.5715 899.0422 865.0435 449.0955 874.3536 695.5236 451.1804 565.4756 603.1711 678.6951 866.8981 804.1049 744.6995 150.2764 399.7390 499.8341 416.1427 1062.6649 574.0336 545.2066 432.5663 899.5971
87.7294 1207.9074 463.9440 376.1017 608.7282 679.1051 785.6399 141.9125 495.7173 583.3839 675.0398 313.3173 287.7770 265.4012 168.8686 830.5271 743.3174 0.0000 862.1431 528.8194 276.7622 637.9763 1124.6756 843.9093 909.7129 516.1015 684.3191 843.5046 997.8431 528.6061 947.4047 400.1024 551.8353 745.1081 1040.1231 581.9357 854.3857 809.5803 933.7520 855.0974 687.5796 820.2981 876.6522 948.3218 863.9755 778.8081 613.2584 457.4830 290.4394 774.6690 324.5268 775.6150 648.6331 843.0283 953.8259 775.1134 648.9282 1029.8513 865.0612 109.2010 653.4417 66.8955 196.8183 448.0330 401.2167 901.6815 230.4031 280.6154 189.1868 843.7896 160.6152 788.6127 779.0117 535.7120 301.9002 933.9726 867.8777 492.8995 636.1184 460.0724 490.1712 297.6046 324.0973 997.5727 292.2435 206.0044 143.6949 992.1480 1218.4759 305.8232 398.2842 693.2393 910.2875 755.6820 845.7108 973.4787 205.0092 829.7741 600.6768 903.8446
834.1831 730.5826 421.6609 487.4099 852.1532 304.5789 994.1127 835.3900 420.3718 291.8630 780.6931 580.2542 613.2365 620.9132 705.3383 512.0084 217.9847 862.1431 0.0000 347.6758 585.4209 944.7006 693.9269 1130.8657 1170.8758 381.9940 178.5546 128.8260 836.1927 980.7873 509.7741 470.8110 314.5384 938.2307 828.0571 626.5752 94.3825 165.1501 929.2372 1022.5770 976.5680 1066.1174 1128.9358 750.4689 614.2063 84.4534 462.3459 977.9068 575.3400 88.9638 887.5758 670.2374 363.2972 97.4505 1029.1836 87.9706 549.9806 424.0182 246.5989 831.7045 846.8580 795.4787 675.5612 622.3642 877.3396 415.7192 653.0669 963.9106 787.7893 242.2838 959.1844 231.7400 94.1012 348.5352 560.2560 371.1687 199.7158 376.8670 314.3696 908.4165 861.3792 567.3661 919.5357 514.6114 583.4622 662.9543 733.9091 496.5622 663.2862 847.2479 758.1827 170.6048 197.3116 376.2733 243.5891 950.7729 668.0893 395.8837 383.4668 778.5558
516.2490 915.3347 191.7247 157.0785 708.7462 314.9453 887.4985 530.2140 92.9826 158.4083 683.7541 232.9761 328.7781 275.3095 387.8996 576.8519 220.6047 528.8194 347.6758 0.0000 259.4167 791.1929 851.6324 1006.9909 1060.7857 52.0203 185.2461 371.3045 875.8954 776.9517 646.0585 128.7646 121.4001 830.5891 891.1347 515.0841 368.0869 282.0474 907.1571 936.4748 834.7241 952.4073 1018.7624 796.2378 663.1600 263.4892 393.8321 749.5670 261.5830 258.8635 630.7821 653.2233 335.7715 315.0473 983.0821 267.2578 491.5795 647.3449 444.4278 518.5851 723.9376 462.0942 359.6417 436.5318 647.8932 562.7653 348.2487 682.3779 494.7928 328.0981 646.4048 271.2343 257.1702 19.0792 235.1013 559.0358 423.9215 39.2086 276.3376 694.7579 667.7327 231.6265 658.0673 678.2872 240.0310 345.1274 392.8663 664.8114 882.1390 589.0565 542.1194 178.6497 456.3364 435.8092 427.3700 939.4481 353.5076 502.5703 308.5193 792.4796
256.8389 997.2199 201.1292 102.4842 564.2044 423.4233 753.9794 273.1950 250.5743 309.6750 581.8503 116.6563 118.3864 101.5691 128.9462 621.9504 479.3124 276.7622 585.4209 259.4167 0.0000 629.3184 919.8299 851.8211 912.6958 258.2161 407.5684 570.5122 855.7922 576.5663 725.9289 135.4125 276.0891 701.4907 886.8361 436.6937 579.4919 541.2737 837.1426 814.7429 678.1967 808.4043 873.0604 789.8867 679.3415 502.2484 399.4272 532.4827 35.3812 498.1532 399.8675 621.4682 405.1160 569.5305 888.1842 498.3518 466.7288 782.7228 603.1296 259.5159 594.5648 210.2545 101.8736 310.2191 437.4214 665.0995 101.5159 433.1233 245.4408 584.9213 387.0438 528.3465 503.2350 269.4735 25.2084 686.7792 600.5960 221.3794 378.2293 493.0557 485.4698 41.6534 422.1752 771.2023 76.3956 86.8724 159.3281 762.6960 991.1580 360.0320 357.1086 416.9449 641.5932 518.3254 583.8336 874.6353 96.7950 594.0713 358.3711 762.7261
551.1911 824.5782 601.1670 682.7163 92.9600 640.9222 150.5974 496.1731 838.5770 697.2119 196.0807 745.7610 511.2916 720.6506 563.6355 548.2540 975.7710 637.9763 944.7006 791.1929 629.3184 0.0000 739.4895 222.5106 284.0842 823.2153 807.9961 844.4535 486.0059 147.2068 661.2933 724.6094 704.2494 125.5372 543.0637 318.6899 875.7980 1005.9425 352.5277 221.3784 50.3963 184.3422 245.8662 485.2899 497.7465 892.6452 483.0124 222.4656 599.0238 891.3747 318.7820 372.5283 581.9406 992.0637 332.3882 872.3158 406.6108 818.1336 777.1308 529.5323 115.3465 631.0027 566.1619 354.7722 237.6608 685.4026 540.0419 406.0634 458.4766 1081.7733 540.3309 1029.4832 912.7969 809.5177 636.4486 750.0895 812.8890 757.7282 632.0108 182.1649 150.7776 669.5497 331.0021 712.9579 705.2306 576.4320 680.2396 720.1076 887.6454 332.1768 272.9615 840.8866 852.8094 605.1047 764.2113 389.3635 564.0195 638.3431 563.0019 414.6864
1050.0764 87.3979 733.5444 880.4255 672.8084 537.1487 672.3405 1013.9357 943.6123 693.8263 554.8215 999.8010 846.9974 1012.6628 965.9899 298.2471 877.1028 1124.6756 693.9269 851.6324 919.8299 739.4895 0.0000 796.1089 797.2551 903.6526 708.3419 570.1179 300.0557 866.2131 205.6084 900.0597 733.4481 642.9405 249.9005 555.9351 601.1259 849.3682 468.4717 648.7651 733.5801 731.6472 767.3331 260.0638 268.0187 714.5653 521.3445 918.3953 887.3264 717.5213 927.5124 384.3633 528.2304 789.3208 575.3657 690.2513 476.3059 282.7907 452.4959 1033.9362 629.8472 1076.4259 944.6448 680.4756 861.2842 294.1010 906.3660 1036.3553 953.1910 933.1853 1122.0171 910.4388 743.2506 866.9473 904.6139 323.6446 496.2444 848.4357 578.5085 844.8460 778.1569 935.8397 957.8797 181.6047 974.2115 942.2842 1066.3327 198.7512 160.8166 907.1751 775.7961 740.5351 498.0832 418.0542 461.2434 460.0843 937.0979 349.0819 569.4884 332.7375
759.2498 872.8405 815.6273 903.9428 298.2587 826.9941 140.1548 703.8980 1058.2358 902.7458 350.2386 968.2369 733.7990 942.6729 783.0734 679.5322 1182.7206 843.9093 1130.8657 1006.9909 851.8211 222.5106 796.1089 0.0000 66.0220 1041.1960 1008.0847 1020.8675 502.3951 317.4316 773.1914 945.6202 913.8414 193.2770 559.4681 510.3700 1054.2960 1207.3615 333.7342 147.5636 174.3812 68.4928 45.0485 538.3600 603.1500 1086.7446 671.0074 394.3151 821.5021 1085.9900 519.4255 492.3082 769.0838 1187.1485 247.4615 1064.8157 581.0498 939.2155 938.5921 737.7859 288.1367 843.7635 787.0217 571.2620 444.7836 819.5189 761.8753 587.5227 672.3889 1286.3185 728.2239 1235.8267 1108.9997 1025.5992 858.8927 887.2065 979.2933 974.7874 825.3453 384.7537 369.8732 892.0564 523.3782 818.6578 927.6977 797.7031 897.8889 829.8703 955.2481 540.7681 495.2077 1042.5517 1015.4810 769.5229 928.4477 354.6763 785.1865 786.5196 757.9934 467.3599
824.8829 870.4337 869.0998 962.0172 353.7829 868.5149 177.6784 769.5246 1114.6587 951.5870 391.9065 1029.2715 794.4401 1004.6981 846.7451 704.9848 1231.4401 909.7129 1170.8758 1060.7857 912.6958 284.0842 797.2551 66.0220 0.0000 1096.3595 1054.1727 1057.7198 498.7401 383.4522 791.3043 1003.4177 964.5282 234.8111 553.8269 557.1458 1091.7403 1253.4521 329.0372 157.1805 234.5760 108.5051 42.4683 544.2767 622.4779 1130.0641 714.5135 460.2274 881.8396 1129.5228 585.2762 518.9190 811.4173 1230.5560 228.8234 1107.5684 621.3045 958.2472 970.7344 803.3928 337.6228 908.9659 850.0188 626.7843 510.1488 843.8883 824.1257 653.3655 737.3226 1333.6785 794.1448 1284.1451 1153.1114 1079.5357 919.0430 911.8098 1012.8490 1029.4321 869.5704 450.2595 433.2476 952.6045 589.3957 834.2609 988.7884 860.4334 962.1815 846.5728 957.6897 606.1782 556.9868 1089.2042 1047.5225 804.1220 961.6048 343.1028 847.9879 815.7030 803.2843 475.9131
512.1814 967.2492 230.4604 160.6389 743.1271 366.9201 924.6715 531.4025 42.3120 210.3005 724.0032 208.5631 343.2365 254.4373 386.7533 628.2014 227.3898 516.1015 381.9940 52.0203 258.2161 823.2153 903.6526 1041.1960 1096.3595 0.0000 229.7752 416.5179 924.9300 800.9640 698.0786 122.8397 172.5723 868.1256 941.1508 556.3930 410.7927 295.6600 952.2069 975.5556 867.9356 988.2492 1054.5826 845.8974 713.6012 299.2207 441.5268 769.0886 267.3203 294.4656 645.3759 700.4888 386.7522 338.1364 1025.7388 306.1676 538.0604 697.7210 494.0794 516.6706 760.7594 450.2272 360.0851 469.9412 668.5540 614.6422 354.1669 689.4419 501.1699 328.8066 642.9032 272.9475 288.9469 38.5656 235.8342 610.1199 471.9029 68.2670 328.0007 717.9398 694.9749 224.4742 671.0591 730.1924 223.8730 345.0836 375.8214 716.6452 933.3634 603.9793 567.4325 217.7286 502.8583 487.7057 477.3297 985.1120 354.8074 554.5903 358.0126 840.5713
655.6632 763.1637 247.1080 311.2257 717.5877 202.8065 876.5790 657.6320 271.7321 119.4009 662.9016 411.2271 436.4410 449.0225 526.7837 463.8129 187.2312 684.3191 178.5546 185.2461 407.5684 807.9961 708.3419 1008.0847 1054.1727 229.7752 0.0000 186.7467 784.8593 827.2405 505.3759 298.5946 136.5085 819.3616 789.1841 497.7388 183.0680 199.3220 848.4806 914.1477 844.7312 946.6797 1011.7289 700.3922 561.5929 98.4205 341.4843 816.9349 396.8166 95.1181 718.3817 585.2794 250.6892 188.1540 938.7434 90.8766 439.9002 477.5844 272.3071 653.3633 720.0737 617.8003 497.0069 467.2542 714.9723 414.2418 474.8013 790.0324 611.2063 280.7207 781.0279 235.4380 109.3134 191.9441 382.4684 396.4478 244.6672 207.2216 187.2543 750.9694 709.4661 391.3209 749.5363 528.4283 410.2465 484.4146 558.4405 512.8768 718.0966 677.3687 597.7410 36.9686 273.4454 314.9803 257.5366 875.6191 489.5399 366.2311 251.0268 712.4299
803.3188 611.9498 382.0858 482.5986 751.4936 208.6200 882.4007 796.1393 458.4267 260.8408 671.1996 591.1154 573.0940 625.4821 678.5238 385.0110 314.2446 843.5046 128.8260 371.3045 570.5122 844.4535 570.1179 1020.8675 1057.7198 416.5179 186.7467 0.0000 708.0602 894.1482 381.7943 476.9801 296.1287 827.6071 699.2826 526.2182 35.6267 279.4742 805.3040 906.6965 872.8225 954.8344 1016.2263 622.4274 487.0052 149.3959 363.0899 899.6389 553.1580 153.1568 822.7125 549.3069 266.3157 220.1064 907.2406 128.0067 441.2305 310.0655 118.8133 797.5936 741.4047 778.5113 649.0442 543.6447 802.0896 287.4214 620.9674 908.3129 743.2336 363.1290 921.6660 342.0283 176.7997 378.6565 546.3252 246.4757 74.0010 389.9129 233.4646 826.7516 774.5504 561.2998 855.7732 389.3664 585.4046 638.2834 727.4592 371.6524 552.6853 784.2135 682.3713 204.0144 88.7973 255.2418 114.7768 825.5729 641.0642 267.9250 297.7571 652.4526
913.7442 371.7431 709.9753 850.1762 442.2856 583.2108 389.1418 867.5132 958.4175 724.4250 336.9647 958.3254 755.6438 956.8347 861.5537 325.8681 971.1680 997.8431 836.1927 875.8954 855.7922 486.0059 300.0557 502.3951 498.7401 924.9300 784.8593 708.0602 0.0000 627.6682 350.2180 881.2764 755.7625 371.6620 58.4006 424.0284 743.4911 965.4310 169.8604 355.0702 467.7218 440.9659 470.7285 85.8159 224.4131 826.9254 484.7051 692.9420 820.4926 828.3438 738.5879 234.4384 545.0638 919.8236 275.3120 801.5347 394.9254 508.0957 595.4392 894.2841 393.0249 963.4468 847.6785 559.5669 660.8989 432.3326 810.1675 845.1081 810.9907 1052.1699 955.4822 1015.6384 855.0001 894.1534 848.0296 494.1967 643.2289 859.4721 609.4219 628.4299 565.7777 883.3740 763.8434 376.7935 924.3743 850.1422 976.6219 393.1820 460.8711 729.5610 607.2030 821.5067 664.2980 472.0422 594.5103 160.2942 841.5266 440.3090 567.4119 94.4686
445.7452 952.7205 596.7221 647.9479 193.4094 685.6736 290.8635 390.7144 809.1260 709.9654 311.4588 689.0311 464.7387 656.6109 486.7965 645.7094 979.1548 528.6061 980.7873 776.9517 576.5663 147.2068 866.2131 317.4316 383.4522 800.9640 827.2405 894.1482 627.6682 0.0000 765.9623 690.2488 708.3757 272.6426 683.6816 379.2386 922.4471 1018.8787 499.5513 360.6513 184.7915 304.3954 353.5031 619.0200 611.7696 919.1355 533.3974 79.3232 551.3785 917.1432 204.8254 486.6179 627.9042 1015.1797 476.0871 901.5327 478.3172 913.4155 843.4356 424.6253 238.3098 533.6924 496.3881 360.1564 140.5434 775.8410 478.2174 271.8049 366.4728 1088.0653 411.5136 1033.1786 935.7607 793.9867 588.9863 836.5533 873.6227 740.2131 667.3605 83.7231 119.6932 618.1857 206.0988 819.4811 648.9099 509.0458 594.9078 824.2834 1008.0079 231.9644 235.0742 856.6745 916.0721 674.6407 828.3265 536.5513 496.2416 720.2571 599.0555 550.8755
878.2772 273.5584 534.0202 679.8576 579.1517 331.8223 635.9249 847.6016 738.1314 488.3858 465.2819 799.9183 663.0410 815.4834 783.5378 124.9966 679.0394 947.4047 509.7741 646.0585 725.9289 661.2933 205.6084 773.1914 791.3043 698.0786 505.3759 381.7943 350.2180 765.9623 0.0000 697.5306 528.2122 592.5901 328.4935 409.6642 415.4074 657.1534 485.1536 634.2855 669.2650 704.8763 754.5342 270.4418 170.1308 519.5770 334.5311 804.5363 694.7750 522.1175 787.3157 290.0281 326.4145 601.5548 596.1416 494.5947 314.8633 167.0638 263.2047 863.9838 545.9690 894.7839 760.0751 516.4644 731.5880 94.6960 722.4572 893.7654 786.6236 742.7312 962.9636 715.5291 548.4647 661.3398 709.1240 146.1676 310.2401 643.3474 373.8157 727.5437 661.8019 738.9178 819.7514 54.3794 776.2226 756.1539 877.1615 58.8174 271.3146 760.9235 630.7811 538.5699 322.8793 214.0693 268.0335 493.7953 752.2278 143.4886 369.9544 323.7545
390.5600 970.9673 172.4085 42.3731 649.8918 371.0447 836.3121 408.6066 119.8136 226.4526 645.7203 114.2602 226.7378 150.5122 264.1389 609.6366 345.6185 400.1024 470.8110 128.7646 135.4125 724.6094 900.0597 945.6202 1003.4177 122.8397 298.5946 476.9801 881.2764 690.2488 697.5306 0.0000 185.8020 781.0619 904.4872 484.3280 479.6109 409.9220 888.0998 891.7130 771.3099 896.4190 962.3686 807.4253 683.3562 386.3870 399.7219 653.6735 145.9143 381.9473 526.4490 649.3915 371.8310 443.5974 952.2753 386.7287 486.5996 726.0000 531.3343 394.3690 672.8996 333.4285 237.2647 379.0800 554.7216 623.8766 232.1231 567.0618 378.8419 450.0664 521.1962 393.6704 383.0251 136.1352 113.1055 632.6863 519.3952 94.3509 326.2534 606.6486 589.3045 103.5372 551.0588 736.6765 112.7061 222.2845 264.6905 725.4425 950.4932 485.4395 460.1651 300.2086 556.5380 483.5299 512.7894 923.3106 231.9687 556.8932 332.0071 792.0319
519.9190 799.4270 114.5056 186.7259 617.3452 196.3981 788.6942 521.1320 210.8172 41.4719 579.7253 299.4709 300.1828 330.6708 391.5275 455.6299 272.2523 551.8353 314.5384 121.4001 276.0891 704.2494 733.4481 913.8414 964.5282 172.5723 136.5085 296.1287 755.7625 708.3757 528.2122 185.8020 0.0000 731.3366 770.0830 410.3679 303.5085 311.4132 792.9204 833.5115 744.7768 856.0689 922.1651 675.4974 541.8817 234.7225 276.6421 691.7933 262.3079 231.2167 586.9401 535.7778 214.3715 317.7463 872.9984 226.5714 376.0995 542.4276 345.6514 517.1790 626.9822 485.8446 361.7272 352.6845 589.2926 447.9394 338.5297 655.0752 474.9402 380.1694 644.6685 326.2428 242.2459 138.9572 251.4295 450.5816 334.1043 115.3059 155.7764 629.3368 593.2720 265.1735 617.3657 562.8215 290.1866 349.5468 431.5855 550.1769 771.5670 545.5328 474.9607 155.7580 372.2634 316.1212 327.2154 824.1155 354.1234 384.9898 188.6010 673.5871
657.4642 725.3912 638.9852 740.6267 139.9685 634.8703 57.4192 603.5145 888.6951 717.3579 157.6881 817.7524 583.6121 798.1944 653.2339 491.7390 997.0366 745.1081 938.2307 830.5891 701.4907 125.5372 642.9405 193.2770 234.8111 868.1256 819.3616 827.6071 371.6620 272.6426 592.5901 781.0619 731.3366 0.0000 429.7828 322.5809 861.0855 1018.6428 228.2545 113.7705 96.5564 127.9867 192.3718 383.5436 423.0963 895.7394 479.9892 347.7201 668.6722 895.1292 434.5407 305.2773 577.3592 996.2227 211.1465 873.4446 388.2536 756.3671 746.0130 635.9168 108.1670 731.3234 651.3372 401.9893 351.8063 631.9257 621.0782 527.6912 559.8125 1098.9371 658.5598 1049.6054 918.5608 849.4901 704.7749 699.1445 786.3100 800.5387 634.9311 301.3532 256.1774 739.6339 450.3054 640.8926 777.8426 659.7975 772.4474 650.5546 797.0607 442.0754 358.2380 854.4117 822.8791 576.4352 735.5822 264.3264 648.0111 595.5088 568.4865 310.9477
957.1095 317.1902 732.2639 875.1876 496.5057 590.1230 447.5046 912.2001 976.1012 736.7691 388.1273 986.1679 790.5652 987.1739 899.5081 325.5653 973.8428 1040.1231 828.0571 891.1347 886.8361 543.0637 249.9005 559.4681 553.8269 941.1508 789.1841 699.2826 58.4006 683.6816 328.4935 904.4872 770.0830 429.7828 0.0000 461.3101 734.3016 963.6977 226.0103 412.4114 525.6923 498.6970 526.9323 97.3153 229.1349 824.6995 505.1542 747.7249 851.7347 826.4376 788.8700 267.6267 556.7300 914.8243 327.9753 799.2464 421.3629 478.1001 583.7344 938.0662 447.7139 1003.3797 884.2939 597.3750 712.3797 416.5926 846.3758 896.1442 854.7134 1050.4441 1003.5091 1016.4327 853.1799 909.0063 877.7069 474.5532 631.6295 877.0225 619.8040 681.8769 618.3651 912.6092 814.9408 347.6749 953.4506 885.9639 1012.8288 365.0907 410.0830 778.1809 653.5971 825.3838 649.1837 474.2777 584.6909 212.1259 877.8639 433.9974 583.2422 139.2748
501.6858 642.2982 326.0825 447.6355 225.8403 322.3604 379.9828 461.2545 581.5314 394.9053 169.4000 545.1655 332.0541 538.2625 438.2432 284.7063 674.4624 581.9357 626.5752 515.0841 436.6937 318.6899 555.9351 510.3700 557.1458 556.3930 497.7388 526.2182 424.0284 379.2386 409.6642 484.3280 410.3679 322.5809 461.3101 0.0000 557.2345 697.0418 404.4839 423.1549 350.2166 449.2449 514.6775 367.3810 288.5308 577.5619 164.3896 403.4292 401.3418 576.6090 378.0528 194.3233 263.4185 677.7250 469.8782 556.3088 100.4954 542.1462 465.5535 483.9291 222.5671 542.5125 423.6980 136.0650 323.0907 402.7384 386.1392 485.3949 401.3738 776.6102 566.1738 727.0359 599.1419 534.1517 431.8549 460.2002 498.1413 488.1362 315.9389 326.0216 263.8700 467.7756 410.2401 463.9881 508.6702 426.1345 552.6028 465.0383 673.1055 353.5852 222.3049 532.3787 539.5336 295.5537 451.1716 440.6357 417.5058 342.8684 247.8751 329.7376
817.3693 640.4659 396.5393 488.2961 782.8559 237.0309 916.1076 812.3875 452.0932 271.1420 704.3678 593.1348 588.9017 629.3884 691.1540 420.6270 290.4947 854.3857 94.3825 368.0869 579.4919 875.7980 601.1259 1054.2960 1091.7403 410.7927 183.0680 35.6267 743.4911 922.4471 415.4074 479.6109 303.5085 861.0855 734.3016 557.2345 0.0000 250.4127 840.8291 941.1536 904.9333 988.4853 1050.1569 657.8888 522.6031 127.7654 393.4235 925.9499 564.0299 132.0508 845.6111 584.4512 295.5532 188.1951 942.5772 110.1178 473.9910 335.9766 152.2187 812.4906 773.7900 788.7884 661.4939 569.4329 827.5425 321.3399 634.8122 928.9962 760.7514 332.4244 937.6999 314.5589 153.0553 373.7367 554.9148 277.7455 105.5554 389.8450 257.8451 853.7977 802.7662 567.8186 878.4460 421.0924 589.8494 650.1972 734.7467 403.1702 577.6821 806.5847 707.7616 194.1148 109.4612 290.1975 149.6123 861.1785 653.6216 303.4533 324.1843 688.0789
798.0857 890.7927 425.3824 438.8017 916.0856 394.2670 1075.8363 810.1774 324.2792 309.9962 862.0380 504.1664 599.7203 550.0365 669.3217 639.8641 73.5373 809.5803 165.1501 282.0474 541.2737 1005.9425 849.3682 1207.3615 1253.4521 295.6600 199.3220 279.4742 965.4310 1018.8787 657.1534 409.9220 311.4132 1018.6428 963.6977 697.0418 250.4127 0.0000 1040.8100 1112.7270 1043.4081 1145.9968 1211.0137 879.8497 741.0372 139.0304 540.0776 1003.1672 541.2145 137.2724 895.5936 777.6411 446.7323 70.7835 1134.0422 164.4768 637.4780 586.1096 397.0117 799.8979 919.3092 743.1082 640.6828 660.6285 900.6478 562.4886 626.6393 956.8849 771.3439 86.7792 927.9833 66.9882 110.5398 273.9153 516.7383 525.8139 353.4742 319.9214 385.0916 940.4855 902.6161 513.3298 925.0934 668.2363 518.2189 626.3926 670.9298 650.7130 826.9592 853.9202 786.1944 165.1321 358.9570 494.0018 389.6365 1066.2140 634.2677 530.4024 450.2013 898.9328
846.6372 541.5930 724.8054 851.9902 334.9579 647.0363 231.0261 795.6672 980.6359 768.1834 261.2000 948.2927 725.9219 938.3280 817.4049 424.1668 1035.1863 933.7520 929.2372 907.1571 837.1426 352.5277 468.4717 333.7342 329.0372 952.2069 848.4806 805.3040 169.8604 499.5513 485.1536 888.0998 792.9204 228.2545 226.0103 404.4839 840.8291 1040.8100 0.0000 187.4104 323.4560 274.6632 300.9950 221.3047 326.8711 906.0841 516.8949 572.3217 802.0890 906.6878 643.1836 263.3274 598.2678 1003.9808 111.5474 881.3987 416.8583 650.7638 702.1322 825.7925 285.8785 909.4172 808.9866 527.3610 561.1491 553.1119 774.0041 743.5397 744.6201 1126.2390 866.9647 1083.8136 932.5821 926.1233 834.3178 619.6803 748.3187 884.2950 662.9378 518.0631 462.8929 870.2908 663.5457 521.6528 910.8904 814.3733 936.6557 535.9956 629.1111 642.8217 535.5072 885.3890 776.2354 553.2186 697.2352 39.7832 804.0413 542.2512 607.8708 161.5779
767.6645 725.2771 745.4891 851.6953 253.5734 722.9515 70.7966 713.2335 997.5134 816.9115 253.7921 930.8563 697.0322 911.7771 766.7395 548.4590 1095.2048 855.0974 1022.5770 936.4748 814.7429 221.3784 648.7651 147.5636 157.1805 975.5556 914.1477 906.6965 355.0702 360.6513 634.2855 891.7130 833.5115 113.7705 412.4114 423.1549 941.1536 1112.7270 187.4104 0.0000 176.3654 87.6828 120.8524 391.8548 465.3093 985.7594 572.7048 439.3164 781.7170 985.5018 539.5355 363.2246 667.2177 1086.0859 119.3766 962.6012 475.9929 801.1709 816.5632 746.0453 220.3101 843.3448 765.0688 512.8775 457.5950 687.0083 734.8448 626.9383 671.3358 1194.7587 761.7012 1147.0128 1009.8010 955.4764 817.6071 754.9356 859.4646 907.6190 727.6487 403.4452 364.9419 852.6204 552.3804 677.7253 891.0515 773.5640 885.8059 689.8022 808.1860 550.3571 471.6280 949.9400 893.1817 651.9813 808.0585 211.8656 761.7680 660.3077 663.4520 321.7095
600.9763 817.2116 643.8925 729.5946 127.5679 672.0694 106.1284 545.8736 884.3179 735.9823 209.3236 794.7426 560.0002 770.2021 613.9216 560.9275 1015.4057 687.5796 976.5680 834.7241 678.1967 50.3963 733.5801 174.3812 234.5760 867.9356 844.7312 872.8225 467.7218 184.7915 669.2650 771.3099 744.7768 96.5564 525.6923 350.2166 904.9333 1043.4081 323.4560 176.3654 0.0000 133.9550 195.7898 475.6782 502.2728 927.2484 514.2248 263.0711 647.5370 926.1648 367.0378 379.2429 613.2719 1027.1516 291.3670 906.3075 432.2126 829.5970 800.4502 579.3229 132.1262 681.2513 616.2164 398.3114 286.7250 699.9333 589.7520 451.0215 508.7489 1120.5123 587.0389 1068.9069 948.2002 853.2034 684.8404 765.8523 837.9016 801.9126 665.8157 229.9033 201.1719 718.2176 377.7354 719.5700 754.2466 626.3673 730.6220 727.8849 885.3357 381.7619 322.5109 878.2785 876.7516 628.6365 788.3709 358.3438 613.9908 656.8594 597.2385 403.5772
734.0512 809.6363 760.7029 855.2075 246.5335 762.8544 72.5475 678.8330 1006.9544 843.3689 285.6746 925.0595 690.0235 901.8857 747.4718 611.1182 1123.2838 820.2981 1066.1174 952.4073 808.4043 184.3422 731.6472 68.4928 108.5051 988.2492 946.6797 954.8344 440.9659 304.3954 704.8763 896.4190 856.0689 127.9867 498.6970 449.2449 988.4853 1145.9968 274.6632 87.6828 133.9550 0.0000 66.3585 472.8504 534.7995 1023.6474 607.8523 383.6015 776.9728 1023.0134 497.9430 423.9087 705.3345 1124.1238 201.2667 1001.4003 516.1412 870.8041 871.1908 712.4163 229.1260 815.0593 749.1824 518.9792 419.0855 751.0720 721.9321 575.9089 642.6005 1225.8549 714.4981 1176.0793 1046.3650 971.1760 813.9426 818.7783 912.2457 921.2100 762.6926 360.8554 335.1184 847.8946 506.1505 750.5866 884.6830 759.0446 864.4618 761.6690 890.1184 514.6748 454.7385 981.5434 948.0798 702.6739 861.2822 299.5045 746.7595 718.5196 695.9803 401.2704
791.1716 842.2675 827.0556 921.0749 312.5084 826.3604 135.3155 735.8295 1073.1755 909.1357 349.5846 989.6909 754.7230 965.7897 809.4166 665.8892 1188.9802 876.6522 1128.9358 1018.7624 873.0604 245.8662 767.3331 45.0485 42.4683 1054.5826 1011.7289 1016.2263 470.7285 353.5031 754.5342 962.3686 922.1651 192.3718 526.9323 514.6775 1050.1569 1211.0137 300.9950 120.8524 195.7898 66.3585 0.0000 511.9042 585.1468 1087.7772 672.1685 431.5693 841.9152 1087.2195 552.7371 479.3230 769.1772 1188.2690 208.1298 1065.3268 579.2215 921.2688 930.1218 769.6052 295.3341 874.0013 811.9901 585.2193 475.9714 805.1890 785.4683 624.9047 701.9084 1291.2130 765.0087 1241.6790 1110.7686 1037.5330 879.0061 873.0782 971.9526 987.5616 827.1996 416.6011 396.0678 912.7678 558.5033 798.3980 949.2550 822.1562 925.5817 810.3279 927.2848 571.9767 518.1915 1046.7469 1006.9540 762.9560 920.7753 318.8355 809.7803 775.7092 760.8563 442.2955
866.3667 341.8576 635.2898 777.9347 427.1350 499.3883 412.3593 822.8386 880.3512 643.0652 312.5709 888.8671 694.7403 890.0865 804.9543 240.1260 886.3576 948.3218 750.4689 796.2378 789.8867 485.2899 260.0638 538.3600 544.2767 845.8974 700.3922 622.4274 85.8159 619.0200 270.4418 807.4253 675.4974 383.5436 97.3153 367.3810 657.8888 879.8497 221.3047 391.8548 475.6782 472.8504 511.9042 0.0000 139.0645 741.2656 408.3738 677.8933 754.8344 742.7156 707.7142 173.0577 463.1812 834.0159 332.6689 715.8636 324.0900 432.8326 510.3385 847.7470 380.7106 909.8929 789.0891 503.2527 633.9570 348.8179 751.0236 816.0503 764.4922 966.6043 918.0751 930.4457 769.3869 814.2754 780.5584 412.0916 558.0568 781.2759 527.0110 608.3922 543.1012 815.4065 735.2535 302.3094 856.2271 790.4108 917.3448 317.5432 417.3153 694.2452 567.0171 736.9374 579.9676 386.8262 509.0739 224.7632 782.5392 354.5961 487.8883 72.7197
