0.0000 59.2030 73.1710 54.5894 33.1210 53.3385 64.2884 80.4114 80.5295 36.4005 60.4070 57.0088 14.5602 88.0000 49.8197 8.6023 65.5515 56.1427 68.0294 95.0211 64.0703 25.9422 8.5440 51.0392 105.3945 81.3204 93.4077 84.0119 14.1421 93.4345 19.6977 68.5930 60.1415 64.6375 32.5730 4.2426 20.6155 18.6011 95.2103 89.5545 58.8558 60.0083 66.0984 78.9177 97.9439 99.0051 12.5300 65.7419 90.8020 30.4795 43.8292 41.8688 33.9559 67.8012 95.2733 52.8015 43.8292 21.2603 26.2488 50.2096 87.6641 77.9872 30.0167 55.1453 49.0408 30.6757 60.8276 78.6448 21.4709 20.0998
59.2030 0.0000 19.4165 8.5440 42.5206 22.3607 5.0990 22.0227 52.4976 47.2017 81.8413 52.3927 53.0377 34.8855 23.4307 56.8595 40.1995 12.0416 13.0000 42.0476 52.1536 34.2345 50.6952 19.8494 80.2309 22.1359 58.3095 26.1725 55.0364 43.8292 49.0408 13.0384 62.0967 53.1507 49.3356 61.3922 54.4059 42.2966 74.7262 63.5689 26.0192 17.2627 36.4966 35.0000 72.8011 64.6607 50.9902 80.0562 31.6228 53.7587 66.2873 49.7393 33.9411 71.8053 36.7151 72.9452 22.8473 53.6004 37.0135 55.1543 65.2534 75.2396 31.0161 93.6056 76.2758 28.6356 75.7694 37.7359 47.0956 55.1453
73.1710 19.4165 0.0000 19.2354 48.7545 22.8254 16.2788 11.6619 39.0000 51.6236 81.5659 48.8262 69.5845 15.8114 42.8019 69.0507 31.3847 17.0294 25.4951 23.0868 45.6180 50.4876 65.0308 39.2046 64.7611 18.6815 41.4367 12.8062 71.5681 24.4131 66.2873 6.4031 58.5235 46.5188 68.1542 76.0263 63.5689 58.3095 61.1310 49.2544 21.2132 14.3178 26.9258 17.7200 57.8705 47.5395 62.9682 77.6660 25.2389 59.9416 68.8840 52.0096 42.0595 67.1193 33.1210 73.5527 42.0595 62.6259 54.3415 54.4885 52.0096 67.6757 48.0521 97.6166 78.6448 44.2832 74.2024 21.3776 64.5368 72.5672
54.5894 8.5440 19.2354 0.0000 34.6554 14.0357 12.0416 25.9615 46.0977 39.0512 73.3553 43.9318 50.3587 34.9285 27.4591 51.2445 32.7567 4.4721 21.5407 42.2019 44.0114 31.2570 46.2709 24.1868 74.2428 28.3019 53.4135 29.4279 52.3450 42.5441 47.0744 14.0357 53.6004 45.0111 49.6488 57.2189 47.5079 39.1152 68.0074 57.2713 18.4391 10.8167 29.4109 31.2410 66.6408 59.8164 45.2217 71.5122 37.5899 46.0109 58.0086 41.3401 26.4008 63.3482 43.6005 64.4981 24.7588 46.6476 35.1710 46.6154 58.5235 67.0671 28.8617 85.6329 68.0074 25.0799 67.2309 33.2415 45.3542 53.3667
33.1210 42.5206 48.7545 34.6554 0.0000 26.0000 46.6690 58.8303 47.5395 6.0000 41.9762 24.8395 39.0512 61.1310 48.0521 25.6320 32.9848 33.6006 55.0000 67.4685 31.2410 28.6356 28.3196 46.8402 72.4224 62.6259 60.7289 61.2944 40.3609 64.3817 39.9625 46.3249 30.4631 31.8904 50.6952 37.2156 16.0000 30.4138 62.4820 56.4358 29.6142 34.4384 34.2345 49.1630 64.8999 66.1287 20.5913 43.0000 71.6101 11.4018 24.6982 11.4018 8.9443 39.8497 78.1025 32.7567 41.5933 15.0000 34.2053 20.2485 54.6443 48.3011 31.1448 51.0882 34.4384 26.0000 38.0132 48.0000 39.8246 45.0000
53.3385 22.3607 22.8254 14.0357 26.0000 0.0000 24.6982 33.4215 34.4093 28.8444 60.7454 30.0832 52.9245 35.5106 39.5601 48.0104 19.6977 10.4403 35.1710 42.1900 30.0000 34.9857 45.8912 36.6879 62.6817 38.2884 44.0454 35.5106 54.7814 40.1123 51.0000 21.2132 39.8497 31.0000 56.7274 56.7186 41.2311 41.6293 55.4617 45.4863 6.4031 8.6023 17.2047 25.7099 54.9181 50.3289 42.0000 58.1808 46.6905 37.1214 46.6690 29.6985 20.0998 49.4773 53.8145 52.2015 35.3553 40.2616 40.2244 33.6155 46.0652 53.0377 34.2053 75.1665 56.5862 28.8444 54.1202 26.0000 49.7393 57.2451
64.2884 5.0990 16.2788 12.0416 46.6690 24.6982 0.0000 17.1172 52.1728 51.0882 85.0882 54.7083 58.0775 31.0644 26.9258 61.8466 41.0122 14.3178 11.0000 38.0789 53.7587 39.3192 55.7853 23.3238 79.3788 17.0880 56.7979 21.3776 60.0750 40.4599 54.0093 10.0000 64.5136 54.7449 53.8516 66.4906 59.0762 47.3814 74.5252 63.0635 27.2947 18.1108 37.0135 33.1210 72.1249 63.0635 55.9464 82.8553 26.5707 58.0000 70.0000 53.2541 38.2884 74.0405 31.9061 76.3217 27.2029 58.2495 42.0000 58.1378 65.1153 76.7919 36.0555 97.6729 80.0000 33.7343 78.7210 36.2491 52.0384 60.0750
80.4114 22.0227 11.6619 25.9615 58.8303 33.4215 17.1172 0.0000 49.3660 62.2013 93.0860 60.4649 75.0067 17.4929 43.0813 77.2010 42.9535 25.4951 21.4009 23.3452 57.2451 56.0803 72.0069 39.5601 73.5527 8.0623 49.6488 4.4721 77.0065 27.7849 71.0634 12.5300 70.1783 58.1378 70.8308 82.8734 72.9178 64.1249 71.0282 59.0085 32.6497 24.8395 38.4838 27.0185 67.1193 55.3173 71.1688 89.3085 13.6015 70.1783 79.9812 63.0317 51.4296 78.7718 21.4709 84.9588 44.1475 72.0139 59.0339 65.9469 62.2013 79.1202 53.0000 108.5772 89.8276 50.2494 85.8021 31.0644 69.1158 77.1622
80.5295 52.4976 39.0000 46.0977 47.5395 34.4093 52.1728 49.3660 0.0000 45.6070 57.7754 28.0179 84.0536 37.1618 73.3553 73.1642 15.6205 41.6293 62.9682 38.8330 20.0998 67.9412 74.7930 70.2140 28.3019 57.2189 14.0000 48.0521 85.7030 32.0156 83.2406 43.2897 33.5261 20.2237 90.5207 84.5281 62.6418 73.4098 22.3607 11.1803 28.3019 35.4683 17.2047 22.5610 20.5913 18.6815 68.0294 50.6063 61.6117 54.1295 53.2353 41.5933 47.7074 37.7359 69.8570 52.8867 69.6419 61.6847 73.5527 37.0135 13.0384 33.3017 67.8970 79.8123 60.4152 62.2254 49.2443 18.4391 82.3286 89.2020
36.4005 47.2017 51.6236 39.0512 6.0000 28.8444 51.0882 62.2013 45.6070 0.0000 36.1386 20.6155 43.8292 62.9682 53.9351 28.3019 32.0624 37.4833 59.9083 68.9638 27.7849 34.5254 32.6497 52.6308 69.1158 66.5282 59.2284 64.3506 45.0000 65.3070 45.1774 49.8197 25.0599 28.3019 56.3028 40.6079 17.0880 35.8469 58.8218 53.7122 31.3847 37.4433 34.0588 50.0100 61.7738 64.2884 24.0832 37.0000 75.2861 9.0554 19.2354 5.8310 14.5602 34.1760 82.0731 26.9258 47.5184 16.1555 40.0250 14.7648 51.4782 43.0465 37.1214 46.6690 29.1548 32.0000 32.0156 48.3735 45.1885 49.9300
60.4070 81.8413 81.5659 73.3553 41.9762 60.7454 85.0882 93.0860 57.7754 36.1386 0.0000 33.3017 72.7805 88.7299 90.0278 52.2015 52.6308 70.8308 94.8103 93.0054 39.1152 69.0652 61.1882 88.7694 68.0074 98.8130 70.8378 94.1754 73.2462 87.3670 75.9539 81.6088 24.6982 38.5876 88.5664 64.2573 41.5933 68.1836 57.0088 59.4390 60.4401 68.8186 56.7274 73.4098 63.1981 73.2462 51.7880 9.2195 106.6677 34.0000 18.0000 32.3110 50.6952 21.2132 114.2016 9.2195 83.5464 41.4367 74.0000 27.2029 54.9181 31.0644 72.2496 24.0832 11.6619 67.6018 8.5440 70.2140 76.6551 79.0759
57.0088 52.3927 48.8262 43.9318 24.8395 30.0832 54.7083 60.4649 28.0179 20.6155 33.3017 0.0000 63.8905 55.4437 66.2722 48.8262 19.4165 40.5216 65.2534 59.9083 8.0623 51.8941 53.0377 64.0703 48.7647 66.7308 42.0119 61.2209 65.1920 54.5894 64.6375 49.6488 9.8489 8.2462 74.7061 61.2209 37.2156 54.9181 38.2753 34.2053 28.1780 37.1618 23.4307 40.2244 41.6293 46.1736 44.6878 28.8444 74.0608 27.7308 25.3180 15.2643 29.5466 19.4165 81.8352 26.4197 60.6712 36.3593 57.6975 9.0000 31.3847 24.7386 53.4883 52.9245 33.2415 47.7598 25.4951 37.2156 64.3506 69.8140
14.5602 53.0377 69.5845 50.3587 39.0512 52.9245 58.0775 75.0067 84.0536 43.8292 72.7805 63.8905 0.0000 85.1587 38.9102 21.0238 68.5055 52.9528 59.6657 92.3959 70.0071 19.1050 11.7047 40.8534 110.6345 74.5453 95.8801 79.0063 2.0000 91.9239 5.6569 64.1950 68.7968 70.7248 18.0278 13.0384 31.3209 11.4018 101.1385 94.0213 59.0931 57.9741 68.0955 78.4347 102.9417 101.8725 21.1896 77.1622 83.8630 40.3113 55.3624 49.6488 36.4005 77.4145 87.3212 64.5600 33.8378 31.6228 16.2788 58.5235 92.8493 86.8217 22.0227 69.4622 61.8142 25.3180 72.1110 78.9240 7.8102 6.3246
88.0000 34.8855 15.8114 34.9285 61.1310 35.5106 31.0644 17.4929 37.1618 62.9682 88.7299 55.4437 85.1587 0.0000 57.9828 83.2947 36.1248 32.2490 38.2099 7.2801 50.2096 66.0984 80.0562 54.3783 58.0000 25.0799 34.0147 13.9284 87.1321 10.2956 82.0000 21.9317 64.3817 50.9313 83.9345 91.0494 76.6877 73.8241 57.0701 45.1221 31.6228 28.0179 32.0156 15.6205 52.2398 39.1152 77.2334 83.4386 26.0192 71.7844 78.3901 62.1691 55.5788 71.5891 34.0147 81.6088 57.6975 75.7100 70.0928 62.6817 49.0408 69.6419 63.7887 107.1868 87.6641 59.8415 80.7217 19.4165 80.2808 88.2950
49.8197 23.4307 42.8019 27.4591 48.0521 39.5601 26.9258 43.0813 73.3553 53.9351 90.0278 66.2722 38.9102 57.9828 0.0000 50.9902 59.2368 31.9061 23.1948 65.0000 68.4471 24.8395 41.7732 3.6056 101.5972 39.8121 80.8022 47.5395 40.7185 67.2012 33.6155 36.4005 75.0267 69.4262 29.0000 50.4777 53.7122 31.2410 94.9368 84.5340 45.1885 38.2753 56.3649 58.0517 93.9415 87.2009 46.4004 90.5539 48.2597 57.2451 72.5328 58.4209 39.4588 85.0235 50.0899 80.8084 6.7082 53.2353 23.6008 66.0681 85.4927 90.7965 20.6155 96.1509 81.9085 23.2594 85.7088 60.4401 31.3847 38.6005
8.6023 56.8595 69.0507 51.2445 25.6320 48.0104 61.8466 77.2010 73.1642 28.3019 52.2015 48.8262 21.0238 83.2947 50.9902 0.0000 58.5235 52.1728 66.8880 90.1388 56.0803 26.1725 10.4403 51.6236 97.4166 78.9240 86.3308 80.5233 21.2132 88.0227 25.1794 65.0000 51.6236 56.6039 38.3275 12.8062 12.0416 20.5913 87.0919 81.8413 53.0848 55.3263 59.4390 73.1710 90.0500 91.7606 6.0828 57.2713 88.3912 21.9317 35.3412 33.6006 28.0179 59.2030 93.4719 44.3847 44.5533 12.7279 28.3019 41.7732 79.7559 69.4262 30.4138 48.8365 41.0000 29.4109 52.3259 72.5603 26.4764 27.1662
65.5515 40.1995 31.3847 32.7567 32.9848 19.6977 41.0122 42.9535 15.6205 32.0624 52.6308 19.4165 68.5055 36.1248 59.2368 58.5235 0.0000 28.4429 52.0096 40.4969 14.4222 52.3450 59.4811 56.3028 43.4166 49.9800 27.8568 43.0465 70.1783 35.3412 67.6240 33.7343 28.2843 15.2643 75.0067 69.4622 48.6621 57.8014 35.7771 26.2488 14.3178 23.0217 4.4721 20.8087 35.6090 33.5410 53.1413 47.4236 56.3560 41.0122 43.6578 29.1548 32.2490 36.0555 64.4050 45.7930 55.0091 47.6760 57.9828 27.3130 26.4197 36.4005 52.4023 72.0139 52.3259 46.6905 44.5982 17.8885 66.7083 73.6003
56.1427 12.0416 17.0294 4.4721 33.6006 10.4403 14.3178 25.4951 41.6293 37.4833 70.8308 40.5216 52.9528 32.2490 31.9061 52.1728 28.4429 0.0000 24.7386 39.4588 40.1123 33.9559 48.0104 28.6531 69.7711 29.0689 49.0408 28.4605 54.9181 39.2173 50.0000 13.0000 50.2892 41.1096 53.3385 59.0085 47.4236 41.5933 63.5689 52.8015 14.1421 6.4031 25.0000 27.2029 62.1691 55.4437 46.0977 68.5420 38.0132 45.0000 56.0803 39.2046 25.9422 59.9083 44.5982 62.1289 29.0000 46.5188 38.2753 43.8292 54.0833 63.1981 31.9531 84.1487 66.0681 27.6586 64.4050 29.0000 48.3839 56.3205
68.0294 13.0000 25.4951 21.5407 55.0000 35.1710 11.0000 21.4009 62.9682 59.9083 94.8103 65.2534 59.6657 38.2099 23.1948 66.8880 52.0096 24.7386 0.0000 44.5982 64.6297 42.1545 59.5063 20.0250 89.8443 16.7631 66.8506 25.8070 61.6117 48.2701 54.9181 19.9249 75.0000 65.6201 52.0865 69.6419 65.8559 49.9800 85.3288 73.7564 38.2099 29.0689 48.0104 43.0813 82.7103 73.0068 61.2944 93.0484 25.0799 66.0681 79.0759 62.6498 46.2277 84.6463 27.6586 85.8836 26.1725 65.1153 43.4166 68.1542 75.9539 87.6926 38.2753 106.0424 89.0449 37.5899 88.7694 46.4866 52.7731 60.5310
95.0211 42.0476 23.0868 42.2019 67.4685 42.1900 38.0789 23.3452 38.8330 68.9638 93.0054 59.9083 92.3959 7.2801 65.0000 90.1388 40.4969 39.4588 44.5982 0.0000 54.0370 73.3485 87.1436 61.4003 56.4358 30.2324 32.9848 19.2094 94.3663 7.2801 89.2693 29.1548 68.4105 54.6717 91.1811 98.1275 83.1865 81.0494 56.9210 45.3100 37.8550 35.0143 36.7151 19.7231 51.4198 37.2156 84.0952 87.2067 29.1204 77.8845 83.6301 67.7791 62.2896 74.9667 36.4966 86.2844 64.8845 82.2010 77.3692 67.6018 49.6588 72.0069 71.0634 112.2943 92.6607 67.0820 84.8116 22.8035 87.5557 95.5667
64.0703 52.1536 45.6180 44.0114 31.2410 30.0000 53.7587 57.2451 20.0998 27.7849 39.1152 8.0623 70.0071 50.2096 68.4471 56.0803 14.4222 40.1123 64.6297 54.0370 0.0000 56.6039 59.5483 65.9242 41.3401 64.0781 34.0588 57.4543 71.4213 48.2597 70.2922 47.4342 14.4222 1.0000 79.6116 68.2422 44.7214 60.4401 31.2410 26.2488 26.4764 35.6931 18.8680 34.6554 34.0000 38.1182 51.6140 33.2415 70.7107 35.4683 33.1361 22.8473 34.4093 21.6333 78.7147 33.2415 63.3246 43.8292 62.4340 17.0294 23.7065 23.0868 57.7062 60.0833 40.5216 51.8845 30.8058 31.2410 69.8140 75.7430
25.9422 34.2345 50.4876 31.2570 28.6356 34.9857 39.3192 56.0803 67.9412 34.5254 69.0652 51.8941 19.1050 66.0984 24.8395 26.1725 52.3450 33.9559 42.1545 73.3485 56.6039 0.0000 17.4929 25.4951 95.5249 56.0892 78.8162 60.0083 21.0950 73.0821 16.1555 45.0999 58.8218 57.4543 23.0217 27.5136 29.7321 8.0623 86.8332 78.4920 41.3401 39.2173 51.2250 60.0083 87.7268 85.0000 21.6333 71.2531 65.5134 35.1283 51.0882 40.0250 22.3607 68.4105 69.5701 60.0083 18.3848 29.4109 5.8310 48.7647 77.9872 76.3217 4.2426 72.2357 59.6825 6.3246 66.1891 60.8276 14.7648 22.4722
8.5440 50.6952 65.0308 46.2709 28.3196 45.8912 55.7853 72.0069 74.7930 32.6497 61.1882 53.0377 11.7047 80.0562 41.7732 10.4403 59.4811 48.0104 59.5063 87.1436 59.5483 17.4929 0.0000 42.8019 100.6032 72.8011 87.2353 75.6637 12.5300 85.8429 15.0000 60.2993 57.4282 60.2080 28.0713 11.0000 19.6469 10.6301 90.7855 84.3149 51.6624 52.1536 59.6154 71.5891 93.0054 93.0215 9.4868 65.4599 82.2800 28.6356 43.6807 38.4187 27.3130 65.8635 86.7295 52.8867 35.6090 19.9249 18.4391 47.2017 82.8010 75.4520 21.6333 59.2284 50.3587 22.1359 60.4070 71.5681 16.1245 18.0278
51.0392 19.8494 39.2046 24.1868 46.8402 36.6879 23.3238 39.5601 70.2140 52.6308 88.7694 64.0703 40.8534 54.3783 3.6056 51.6236 56.3028 28.6531 20.0250 61.4003 65.9242 25.4951 42.8019 0.0000 98.4124 36.4966 77.4209 44.0114 42.7200 63.6003 35.7351 32.8024 73.0068 66.9104 32.0624 51.9711 53.5350 32.4500 91.9239 81.3941 42.1545 34.9857 53.3104 54.5619 90.7855 83.8153 46.7547 88.9550 45.0999 56.4624 71.4703 56.8859 38.0789 83.0060 47.2652 79.5550 7.2111 53.0000 25.0599 64.2806 82.4621 88.4590 21.2603 95.7706 80.9938 23.0217 84.1724 57.0088 33.5261 41.0000
105.3945 80.2309 64.7611 74.2428 72.4224 62.6817 79.3788 73.5527 28.3019 69.1158 68.0074 48.7647 110.6345 58.0000 101.5972 97.4166 43.4166 69.7711 89.8443 56.4358 41.3401 95.5249 100.6032 98.4124 0.0000 81.6149 24.0208 71.1758 112.1606 49.2544 110.3449 69.9214 49.0408 40.8167 118.3427 109.5536 85.9593 100.4490 11.1803 17.2047 56.6039 63.5059 45.4863 47.0744 7.8102 19.2354 92.9139 59.0085 84.0060 76.4788 70.6045 64.0078 74.3303 47.1699 92.0054 66.7533 97.9439 85.0882 101.2373 56.8595 17.8045 37.0135 95.7758 92.0489 74.8131 90.0278 60.1332 43.4166 109.6038 116.1034
81.3204 22.1359 18.6815 28.3019 62.6259 38.2884 17.0880 8.0623 57.2189 66.5282 98.8130 66.7308 74.5453 25.0799 39.8121 78.9240 49.9800 29.0689 16.7631 30.2324 64.0781 56.0892 72.8011 36.4966 81.6149 0.0000 57.7062 11.1803 76.5310 35.3412 70.1783 17.2047 76.5376 65.0000 68.4690 83.4326 75.8024 64.1327 79.0063 67.0000 38.5876 30.0000 45.5412 35.0000 75.1665 63.3482 73.0068 95.5249 9.4868 74.0270 84.8999 67.9412 54.6443 85.4283 15.5563 90.4268 42.0476 74.9466 58.3095 71.6101 70.1142 86.3308 52.6118 113.1724 94.8472 50.6952 91.8096 39.0128 68.1175 76.0592
93.4077 58.3095 41.4367 53.4135 60.7289 44.0454 56.7979 49.6488 14.0000 59.2284 70.8378 42.0119 95.8801 34.0147 80.8022 86.3308 27.8568 49.0408 66.8506 32.9848 34.0588 78.8162 87.2353 77.4209 24.0208 57.7062 0.0000 47.1699 97.6166 25.7099 94.5780 47.0106 47.0744 34.1321 100.7671 97.3088 76.1577 84.9058 24.1661 13.4536 37.6431 42.6380 27.7849 23.7697 18.4391 6.4031 80.9938 63.1585 60.0000 67.8970 67.1863 55.4437 59.9333 50.1597 68.0294 66.4906 77.9872 75.1864 84.2021 51.0098 18.3848 43.8292 78.2432 93.3916 74.1485 72.8011 62.2977 20.5913 93.4773 100.7025
84.0119 26.1725 12.8062 29.4279 61.2944 35.5106 21.3776 4.4721 48.0521 64.3506 94.1754 61.2209 79.0063 13.9284 47.5395 80.5233 43.0465 28.4605 25.8070 19.2094 57.4543 60.0083 75.6637 44.0114 71.1758 11.1803 47.1699 0.0000 81.0062 24.1661 75.1665 15.5242 70.8025 58.3095 75.1864 86.5794 75.7694 68.0294 69.2604 57.2189 33.9706 26.9258 38.5876 25.4951 65.0000 52.6118 74.4648 90.0000 13.6015 72.5603 81.6884 64.8151 54.2310 79.0759 21.8403 86.2670 48.5077 74.8465 63.1269 67.1789 60.6712 78.7909 57.0351 110.4219 91.4385 54.0833 86.6833 29.6142 73.2462 81.3019
14.1421 55.0364 71.5681 52.3450 40.3609 54.7814 60.0750 77.0065 85.7030 45.0000 73.2462 65.1920 2.0000 87.1321 40.7185 21.2132 70.1783 54.9181 61.6117 94.3663 71.4213 21.0950 12.5300 42.7200 112.1606 76.5310 97.6166 81.0062 0.0000 93.8616 7.2111 66.1891 69.8928 72.1249 18.7883 12.0830 31.9531 13.3417 102.5914 95.6033 60.9262 59.9083 69.8355 80.3243 104.4844 103.5857 21.9317 77.8332 85.8429 41.1461 55.9732 50.8035 38.0132 78.3901 89.2693 65.1460 35.7351 32.3110 18.2483 59.6406 94.3663 87.9204 24.0208 69.2604 62.1691 27.2947 72.8011 80.7775 9.4340 6.0000
93.4345 43.8292 24.4131 42.5441 64.3817 40.1123 40.4599 27.7849 32.0156 65.3070 87.3670 54.5894 91.9239 10.2956 67.2012 88.0227 35.3412 39.2173 48.2701 7.2801 48.2597 73.0821 85.8429 63.6003 49.2544 35.3412 25.7099 24.1661 93.8616 0.0000 89.1852 30.8058 62.6817 48.8262 92.1358 96.7471 80.3057 80.5233 49.6488 38.0789 35.0143 33.9559 31.9531 15.2971 44.1475 30.0666 82.0549 81.2158 35.5106 74.3303 78.9240 63.6003 60.0083 68.7677 43.1856 81.0062 66.3702 79.3095 77.4919 62.6498 42.4853 65.2993 71.1688 107.3546 87.6641 66.7608 79.0569 17.4642 87.5957 95.5092
19.6977 49.0408 66.2873 47.0744 39.9625 51.0000 54.0093 71.0634 83.2406 45.1774 75.9539 64.6375 5.6569 82.0000 33.6155 25.1794 67.6240 50.0000 54.9181 89.2693 70.2922 16.1555 15.0000 35.7351 110.3449 70.1783 94.5780 75.1665 7.2111 89.1852 0.0000 60.6712 70.2353 71.0634 13.1529 18.6011 34.3657 9.8995 101.1781 93.5094 57.3062 55.3624 66.8506 76.1577 102.5914 100.6876 24.1868 79.8123 79.4040 42.7200 58.2495 51.0000 36.0694 79.2023 82.5651 67.4685 28.8617 34.5254 12.0416 59.9416 92.6337 88.1930 18.2483 73.9797 65.2763 22.4722 74.7262 76.9220 2.2361 6.3246
68.5930 13.0384 6.4031 14.0357 46.3249 21.2132 10.0000 12.5300 43.2897 49.8197 81.6088 49.6488 64.1950 21.9317 36.4005 65.0000 33.7343 13.0000 19.9249 29.1548 47.4342 45.0999 60.2993 32.8024 69.9214 17.2047 47.0106 15.5242 66.1891 30.8058 60.6712 0.0000 59.4811 48.3839 62.0322 71.2531 60.4152 53.0377 65.6201 53.9351 21.4709 12.8062 29.4279 23.2594 62.8172 53.2259 58.9406 78.3901 25.4951 57.6888 67.8823 50.9117 38.9102 68.5420 32.6497 73.2462 35.7771 59.5063 48.6621 54.4059 56.3205 70.0928 42.4264 96.3328 77.7946 39.0128 74.6257 26.5707 58.8558 66.9104
60.1415 62.0967 58.5235 53.6004 30.4631 39.8497 64.5136 70.1783 33.5261 25.0599 24.6982 9.8489 68.7968 64.3817 75.0267 51.6236 28.2843 50.2892 75.0000 68.4105 14.4222 58.8218 57.4282 73.0068 49.0408 76.5376 47.0744 70.8025 69.8928 62.6817 70.2353 59.4811 0.0000 13.8924 81.1542 64.3817 39.5980 60.8358 37.9473 37.0000 38.0132 47.0106 32.5576 48.9183 42.7551 50.2494 48.4149 19.2094 83.7616 29.6985 21.5870 19.2354 36.8782 10.0000 91.5860 19.4165 69.1809 38.8973 64.5136 10.2956 33.1361 18.0278 60.8769 46.3249 27.1662 55.3173 16.4012 45.6070 70.2140 74.9466
64.6375 53.1507 46.5188 45.0111 31.8904 31.0000 54.7449 58.1378 20.2237 28.3019 38.5876 8.2462 70.7248 50.9313 69.4262 56.6039 15.2643 41.1096 65.6201 54.6717 1.0000 57.4543 60.2080 66.9104 40.8167 65.0000 34.1321 58.3095 72.1249 48.8262 71.0634 48.3839 13.8924 0.0000 80.4550 68.8186 45.1774 61.2209 30.6105 25.9615 27.4591 36.6742 19.7231 35.3553 33.5410 38.0526 52.2015 32.5576 71.5891 35.8469 33.0606 23.2594 35.2278 20.8087 79.6053 32.8938 64.2884 44.2945 63.2851 17.1172 23.2594 22.0907 58.5918 59.7746 40.2616 52.7731 30.2324 31.8904 70.6045 76.4853
32.5730 49.3356 68.1542 49.6488 50.6952 56.7274 53.8516 70.8308 90.5207 56.3028 88.5664 74.7061 18.0278 83.9345 29.0000 38.3275 75.0067 53.3385 52.0865 91.1811 79.6116 23.0217 28.0713 32.0624 118.3427 68.4690 100.7671 75.1864 18.7883 92.1358 13.1529 62.0322 81.1542 80.4550 0.0000 30.8707 47.0956 20.6155 109.8089 101.2373 63.1269 59.3633 73.5527 80.4550 110.5351 107.0561 37.0135 91.9837 77.1622 54.9181 70.7107 62.0322 45.2769 90.4765 79.0569 79.9062 26.6833 47.1699 17.2047 70.9366 100.8960 98.8989 22.6274 87.1321 78.1025 28.3196 86.8850 81.8413 12.0000 13.6015
4.2426 61.3922 76.0263 57.2189 37.2156 56.7186 66.4906 82.8734 84.5281 40.6079 64.2573 61.2209 13.0384 91.0494 50.4777 12.8062 69.4622 59.0085 69.6419 98.1275 68.2422 27.5136 11.0000 51.9711 109.5536 83.4326 97.3088 86.5794 12.0830 96.7471 18.6011 71.2531 64.3817 68.8186 30.8707 0.0000 24.8395 19.6977 99.4032 93.6483 62.3699 63.1269 69.8928 82.3772 102.0833 102.9563 16.6433 69.7711 92.8924 34.7131 47.8853 46.0977 37.6431 72.0069 97.0824 56.7979 44.7772 25.4951 26.9258 54.4518 91.8096 82.2192 31.3847 58.0086 52.8110 32.7567 64.8845 82.2253 20.6155 17.7200
20.6155 54.4059 63.5689 47.5079 16.0000 41.2311 59.0762 72.9178 62.6418 17.0880 41.5933 37.2156 31.3209 76.6877 53.7122 12.0416 48.6621 47.4236 65.8559 83.1865 44.7214 29.7321 19.6469 53.5350 85.9593 75.8024 76.1577 75.7694 31.9531 80.3057 34.3657 60.4152 39.5980 45.1774 47.0956 24.8395 0.0000 27.0740 75.4718 70.7743 45.3982 49.3356 50.1597 65.1230 78.7147 81.3204 10.1980 45.8803 85.0882 9.8995 24.0416 21.9545 21.5407 47.2017 90.9725 33.2415 47.0106 1.0000 33.7343 29.8329 68.4251 57.3847 33.6155 42.5441 31.0161 30.5287 40.8534 64.0000 35.1283 37.6431
18.6011 42.2966 58.3095 39.1152 30.4138 41.6293 47.3814 64.1249 73.4098 35.8469 68.1836 54.9181 11.4018 73.8241 31.2410 20.5913 57.8014 41.5933 49.9800 81.0494 60.4401 8.0623 10.6301 32.4500 100.4490 64.1327 84.9058 68.0294 13.3417 80.5233 9.8995 53.0377 60.8358 61.2209 20.6155 19.6977 27.0740 0.0000 91.2853 83.6301 47.8539 46.5725 57.1402 67.0671 92.6984 90.9725 17.4642 71.3863 73.5459 34.3657 50.2494 41.6293 26.1725 70.0071 77.4919 59.4138 25.2389 27.0185 7.8102 50.5668 82.7345 78.7147 11.7047 68.6804 58.0086 14.0357 66.2873 67.6240 9.4340 15.8114
95.2103 74.7262 61.1310 68.0074 62.4820 55.4617 74.5252 71.0282 22.3607 58.8218 57.0088 38.2753 101.1385 57.0701 94.9368 87.0919 35.7771 63.5689 85.3288 56.9210 31.2410 86.8332 90.7855 91.9239 11.1803 79.0063 24.1661 69.2604 102.5914 49.6488 101.1781 65.6201 37.9473 30.6105 109.8089 99.4032 75.4718 91.2853 0.0000 12.0416 49.7695 57.5674 38.6264 44.0114 7.2111 22.0227 82.8010 48.0937 82.6075 65.8635 59.4811 53.5350 65.1153 36.0555 90.7965 55.5788 90.7855 74.6257 92.6175 46.0652 9.4868 26.1725 87.4185 81.0062 63.6396 81.6088 49.0408 40.0000 100.5684 106.7755
89.5545 63.5689 49.2544 57.2713 56.4358 45.4863 63.0635 59.0085 11.1803 53.7122 59.4390 34.2053 94.0213 45.1221 84.5340 81.8413 26.2488 52.8015 73.7564 45.3100 26.2488 78.4920 84.3149 81.3941 17.2047 67.0000 13.4536 57.2189 95.6033 38.0789 93.5094 53.9351 37.0000 25.9615 101.2373 93.6483 70.7743 83.6301 12.0416 0.0000 39.4462 46.6154 28.3019 32.0000 9.4340 13.9284 77.0260 51.2445 70.5762 61.6847 58.2151 49.0408 57.6281 38.3275 78.7718 56.1427 80.7775 69.8570 84.1724 42.9535 5.0000 30.8869 78.6448 82.7345 64.0703 72.9178 50.9902 28.0179 92.6984 99.3579
58.8558 26.0192 21.2132 18.4391 29.6142 6.4031 27.2947 32.6497 28.3019 31.3847 60.4401 28.1780 59.0931 31.6228 45.1885 53.0848 14.3178 14.1421 38.2099 37.8550 26.4764 41.3401 51.6624 42.1545 56.6039 38.5876 37.6431 33.9706 60.9262 35.0143 57.3062 21.4709 38.0132 27.4591 63.1269 62.3699 45.3982 47.8539 49.7695 39.4462 0.0000 9.2195 11.1803 20.0998 48.8774 43.9318 47.1699 56.9386 46.2277 40.1622 47.8017 31.0644 25.0799 47.1699 53.8238 52.3450 41.3401 44.4072 46.6154 33.3017 40.3113 49.4975 40.6079 76.6094 57.4891 35.2278 53.2541 19.9249 56.0803 63.5295
60.0083 17.2627 14.3178 10.8167 34.4384 8.6023 18.1108 24.8395 35.4683 37.4433 68.8186 37.1618 57.9741 28.0179 38.2753 55.3263 23.0217 6.4031 29.0689 35.0143 35.6931 39.2173 52.1536 34.9857 63.5059 30.0000 42.6380 26.9258 59.9083 33.9559 55.3624 12.8062 47.0106 36.6742 59.3633 63.1269 49.3356 46.5725 57.5674 46.6154 9.2195 0.0000 19.2354 21.0950 55.9464 49.0408 49.2544 65.7647 38.1838 45.6508 55.1725 38.2099 27.8927 56.3028 45.4533 60.4401 35.3836 48.3839 43.8634 41.6173 48.0833 58.6941 37.5766 83.7377 65.0538 32.8938 61.9112 22.6716 53.8516 61.6847
66.0984 36.4966 26.9258 29.4109 34.2345 17.2047 37.0135 38.4838 17.2047 34.0588 56.7274 23.4307 68.0955 32.0156 56.3649 59.4390 4.4721 25.0000 48.0104 36.7151 18.8680 51.2250 59.6154 53.3104 45.4863 45.5412 27.7849 38.5876 69.8355 31.9531 66.8506 29.4279 32.5576 19.7231 73.5527 69.8928 50.1597 57.1402 38.6264 28.3019 11.1803 19.2354 0.0000 17.0000 37.7359 33.8378 53.8516 51.7397 51.8845 43.1045 47.0106 31.7805 32.3110 40.4969 59.9333 49.6488 52.4786 49.1630 56.7274 30.8869 29.1548 40.8044 50.9313 75.5910 55.9464 45.3431 48.7955 14.5602 65.8027 72.9452
78.9177 35.0000 17.7200 31.2410 49.1630 25.7099 33.1210 27.0185 22.5610 50.0100 73.4098 40.2244 78.4347 15.6205 58.0517 73.1710 20.8087 27.2029 43.0813 19.7231 34.6554 60.0083 71.5891 54.5619 47.0744 35.0000 23.7697 25.4951 80.3243 15.2971 76.1577 23.2594 48.9183 35.3553 80.4550 82.3772 65.1230 67.0671 44.0114 32.0000 20.0998 21.0950 17.0000 0.0000 40.3113 29.9666 67.2681 67.8970 39.0512 59.0339 63.9766 48.3839 45.1774 55.9732 47.2969 66.5733 55.9732 64.1249 64.8460 47.8853 35.2278 54.2033 58.5918 92.5905 72.9452 53.7122 65.2993 4.1231 74.7329 82.4621
97.9439 72.8011 57.8705 66.6408 64.8999 54.9181 72.1249 67.1193 20.5913 61.7738 63.1981 41.6293 102.9417 52.2398 93.9415 90.0500 35.6090 62.1691 82.7103 51.4198 34.0000 87.7268 93.0054 90.7855 7.8102 75.1665 18.4391 65.0000 104.4844 44.1475 102.5914 62.8172 42.7551 33.5410 110.5351 102.0833 78.7147 92.6984 7.2111 9.4340 48.8774 55.9464 37.7359 40.3113 0.0000 15.2643 85.4400 54.4518 78.1025 69.3542 64.3273 56.7979 66.6033 42.0476 86.2090 61.1310 90.2109 77.8267 93.4345 49.9800 10.2956 32.7567 87.9659 87.0517 69.1809 82.2192 55.0364 36.4966 101.8332 108.3744
99.0051 64.6607 47.5395 59.8164 66.1287 50.3289 63.0635 55.3173 18.6815 64.2884 73.2462 46.1736 101.8725 39.1152 87.2009 91.7606 33.5410 55.4437 73.0068 37.2156 38.1182 85.0000 93.0215 83.8153 19.2354 63.3482 6.4031 52.6118 103.5857 30.0666 100.6876 53.2259 50.2494 38.0526 107.0561 102.9563 81.3204 90.9725 22.0227 13.9284 43.9318 49.0408 33.8378 29.9666 15.2643 0.0000 86.5390 65.1460 65.1230 72.7805 71.0000 60.2080 65.7647 52.2015 73.0274 69.5845 84.3860 80.3617 90.4268 55.1453 18.7883 44.7214 84.5044 96.3379 77.4145 79.0253 64.7611 26.9258 99.6243 106.7801
12.5300 50.9902 62.9682 45.2217 20.5913 42.0000 55.9464 71.1688 68.0294 24.0832 51.7880 44.6878 21.1896 77.2334 46.4004 6.0828 53.1413 46.0977 61.2944 84.0952 51.6140 21.6333 9.4868 46.7547 92.9139 73.0068 80.9938 74.4648 21.9317 82.0549 24.1868 58.9406 48.4149 52.2015 37.0135 16.6433 10.1980 17.4642 82.8010 77.0260 47.1699 49.2544 53.8516 67.2681 85.4400 86.5390 0.0000 55.9732 82.4621 19.2354 34.2053 29.6985 22.0907 56.6039 87.6584 43.4166 39.8246 10.4403 24.6982 38.2884 75.1665 66.4003 25.8070 51.2445 41.1096 24.0832 50.9215 66.7533 25.0200 27.5136
65.7419 80.0562 77.6660 71.5122 43.0000 58.1808 82.8553 89.3085 50.6063 37.0000 9.2195 28.8444 77.1622 83.4386 90.5539 57.2713 47.4236 68.5420 93.0484 87.2067 33.2415 71.2531 65.4599 88.9550 59.0085 95.5249 63.1585 90.0000 77.8332 81.2158 79.8123 78.3901 19.2094 32.5576 91.9837 69.7711 45.8803 71.3863 48.0937 51.2445 56.9386 65.7647 51.7397 67.8970 54.4518 65.1460 55.9732 0.0000 102.9029 37.1080 21.9317 32.1403 51.1566 13.0000 110.6752 13.0384 84.2912 45.5412 76.5310 25.0000 46.5725 22.0000 74.0608 33.2415 19.2094 69.0000 5.0990 64.4438 80.2808 83.4865
90.8020 31.6228 25.2389 37.5899 71.6101 46.6905 26.5707 13.6015 61.6117 75.2861 106.6677 74.0608 83.8630 26.0192 48.2597 88.3912 56.3560 38.0132 25.0799 29.1204 70.7107 65.5134 82.2800 45.0999 84.0060 9.4868 60.0000 13.6015 85.8429 35.5106 79.4040 25.4951 83.7616 71.5891 77.1622 92.8924 85.0882 73.5459 82.6075 70.5762 46.2277 38.1838 51.8845 39.0512 78.1025 65.1230 82.4621 102.9029 0.0000 83.0060 93.3488 76.3806 63.8122 92.2822 8.2462 98.4937 51.0098 84.2200 67.6018 79.5110 74.1485 92.3093 61.9839 121.8277 103.2376 60.1664 99.4032 43.1741 77.3175 85.2115
30.4795 53.7587 59.9416 46.0109 11.4018 37.1214 58.0000 70.1783 54.1295 9.0554 34.0000 27.7308 40.3113 71.7844 57.2451 21.9317 41.0122 45.0000 66.0681 77.8845 35.4683 35.1283 28.6356 56.4624 76.4788 74.0270 67.8970 72.5603 41.1461 74.3303 42.7200 57.6888 29.6985 35.8469 54.9181 34.7131 9.8995 34.3657 65.8635 61.6847 40.1622 45.6508 43.1045 59.0339 69.3542 72.7805 19.2354 37.1080 83.0060 0.0000 16.0000 12.6491 19.8494 37.4433 89.4986 25.0799 50.5964 9.2195 40.0000 20.0000 59.0931 47.5079 38.4708 40.0000 24.7386 34.2053 32.0156 57.4282 43.1741 46.6154
43.8292 66.2873 68.8840 58.0086 24.6982 46.6690 70.0000 79.9812 53.2353 19.2354 18.0000 25.3180 55.3624 78.3901 72.5328 35.3412 43.6578 56.0803 79.0759 83.6301 33.1361 51.0882 43.6807 71.4703 70.6045 84.8999 67.1863 81.6884 55.9732 78.9240 58.2495 67.8823 21.5870 33.0606 70.7107 47.8853 24.0416 50.2494 59.4811 58.2151 47.8017 55.1725 47.0106 63.9766 64.3273 71.0000 34.2053 21.9317 93.3488 16.0000 0.0000 16.9706 33.6155 25.8070 100.4490 9.2195 65.9697 23.7697 56.0000 16.4924 54.5894 36.8917 54.3323 28.8444 10.0000 49.8197 17.0000 61.4654 58.8558 61.6847
41.8688 49.7393 52.0096 41.3401 11.4018 29.6985 53.2541 63.0317 41.5933 5.8310 32.3110 15.2643 49.6488 62.1691 58.4209 33.6006 29.1548 39.2046 62.6498 67.7791 22.8473 40.0250 38.4187 56.8859 64.0078 67.9412 55.4437 64.8151 50.8035 63.6003 51.0000 50.9117 19.2354 23.2594 62.0322 46.0977 21.9545 41.6293 53.5350 49.0408 31.0644 38.2099 31.7805 48.3839 56.7979 60.2080 29.6985 32.1403 76.3806 12.6491 16.9706 0.0000 19.0263 28.4605 83.4865 23.2594 52.1536 21.0950 45.6070 8.9443 46.5188 37.2156 42.4264 45.6070 26.9072 37.1214 27.2947 46.3249 50.9902 55.7584
33.9559 33.9411 42.0595 26.4008 8.9443 20.0998 38.2884 51.4296 47.7074 14.5602 50.6952 29.5466 36.4005 55.5788 39.4588 28.0179 32.2490 25.9422 46.2277 62.2896 34.4093 22.3607 27.3130 38.0789 74.3303 54.6443 59.9333 54.2310 38.0132 60.0083 36.0694 38.9102 36.8782 35.2278 45.2769 37.6431 21.5407 26.1725 65.1153 57.6281 25.0799 27.8927 32.3110 45.1774 66.6033 65.7647 22.0907 51.1566 63.8122 19.8494 33.6155 19.0263 0.0000 46.6905 70.0000 41.4849 33.1361 20.6155 28.1780 27.1662 56.5862 54.0833 24.0416 59.8164 43.3820 18.4391 46.2709 44.7214 35.4683 41.7732
67.8012 71.8053 67.1193 63.3482 39.8497 49.4773 74.0405 78.7718 37.7359 34.1760 21.2132 19.4165 77.4145 71.5891 85.0235 59.2030 36.0555 59.9083 84.6463 74.9667 21.6333 68.4105 65.8635 83.0060 47.1699 85.4283 50.1597 79.0759 78.3901 68.7677 79.2023 68.5420 10.0000 20.8087 90.4765 72.0069 47.2017 70.0071 36.0555 38.3275 47.1699 56.3028 40.4969 55.9732 42.0476 52.2015 56.6039 13.0000 92.2822 37.4433 25.8070 28.4605 46.6905 0.0000 100.2397 19.9249 79.1581 46.6154 74.0405 19.6469 33.7343 11.1803 70.6116 45.0111 27.8927 65.1153 13.0000 52.3450 79.3095 83.6481
95.2733 36.7151 33.1210 43.6005 78.1025 53.8145 31.9061 21.4709 69.8570 82.0731 114.2016 81.8352 87.3212 34.0147 50.0899 93.4719 64.4050 44.5982 27.6586 36.4966 78.7147 69.5701 86.7295 47.2652 92.0054 15.5563 68.0294 21.8403 89.2693 43.1856 82.5651 32.6497 91.5860 79.6053 79.0569 97.0824 90.9725 77.4919 90.7965 78.7718 53.8238 45.4533 59.9333 47.2969 86.2090 73.0274 87.6584 110.6752 8.2462 89.4986 100.4490 83.4865 70.0000 100.2397 0.0000 105.8915 53.7587 90.1388 71.0634 87.0057 82.3772 100.4639 65.8027 128.7245 110.3902 64.6220 107.0747 51.4198 80.4114 88.1192
52.8015 72.9452 73.5527 64.4981 32.7567 52.2015 76.3217 84.9588 52.8867 26.9258 9.2195 26.4197 64.5600 81.6088 80.8084 44.3847 45.7930 62.1289 85.8836 86.2844 33.2415 60.0083 52.8867 79.5550 66.7533 90.4268 66.4906 86.2670 65.1460 81.0062 67.4685 73.2462 19.4165 32.8938 79.9062 56.7979 33.2415 59.4138 55.5788 56.1427 52.3450 60.4401 49.6488 66.5733 61.1310 69.5845 43.4166 13.0384 98.4937 25.0799 9.2195 23.2594 41.4849 19.9249 105.8915 0.0000 74.3303 32.9848 65.0308 19.1050 52.0096 31.0161 63.1269 26.9258 8.0623 58.4209 8.4853 63.6318 68.0661 70.8802
43.8292 22.8473 42.0595 24.7588 41.5933 35.3553 27.2029 44.1475 69.6419 47.5184 83.5464 60.6712 33.8378 57.6975 6.7082 44.5533 55.0091 29.0000 26.1725 64.8845 63.3246 18.3848 35.6090 7.2111 97.9439 42.0476 77.9872 48.5077 35.7351 66.3702 28.8617 35.7771 69.1809 64.2884 26.6833 44.7772 47.0106 25.2389 90.7855 80.7775 41.3401 35.3836 52.4786 55.9732 90.2109 84.3860 39.8246 84.2912 51.0098 50.5964 65.9697 52.1536 33.1361 79.1581 53.7587 74.3303 0.0000 46.5296 17.8885 60.0000 81.4125 85.3288 14.1421 89.4427 75.2861 16.5529 79.4040 57.9828 26.6833 34.3657
21.2603 53.6004 62.6259 46.6476 15.0000 40.2616 58.2495 72.0139 61.6847 16.1555 41.4367 36.3593 31.6228 75.7100 53.2353 12.7279 47.6760 46.5188 65.1153 82.2010 43.8292 29.4109 19.9249 53.0000 85.0882 74.9466 75.1864 74.8465 32.3110 79.3095 34.5254 59.5063 38.8973 44.2945 47.1699 25.4951 1.0000 27.0185 74.6257 69.8570 44.4072 48.3839 49.1630 64.1249 77.8267 80.3617 10.4403 45.5412 84.2200 9.2195 23.7697 21.0950 20.6155 46.6154 90.1388 32.9848 46.5296 0.0000 33.5410 29.0689 67.5352 56.7274 33.2415 42.9535 31.0000 30.0167 40.4969 63.0000 35.2278 37.9473
26.2488 37.0135 54.3415 35.1710 34.2053 40.2244 42.0000 59.0339 73.5527 40.0250 74.0000 57.6975 16.2788 70.0928 23.6008 28.3019 57.9828 38.2753 43.4166 77.3692 62.4340 5.8310 18.4391 25.0599 101.2373 58.3095 84.2021 63.1269 18.2483 77.4919 12.0416 48.6621 64.5136 63.2851 17.2047 26.9258 33.7343 7.8102 92.6175 84.1724 46.6154 43.8634 56.7274 64.8460 93.4345 90.4268 24.6982 76.5310 67.6018 40.0000 56.0000 45.6070 28.1780 74.0405 71.0634 65.0308 17.8885 33.5410 0.0000 54.4059 83.7377 82.0792 6.3246 75.8947 64.2806 11.4018 71.4493 65.8635 10.1980 18.2483
50.2096 55.1543 54.4885 46.6154 20.2485 33.6155 58.1378 65.9469 37.0135 14.7648 27.2029 9.0000 58.5235 62.6817 66.0681 41.7732 27.3130 43.8292 68.1542 67.6018 17.0294 48.7647 47.2017 64.2806 56.8595 71.6101 51.0098 67.1789 59.6406 62.6498 59.9416 54.4059 10.2956 17.1172 70.9366 54.4518 29.8329 50.5668 46.0652 42.9535 33.3017 41.6173 30.8869 47.8853 49.9800 55.1453 38.2884 25.0000 79.5110 20.0000 16.4924 8.9443 27.1662 19.6469 87.0057 19.1050 60.0000 29.0689 54.4059 0.0000 39.8497 28.3019 50.9902 44.7214 25.0599 45.5412 20.6155 45.1885 59.9333 64.6607
87.6641 65.2534 52.0096 58.5235 54.6443 46.0652 65.1153 62.2013 13.0384 51.4782 54.9181 31.3847 92.8493 49.0408 85.4927 79.7559 26.4197 54.0833 75.9539 49.6588 23.7065 77.9872 82.8010 82.4621 17.8045 70.1142 18.3848 60.6712 94.3663 42.4853 92.6337 56.3205 33.1361 23.2594 100.8960 91.8096 68.4251 82.7345 9.4868 5.0000 40.3113 48.0833 29.1548 35.2278 10.2956 18.7883 75.1665 46.5725 74.1485 59.0931 54.5894 46.5188 56.5862 33.7343 82.3772 52.0096 81.4125 67.5352 83.7377 39.8497 0.0000 25.9422 78.4092 78.4092 60.0000 72.6223 46.5296 31.1448 91.9348 98.3514
77.9872 75.2396 67.6757 67.0671 48.3011 53.0377 76.7919 79.1202 33.3017 43.0465 31.0644 24.7386 86.8217 69.6419 90.7965 69.4262 36.4005 63.1981 87.6926 72.0069 23.0868 76.3217 75.4520 88.4590 37.0135 86.3308 43.8292 78.7909 87.9204 65.2993 88.1930 70.0928 18.0278 22.0907 98.8989 82.2192 57.3847 78.7147 26.1725 30.8869 49.4975 58.6941 40.8044 54.2033 32.7567 44.7214 66.4003 22.0000 92.3093 47.5079 36.8917 37.2156 54.0833 11.1803 100.4639 31.0161 85.3288 56.7274 82.0792 28.3019 25.9422 0.0000 78.1089 55.1453 38.8973 72.4224 23.5372 50.2494 88.1192 92.9624
30.0167 31.0161 48.0521 28.8617 31.1448 34.2053 36.0555 53.0000 67.8970 37.1214 72.2496 53.4883 22.0227 63.7887 20.6155 30.4138 52.4023 31.9531 38.2753 71.0634 57.7062 4.2426 21.6333 21.2603 95.7758 52.6118 78.2432 57.0351 24.0208 71.1688 18.2483 42.4264 60.8769 58.5918 22.6274 31.3847 33.6155 11.7047 87.4185 78.6448 40.6079 37.5766 50.9313 58.5918 87.9659 84.5044 25.8070 74.0608 61.9839 38.4708 54.3323 42.4264 24.0416 70.6116 65.8027 63.1269 14.1421 33.2415 6.3246 50.9902 78.4092 78.1089 0.0000 76.1577 63.1506 5.8310 69.0290 59.6825 16.4924 24.5153
55.1453 93.6056 97.6166 85.6329 51.0882 75.1665 97.6729 108.5772 79.8123 46.6690 24.0832 52.9245 69.4622 107.1868 96.1509 48.8365 72.0139 84.1487 106.0424 112.2943 60.0833 72.2357 59.2284 95.7706 92.0489 113.1724 93.3916 110.4219 69.2604 107.3546 73.9797 96.3328 46.3249 59.7746 87.1321 58.0086 42.5441 68.6804 81.0062 82.7345 76.6094 83.7377 75.5910 92.5905 87.0517 96.3379 51.2445 33.2415 121.8277 40.0000 28.8444 45.6070 59.8164 45.0111 128.7245 26.9258 89.4427 42.9535 75.8947 44.7214 78.4092 55.1453 76.1577 0.0000 19.6977 72.8972 32.0156 89.8999 75.3127 75.2396
49.0408 76.2758 78.6448 68.0074 34.4384 56.5862 80.0000 89.8276 60.4152 29.1548 11.6619 33.2415 61.8142 87.6641 81.9085 41.0000 52.3259 66.0681 89.0449 92.6607 40.5216 59.6825 50.3587 80.9938 74.8131 94.8472 74.1485 91.4385 62.1691 87.6641 65.2763 77.7946 27.1662 40.2616 78.1025 52.8110 31.0161 58.0086 63.6396 64.0703 57.4891 65.0538 55.9464 72.9452 69.1809 77.4145 41.1096 19.2094 103.2376 24.7386 10.0000 26.9072 43.3820 27.8927 110.3902 8.0623 75.2861 31.0000 64.2806 25.0599 60.0000 38.8973 63.1506 19.6977 0.0000 58.9406 15.6525 70.2140 66.1211 68.0661
30.6757 28.6356 44.2832 25.0799 26.0000 28.8444 33.7343 50.2494 62.2254 32.0000 67.6018 47.7598 25.3180 59.8415 23.2594 29.4109 46.6905 27.6586 37.5899 67.0820 51.8845 6.3246 22.1359 23.0217 90.0278 50.6952 72.8011 54.0833 27.2947 66.7608 22.4722 39.0128 55.3173 52.7731 28.3196 32.7567 30.5287 14.0357 81.6088 72.9178 35.2278 32.8938 45.3431 53.7122 82.2192 79.0253 24.0832 69.0000 60.1664 34.2053 49.8197 37.1214 18.4391 65.1153 64.6220 58.4209 16.5529 30.0167 11.4018 45.5412 72.6223 72.4224 5.8310 72.8972 58.9406 0.0000 64.0078 54.5894 21.0238 28.7924
60.8276 75.7694 74.2024 67.2309 38.0132 54.1202 78.7210 85.8021 49.2443 32.0156 8.5440 25.4951 72.1110 80.7217 85.7088 52.3259 44.5982 64.4050 88.7694 84.8116 30.8058 66.1891 60.4070 84.1724 60.1332 91.8096 62.2977 86.6833 72.8011 79.0569 74.7262 74.6257 16.4012 30.2324 86.8850 64.8845 40.8534 66.2873 49.0408 50.9902 53.2541 61.9112 48.7955 65.2993 55.0364 64.7611 50.9215 5.0990 99.4032 32.0156 17.0000 27.2947 46.2709 13.0000 107.0747 8.4853 79.4040 40.4969 71.4493 20.6155 46.5296 23.5372 69.0290 32.0156 15.6525 64.0078 0.0000 62.0081 75.1864 78.4347
78.6448 37.7359 21.3776 33.2415 48.0000 26.0000 36.2491 31.0644 18.4391 48.3735 70.2140 37.2156 78.9240 19.4165 60.4401 72.5603 17.8885 29.0000 46.4866 22.8035 31.2410 60.8276 71.5681 57.0088 43.4166 39.0128 20.5913 29.6142 80.7775 17.4642 76.9220 26.5707 45.6070 31.8904 81.8413 82.2253 64.0000 67.6240 40.0000 28.0179 19.9249 22.6716 14.5602 4.1231 36.4966 26.9258 66.7533 64.4438 43.1741 57.4282 61.4654 46.3249 44.7214 52.3450 51.4198 63.6318 57.9828 63.0000 65.8635 45.1885 31.1448 50.2494 59.6825 89.8999 70.2140 54.5894 62.0081 0.0000 75.5910 83.1925
21.4709 47.0956 64.5368 45.3542 39.8246 49.7393 52.0384 69.1158 82.3286 45.1885 76.6551 64.3506 7.8102 80.2808 31.3847 26.4764 66.7083 48.3839 52.7731 87.5557 69.8140 14.7648 16.1245 33.5261 109.6038 68.1175 93.4773 73.2462 9.4340 87.5957 2.2361 58.8558 70.2140 70.6045 12.0000 20.6155 35.1283 9.4340 100.5684 92.6984 56.0803 53.8516 65.8027 74.7329 101.8332 99.6243 25.0200 80.2808 77.3175 43.1741 58.8558 50.9902 35.4683 79.3095 80.4114 68.0661 26.6833 35.2278 10.1980 59.9333 91.9348 88.1192 16.4924 75.3127 66.1211 21.0238 75.1864 75.5910 0.0000 8.0623
20.0998 55.1453 72.5672 53.3667 45.0000 57.2451 60.0750 77.1622 89.2020 49.9300 79.0759 69.8140 6.3246 88.2950 38.6005 27.1662 73.6003 56.3205 60.5310 95.5667 75.7430 22.4722 18.0278 41.0000 116.1034 76.0592 100.7025 81.3019 6.0000 95.5092 6.3246 66.9104 74.9466 76.4853 13.6015 17.7200 37.6431 15.8114 106.7755 99.3579 63.5295 61.6847 72.9452 82.4621 108.3744 106.7801 27.5136 83.4865 85.2115 46.6154 61.6847 55.7584 41.7732 83.6481 88.1192 70.8802 34.3657 37.9473 18.2483 64.6607 98.3514 92.9624 24.5153 75.2396 68.0661 28.7924 78.4347 83.1925 8.0623 0.0000
