0.0000 220.9440 28.5000 50.0000 54.2310 74.0405 79.3804 90.7373 110.7520 133.8777 158.7608 178.2505 198.1565 191.6377 188.3753 181.0152 178.7974 150.5432 149.0000 177.5000 206.0000 207.9621 215.7128 223.0387 235.4400 246.2945 232.4527 262.9986 246.8952 241.3265 221.2086 206.1729 223.0050 229.0196 227.6236 210.0601 191.3962 173.3905 156.6565 135.8547 122.2344 108.1966 101.6919 122.8088 141.0000 121.0000 220.5000 153.5000 199.9906 184.5671 200.9384 189.5765 196.2906 211.7575 205.5493 212.3499 209.5292 230.7472 229.7743 250.6257 251.5179 265.8806 268.1091 281.8803 286.4389 272.8979 276.8705 256.4937 259.0758 239.1161 244.8724 238.5886 241.7943 223.0387 230.7553 221.6867 253.5099 261.4771 271.5290 287.1346 294.6035 332.6278 326.0311 337.4467 345.6042 357.3514 338.1335 324.6968 311.7214 322.0846 310.1040 313.8511 296.0308 303.4024 286.5471 278.7302 267.7919 254.6434 266.1226 258.5445 277.1083 270.5642 289.9539 286.9050 306.3046 301.3976 315.1210 312.9812 319.6752 312.6212 308.9373 295.0767 293.3875 285.9239 285.0075 265.0458 264.5000 284.5000 299.0000 320.5000 321.1873 342.1451 344.1344 347.4453 353.8057 362.3027 369.8463 379.9270 388.3906 365.3081 376.3788 398.8211 192.0000 436.2067 454.8255 480.4082 474.5735 487.8691 494.3119 491.6353 486.3646 499.5003 486.6356 473.1429 467.7847 446.8761 445.2598 431.6251 417.5290 400.0706 403.7803 421.0849 435.0658 437.0824 443.8130 447.8326 461.2006 445.7076 470.3331 457.2322 459.7817 453.2883 458.9390 413.6726 404.5148 398.8747 392.5061 379.0861 375.4943 372.4329 370.5955 392.0628 391.5000 413.0000 320.6560 448.5000 469.5000 469.7239 441.2383 420.2502 398.7637 377.2787 467.7991 334.8141 313.3357 292.3598 270.8884 249.4218 215.4884 206.5000 185.5674 171.6137 147.2158 121.8657 100.5510 161.1537 58.8154 38.3471 183.5000 14.5000 492.5761 236.5867 163.5000 258.7049 200.5249 231.2239 207.9718 228.7712 292.3577 345.6718 370.4727 383.1452 433.0095 386.1480 423.4808 233.8055 243.2432 138.7597 238.6237 293.3471 311.2957 376.1399 275.0259 175.5000 213.0000
220.9440 0.0000 192.5097 171.0738 170.6436 149.6638 151.0381 155.4236 165.5030 179.5842 196.8102 211.4249 227.1371 241.4772 251.9246 246.8952 257.5524 240.4704 258.5445 274.5041 292.3769 271.5290 247.7019 234.7105 219.5592 210.1767 30.7327 200.2823 180.2498 173.1509 146.5401 155.9134 184.5061 191.1838 181.1526 209.4803 192.3311 176.1391 161.5240 144.2333 133.7535 124.3111 121.2023 99.7459 80.7233 100.4801 14.0000 68.4471 21.0000 38.8104 23.2594 51.6382 68.2294 60.7454 41.2462 38.1608 25.6564 22.7706 16.3248 31.9766 35.7001 48.0755 55.7606 67.1509 80.6102 71.4003 83.0060 74.1839 81.3910 78.5000 92.5000 92.7645 99.7459 103.5012 117.5085 120.6493 168.2037 165.9654 180.2672 178.1376 189.1296 193.8298 183.1202 186.9037 200.2823 204.8811 172.0596 146.6160 140.1178 159.9977 155.5611 162.2999 157.9699 170.3621 169.0000 156.5000 157.1250 135.7240 135.0000 121.0000 122.8953 109.1387 115.3170 108.3940 118.3057 106.8000 116.0711 111.0158 116.0711 99.0467 90.1249 76.9708 72.9555 65.6220 64.0703 44.1022 46.1736 65.5134 79.7386 100.9752 100.2447 121.2023 124.3111 130.9236 144.2333 161.5240 176.1391 194.6722 209.4803 195.3746 213.9959 226.9471 31.7530 252.5074 266.6252 287.1346 277.9681 289.2542 294.8033 290.6303 282.3424 294.0973 273.8558 261.1915 252.5495 232.6768 229.9837 217.0495 203.8020 187.6146 194.3946 210.0601 222.9361 226.3830 232.5753 239.3392 251.5179 251.9246 266.4029 254.9363 259.1033 253.5597 262.7570 227.1371 211.4249 201.4330 189.8401 164.4460 157.6396 152.1923 149.6638 171.1432 171.5721 193.0084 100.0800 228.4294 249.3933 250.6257 222.3342 201.5254 180.2672 159.0739 276.8831 117.5085 96.7910 76.9708 57.5522 40.3051 29.0259 19.7990 45.5247 57.1183 79.2985 103.5012 124.3111 66.4248 165.9654 187.1824 39.5601 222.3342 283.2419 167.0269 266.4029 202.3858 35.1070 159.9977 13.0000 226.9471 169.1663 185.3463 204.1844 172.2222 241.8305 177.9396 243.3398 139.7006 153.6636 87.2840 146.9098 111.3564 189.6345 201.7176 54.0833 47.1275 15.8824
28.5000 192.5097 0.0000 21.5000 30.0541 47.4052 55.3760 70.7001 95.0329 121.1961 148.2236 168.9334 189.8190 186.2451 185.1324 177.6380 177.6380 149.1643 151.7012 179.7735 207.9621 206.0000 209.0365 213.7405 223.0387 231.9014 204.0159 246.2945 229.0196 223.0050 201.0622 187.6086 206.9988 213.4649 210.9556 198.1565 178.2505 158.7608 140.2926 116.6072 100.4092 82.7481 74.0405 94.8538 112.5000 92.5000 192.0000 125.0000 171.5721 156.3530 172.6760 162.2359 170.0331 185.1540 178.0204 184.7546 181.5055 202.6339 201.5254 222.3342 223.3394 237.6663 240.1567 253.8725 258.9247 245.4913 249.9000 229.7983 232.6768 213.1203 219.5592 213.4649 217.0420 199.0339 207.6445 199.0986 234.0139 241.3265 252.1830 266.6252 274.6525 310.5382 303.4617 314.4281 323.1671 334.4671 313.8511 299.3263 286.6444 297.8813 286.2818 290.3364 273.2261 281.1961 265.2414 256.7767 246.4838 232.1314 243.0329 234.7105 252.6010 245.4043 264.3218 260.9737 280.0326 274.6566 288.2195 285.8785 292.5107 284.7846 280.7356 266.9054 265.0368 257.5815 256.5638 236.6115 236.0000 256.0000 270.5000 292.0000 292.7542 313.7037 315.8722 319.4761 326.3821 335.5741 343.7048 354.5296 363.5849 341.0385 352.8714 374.7066 163.5000 411.3052 429.6103 454.8255 448.6583 461.8052 468.1805 465.3536 459.7817 472.8121 459.2004 445.7724 440.0810 419.2523 417.5290 403.9462 389.9093 372.5336 376.5146 393.7147 407.6205 409.7722 416.4652 420.7461 434.0291 419.9452 443.7212 430.7372 433.4426 427.0158 433.0095 388.3906 378.6218 372.5899 365.7639 351.3239 347.4453 344.1344 342.1451 363.6069 363.0000 384.5000 292.1712 420.0000 441.0000 441.2383 412.7548 391.7684 370.2840 348.8015 442.3893 306.3434 284.8693 263.8987 242.4340 220.9762 187.0628 178.0000 157.1703 143.2358 118.8876 93.6296 72.4655 132.7940 31.9766 16.1012 155.0000 31.9766 465.4911 217.8669 165.9654 242.5283 172.1119 212.0312 179.5467 217.8922 270.7199 321.9585 346.5649 355.7000 407.4236 358.9324 398.8211 212.5094 222.8508 110.4559 217.7992 267.2943 290.2848 351.6049 246.5867 147.0000 184.5000
50.0000 171.0738 21.5000 0.0000 21.0000 29.6985 41.2462 60.2764 87.5557 115.4264 143.5444 164.8431 186.1881 185.0000 185.5674 178.0913 179.7735 151.7012 157.1655 184.4078 211.9811 207.1189 206.4752 209.0365 215.7128 222.8475 182.5767 235.1983 217.0420 210.6858 187.3052 175.3775 196.8026 203.5927 200.1562 191.5078 170.8289 150.3804 130.7335 104.9119 86.5520 65.2419 53.7703 74.0405 91.0000 71.0000 170.5000 103.5000 150.1541 135.1481 151.4142 141.9128 150.7647 165.5030 157.4817 164.1417 160.4759 181.5055 180.2672 201.0305 202.1417 216.4313 219.1632 232.8229 238.3217 224.9961 229.7983 209.9738 213.1203 193.9755 201.0286 195.1269 199.0339 181.7863 191.1753 183.1529 220.6066 227.3109 238.8054 252.1830 260.6554 294.6035 287.1346 297.6915 306.9076 317.8050 296.0308 280.5851 268.1795 280.1580 268.9136 273.2261 256.7767 265.2414 250.1185 241.1234 231.4357 216.0862 226.4316 217.4747 234.7105 226.9471 245.4043 241.7943 260.5235 254.7361 268.1441 265.6261 272.1989 263.8788 259.5039 245.7036 243.6724 236.2255 235.1154 215.1726 214.5000 234.5000 249.0000 270.5000 271.3139 292.2555 294.5819 298.4430 305.8243 315.6157 324.2472 335.7000 345.2495 323.1873 335.6501 356.9429 142.0000 392.8438 410.8725 435.7660 429.3251 442.3418 448.6583 445.7076 439.8869 452.8250 438.5935 425.2226 419.2523 398.4950 396.6815 383.1452 369.1619 351.8615 356.0737 373.1789 387.0171 389.2827 395.9419 400.4423 413.6496 400.7558 423.8080 410.9273 413.7623 407.3945 413.6726 369.6282 359.3498 352.9887 345.7759 330.4637 326.3372 322.8099 320.6883 342.1451 341.5000 363.0000 270.6848 398.5000 419.5000 419.7505 391.2688 370.2840 348.8015 327.3213 423.4808 284.8693 263.3994 242.4340 220.9762 199.5276 165.6359 156.5000 135.7765 121.8657 97.5833 72.4655 51.5800 111.4473 16.1012 20.5061 133.5000 52.0601 445.1755 205.2395 170.9744 231.9014 150.6992 199.0339 158.1210 211.8638 255.2900 304.6129 329.0137 335.1123 388.3906 338.5414 380.5733 197.6487 208.7277 89.1866 203.3255 247.9970 275.3271 333.5135 225.1427 125.5000 163.0000
54.2310 170.6436 30.0541 21.0000 0.0000 21.0000 25.5196 41.2462 67.3573 94.8538 122.8088 144.0391 165.3390 164.0000 164.6398 157.1703 159.0739 131.1345 137.4191 164.2932 191.6377 186.2451 185.5290 188.3753 195.7575 203.5927 185.4299 217.0420 199.4449 193.3249 171.0738 157.9248 178.0934 184.7187 181.7925 171.3075 150.8526 130.7335 111.5807 86.9626 70.3580 53.9676 49.5000 71.0000 93.3916 74.0405 171.7884 105.6089 149.6638 133.0338 149.5301 136.0193 142.0880 157.6396 152.1923 159.0739 157.1703 178.5896 178.1579 199.1413 199.5276 213.9918 215.3938 229.2782 232.9297 219.2767 222.8862 202.3858 204.8811 184.8851 190.7367 184.5061 187.8523 169.4705 177.8004 169.1449 204.0913 211.3203 222.2724 236.5867 244.6554 280.5463 273.5384 284.6002 293.2256 304.6129 284.4543 270.5642 257.6766 268.4446 256.6876 260.6386 243.3398 251.2131 235.1898 226.7609 216.4313 202.1788 213.2000 205.1006 223.2935 216.4809 235.7589 232.6768 252.0843 247.2903 261.0809 259.0623 265.7974 259.5862 256.9012 242.9532 242.1162 234.6199 234.5341 214.5373 215.5255 235.4384 249.8840 271.3139 270.5000 291.5000 292.2918 294.6545 300.1408 308.1757 315.6157 325.7952 334.4671 311.6424 323.1873 345.2495 143.5444 382.2502 400.7558 426.2405 420.3534 433.6395 440.0810 437.4086 432.1811 445.3431 432.9310 419.3796 414.4159 393.4034 391.9416 378.2357 364.0639 346.5090 349.9464 367.3370 381.3873 383.2754 390.0372 393.8591 407.2800 391.5051 416.1577 403.0326 405.5604 399.0617 404.7172 359.5775 350.2945 344.6505 338.3785 325.8562 322.8761 320.7215 320.0000 341.5000 342.1451 363.6069 270.7236 399.0529 420.0253 420.9994 392.6083 371.6991 350.3034 328.9213 413.6726 286.7063 265.3851 244.5900 223.3394 202.1417 168.7757 157.9027 139.5896 126.1002 102.8227 79.3804 60.9139 116.0625 36.1836 38.3471 135.1416 61.3209 438.5935 188.1017 151.0174 213.4649 154.1436 182.1771 157.6555 191.5078 240.6824 292.3354 317.0189 329.4879 378.8380 332.2804 369.6282 182.4555 192.8296 94.8907 187.7532 239.1161 260.2307 322.3387 224.5356 127.2448 164.3472
74.0405 149.6638 47.4052 29.6985 21.0000 0.0000 14.5000 35.5000 64.0000 92.5000 121.0000 142.5000 164.0000 165.3390 167.7982 160.4759 164.1417 137.2379 146.3728 171.8524 198.1565 189.8190 185.1324 185.5674 189.9316 195.7575 164.8674 206.8363 188.2877 181.7925 157.9248 146.6160 169.0806 176.0454 172.0596 166.4580 145.3221 124.3111 103.9820 76.9708 57.5522 35.7001 28.5000 50.0000 73.0821 54.2310 150.9677 85.1308 128.6905 112.0402 128.5350 115.5692 122.6540 137.8849 131.6226 138.4648 136.2736 157.6682 157.1790 178.1579 178.5896 193.0453 194.5983 208.4574 212.4671 198.8875 202.8602 182.5842 185.3463 165.7181 172.2222 166.1821 169.8897 152.3064 161.5240 153.4568 191.2910 197.8213 209.4803 222.5921 231.1498 264.9156 257.4825 268.1105 277.2494 288.2117 266.8169 251.9563 239.3392 250.8954 239.5047 243.7345 227.1371 235.5525 220.4410 211.4249 201.7684 186.3981 196.8102 188.0060 205.5164 198.0934 216.9245 213.5708 232.6768 227.4742 241.1353 238.9482 245.6364 238.9017 235.9815 222.0434 221.1272 213.6317 213.5375 193.5413 194.6362 214.5303 228.9651 250.3822 249.5000 270.5000 271.3531 273.8964 279.7901 288.3925 296.3296 307.1490 316.3325 293.9932 306.2042 327.7121 122.8088 364.0155 382.2502 407.4236 401.2605 414.4240 420.8102 418.0147 412.5415 425.6201 412.6151 399.1106 393.8915 372.9333 371.3910 357.7195 343.5877 326.0897 329.7400 347.0540 361.0502 363.0441 369.7783 373.8074 387.1640 372.5403 396.4924 383.4609 386.1169 379.6726 385.6125 341.0235 331.2208 325.2461 318.5922 305.2593 302.0761 299.7720 299.0000 320.5000 321.1873 342.6441 249.7424 378.0837 399.0529 400.0781 371.6991 350.8009 329.4184 308.0523 395.0013 265.8806 244.5900 223.8331 202.6339 181.5055 148.3113 137.1177 119.3995 106.1143 83.4296 61.3209 45.5247 96.2834 38.1608 50.2046 114.4432 79.3804 418.5526 176.2278 159.2082 203.8020 133.7956 169.8897 136.6794 187.1824 225.5948 275.2036 299.6865 309.1331 360.0226 312.1078 351.6049 168.0149 179.2268 75.8238 173.7534 219.9011 245.6603 304.4475 203.5393 106.5892 143.5444
79.3804 151.0381 55.3760 41.2462 25.5196 14.5000 0.0000 21.0000 49.5000 78.0000 106.5000 128.0000 149.5000 150.9677 153.6571 146.3702 150.3804 123.8245 133.8777 158.7608 184.6923 175.7171 170.6436 171.1155 175.8387 182.1160 168.5853 193.9755 175.8024 169.4705 146.4189 134.1436 155.7562 162.6230 158.9851 152.1923 131.1345 110.2474 90.1249 63.7279 45.5247 29.3471 31.9766 52.0601 78.4873 61.3209 153.6571 89.8137 130.2862 112.5889 129.0136 112.8716 117.4915 133.3135 129.2604 136.2213 135.5000 157.0000 157.1560 178.1376 178.0000 192.5000 193.0084 206.9740 209.5292 195.7460 198.7624 178.0204 180.2498 159.9977 165.5030 159.2082 162.4508 143.9618 152.3064 143.7228 179.6218 186.5610 197.8213 211.6566 219.9148 255.1715 248.0897 259.1033 267.7919 279.1259 258.9710 245.3227 232.3456 242.9532 231.1715 235.1197 217.8669 225.8257 210.0155 201.4330 191.2727 176.7555 187.7032 179.5842 197.8415 191.1838 210.6336 207.7023 227.3021 222.8862 236.8122 235.0170 241.8140 236.7219 235.1042 221.1108 221.1108 213.6147 214.3000 194.3824 196.7295 216.4313 230.7472 252.0129 249.9210 270.8884 270.5906 271.9972 276.4403 283.6909 290.7103 300.5516 309.0639 286.1577 297.6680 319.7507 126.1002 356.8648 375.4471 401.0477 395.2989 408.6545 415.1295 412.5415 407.5110 420.7461 409.0947 395.4700 391.0003 369.8784 368.5987 354.8197 340.5675 322.9059 325.9697 343.4738 357.6101 359.3205 366.1233 369.6434 383.1452 366.3885 391.5150 378.3120 380.7374 374.2005 379.6726 334.2922 325.2461 319.8175 313.8809 302.6714 300.3552 299.0819 299.3514 320.8278 322.4601 343.8375 250.7997 379.1655 400.0781 401.6245 373.3631 352.5635 331.2948 310.0581 388.4215 268.2019 247.1113 226.5855 205.6702 184.8892 152.4336 140.0732 124.4829 111.8034 90.5552 70.7107 57.5522 102.5195 51.9230 61.3209 117.9682 86.8389 414.3483 164.0625 146.3728 190.7367 138.3510 157.9248 138.1828 172.8656 215.4188 266.8169 291.5069 305.7728 353.6531 308.2629 344.1965 157.3412 168.0149 83.6002 162.7882 214.2061 235.1197 296.8880 204.3392 110.3653 146.3702
90.7373 155.4236 70.7001 60.2764 41.2462 35.5000 21.0000 0.0000 28.5000 57.0000 85.5000 107.0000 128.5000 130.2046 133.3135 126.1002 130.7335 104.9119 116.6072 140.2926 165.5030 155.4236 149.6638 150.2015 155.5611 162.6230 175.9602 175.8024 158.3304 152.3064 130.8148 116.9124 136.8832 143.5557 140.5463 131.6226 110.7305 90.1249 70.5160 45.9157 31.9766 31.7530 45.5247 61.3209 89.9569 75.4470 159.8202 99.9925 135.3459 116.6201 132.5462 112.2185 112.9347 129.3155 128.6905 135.6807 137.1177 158.3982 159.4773 180.1888 179.2345 193.6421 192.6272 206.6186 207.0085 193.0453 194.5983 173.3587 174.7484 153.7734 157.6396 151.0174 153.4772 133.7535 140.5463 131.1955 163.5268 171.1198 181.6625 196.6380 204.3734 241.9060 235.4071 246.9868 254.9363 266.8169 248.6705 236.9625 223.5006 232.5753 220.2391 223.7236 205.5164 212.7046 195.8379 188.0060 177.0770 164.0625 175.8024 168.8564 188.1575 182.7601 203.0185 200.7617 220.9779 217.7872 232.0194 230.8246 237.7415 235.1197 235.4167 221.4430 222.7667 215.3282 217.1232 197.4905 201.5800 220.8495 234.8963 255.8173 252.0129 272.8195 270.8620 270.6040 272.8850 278.0836 283.6909 292.0107 299.4704 275.7685 286.1577 309.0639 133.5412 347.3219 366.3885 392.5802 387.4652 401.0817 407.6770 405.4041 401.0440 414.4855 404.8636 391.0914 387.7373 366.4273 365.5380 351.6390 337.2525 319.4077 321.5917 339.3217 353.6241 354.9102 361.7959 364.5521 378.2357 358.3329 385.1610 371.7324 373.8074 367.1471 371.9049 325.4432 317.5689 312.9812 308.1416 300.1283 299.0940 299.3276 301.1001 322.4601 325.4420 346.6356 253.7962 381.7047 402.4854 404.7756 376.7506 356.1488 335.1078 314.1290 379.6726 272.8979 252.2003 232.1250 211.7575 191.6377 160.5522 146.8077 134.3019 122.6418 103.6400 86.8389 76.5065 114.2421 72.3671 79.3804 125.8908 100.4092 409.0947 147.1954 128.4134 172.2222 147.2481 141.4399 142.9633 152.1923 201.6216 255.6428 280.5677 302.0761 345.3006 303.8371 334.2922 143.0813 152.7613 97.6217 147.9899 207.4831 220.6519 286.8876 207.2981 118.7960 152.8275
110.7520 165.5030 95.0329 87.5557 67.3573 64.0000 49.5000 28.5000 0.0000 28.5000 57.0000 78.5000 100.0000 102.1812 106.1143 99.0783 104.9119 80.9089 95.5877 116.6072 140.2926 128.2468 121.2023 121.8657 128.4134 136.8832 189.2650 152.3064 136.2213 130.8148 112.4822 95.9596 112.4822 118.7266 116.9124 103.9820 83.5135 63.7279 45.9157 29.4703 31.7530 51.1713 70.0589 81.2158 110.1136 98.6154 171.9746 118.4536 146.8103 127.5343 142.2436 117.4915 112.8716 129.2604 133.3135 140.0732 144.2584 164.6185 166.8570 186.7518 184.7546 198.7624 195.7460 209.5292 206.9740 193.0084 192.5000 171.0000 171.1644 149.6880 151.0381 144.1128 145.3221 124.3111 128.4134 118.1059 143.7228 152.3064 161.5240 178.2000 185.0142 225.7881 220.2391 232.5753 239.3392 251.9563 236.9625 228.2323 214.2224 220.9174 207.8906 210.6336 191.1838 197.0913 178.7575 172.2222 160.2202 149.8541 162.6230 157.6396 178.1600 174.7484 195.8373 194.5983 215.3938 213.9918 228.4606 228.1233 235.1197 235.9364 238.8122 225.0494 228.1080 220.8495 224.0675 205.1006 211.3463 229.7983 243.3290 263.5816 257.5777 277.9681 273.8184 271.3139 270.6040 272.8850 276.4403 282.5111 288.3925 263.6968 272.3545 296.3296 147.8716 336.0405 355.7123 382.6356 378.4415 392.3713 399.1106 397.2911 393.8915 407.5690 400.8132 386.8970 385.1006 363.6362 363.2895 349.3011 334.8141 316.8320 317.7806 335.7119 350.1617 350.8518 357.8156 359.4941 373.3631 349.1278 378.2357 364.5521 366.1233 359.3205 363.0441 315.2792 309.1331 305.7728 302.5178 299.0105 299.7366 302.0054 305.7728 326.8276 331.5799 352.4046 260.5288 386.9512 407.4644 410.7341 383.1452 362.9067 342.2813 321.7705 369.3806 281.6603 261.6567 242.3659 222.9361 203.9222 175.0321 159.9539 151.3151 141.0682 124.9020 111.3564 103.5012 133.8301 100.4801 105.6433 141.0009 122.2344 403.6066 126.3022 105.8454 148.1595 162.9149 121.3198 153.8611 124.3111 185.0757 242.5716 267.6490 299.3514 335.7384 300.0854 322.5554 126.7636 134.5595 119.9552 130.6532 201.5254 202.8522 275.3039 214.5606 134.7043 165.4962
133.8777 179.5842 121.1961 115.4264 94.8538 92.5000 78.0000 57.0000 28.5000 0.0000 28.5000 50.0000 71.5000 74.5201 79.8279 73.1864 80.9089 60.9139 79.3804 95.5877 116.6072 101.7964 92.7645 93.6296 102.0061 112.4822 205.6818 130.8148 116.9124 112.4822 99.0783 79.8279 90.5097 95.9596 95.9596 76.9708 57.5522 40.3051 29.4703 35.4013 51.1713 76.5065 96.7910 105.1487 133.3501 124.0252 187.7032 140.3157 162.5192 143.3675 156.5966 128.9961 119.7925 135.3459 143.5557 149.8541 156.3466 175.3083 178.5329 197.2536 194.3399 207.7023 202.8602 216.1903 210.8281 197.1357 194.5983 173.3587 172.2846 150.9677 149.6638 142.6718 142.5000 121.0000 121.8657 110.9516 127.2635 136.8832 144.2333 162.6914 168.2751 212.2887 207.8906 220.9174 226.2709 239.5772 228.2323 222.8301 208.4574 212.4671 198.8875 200.7617 180.2498 184.5840 164.8651 159.9977 147.0009 140.0732 153.6571 151.0381 172.3463 171.1644 192.6460 192.5000 213.5000 213.9585 228.4294 228.9651 235.9364 240.1567 245.4913 232.1250 236.7826 229.7983 234.2958 216.2279 224.3312 241.7943 254.6885 274.1031 266.0949 285.8785 279.6627 274.9918 271.3139 270.6040 271.9972 275.6433 279.7901 254.2602 260.9449 285.8785 165.9013 326.8616 347.0540 374.6001 371.3910 385.5755 392.4315 391.0914 388.7020 402.5559 398.7637 384.7733 384.5637 363.0675 363.2699 349.2807 334.7928 316.8095 316.5000 334.5000 349.0000 349.0806 356.0790 356.6486 370.6241 342.0563 373.3631 359.4941 360.5343 353.6241 356.2489 307.4301 303.1518 301.1001 299.5117 300.6027 303.0697 307.3142 312.9812 333.5813 340.0037 360.3419 270.1157 394.1935 414.3483 418.5526 391.5150 371.7324 351.6252 331.6926 361.0502 292.9441 273.7663 255.3919 237.0322 219.2442 192.6655 176.7555 171.4060 162.4315 148.6077 137.4191 131.1345 156.1866 128.7633 132.8317 159.8077 146.3728 400.0781 108.9151 86.8389 125.9623 181.7278 105.1487 168.9157 96.7910 171.6952 232.2784 257.2513 299.3276 328.3786 299.0150 312.9812 115.2833 120.4201 144.4749 117.7455 199.5000 187.7105 266.2790 225.2210 154.2806 181.7863
158.7608 196.8102 148.2236 143.5444 122.8088 121.0000 106.5000 85.5000 57.0000 28.5000 0.0000 21.5000 43.0000 47.8539 55.7606 50.2046 60.9139 49.9925 71.3442 79.3804 95.5877 76.8261 64.3817 65.6220 77.1038 90.5097 224.5290 112.4822 102.0061 99.0783 92.7645 71.8418 73.1864 77.1038 79.8279 51.5873 35.7001 28.5000 35.4013 57.1183 76.5065 103.5012 124.3111 130.9236 158.3161 150.5457 206.1898 164.2262 181.3732 162.6899 174.4599 145.2593 132.6084 146.8103 158.3304 164.0625 172.3441 189.7136 193.7298 211.1072 207.4277 219.9966 213.5708 226.2709 218.3649 205.1761 200.7617 180.2498 178.0204 157.4817 153.6571 146.8554 145.3221 124.3111 121.8072 110.8873 115.5865 126.1002 130.9236 151.0174 155.0073 201.9338 198.8875 212.4671 216.1903 230.0804 222.8301 221.0000 206.5000 207.6162 193.6969 194.5983 173.3587 175.8465 155.0202 152.1923 138.4648 135.6807 149.6638 149.6638 171.1432 172.2846 193.6421 194.5983 215.3938 217.6890 231.9273 233.3115 240.1567 247.6065 255.1965 242.3659 248.4416 241.7943 247.4010 230.3633 240.0130 256.4103 268.6038 287.0788 277.2927 296.3296 288.2195 281.5213 274.9918 271.3139 270.5000 271.6073 273.8964 247.7600 252.2538 277.9681 186.5610 319.9660 340.5675 368.5987 366.4273 380.7969 387.7373 386.8970 385.5548 399.5178 398.7458 384.7548 386.1353 364.7318 365.4795 351.5782 337.1891 319.3407 317.7806 335.7119 350.1617 349.6312 356.6188 356.0688 370.0662 337.2525 370.6241 356.6486 357.1390 350.1617 351.6390 302.0761 299.7720 299.0819 299.2023 304.8627 309.0065 315.1210 322.5554 342.5803 350.5485 370.3080 282.2663 403.3240 423.0440 428.1291 401.7365 382.4830 362.9718 343.6979 354.8197 306.4710 288.1948 270.8011 253.5597 237.0153 212.6693 196.2760 193.6188 185.7209 173.7599 164.2932 159.0739 180.2845 157.1250 160.4759 181.1636 171.8524 398.5615 96.9394 74.1839 106.8000 202.8133 94.9658 187.1263 70.0589 162.2652 225.1444 249.6898 302.0054 323.3717 300.6547 305.7728 110.1635 111.8939 170.2388 110.8253 201.5254 175.9148 260.0793 238.8247 176.3073 200.8183
178.2505 211.4249 168.9334 164.8431 144.0391 142.5000 128.0000 107.0000 78.5000 50.0000 21.5000 0.0000 21.5000 30.0541 41.5030 38.1608 51.4417 51.5800 72.4655 72.3671 82.7481 60.1041 43.0726 44.9055 60.4587 76.8261 240.0104 101.7964 94.9658 93.5535 93.6296 72.9555 65.5134 67.5148 72.8577 35.7001 28.5000 35.7001 51.1713 76.5065 96.7910 124.3111 145.3221 151.0174 177.8546 170.9744 221.5457 183.1352 197.1357 178.8973 189.6642 159.8124 145.2593 158.3304 171.7797 177.0770 186.3981 202.5660 207.0604 223.4032 219.2442 231.1715 223.7236 235.8776 226.2709 213.5708 207.8906 188.1575 185.1540 165.5030 159.9977 153.4772 151.0174 130.9236 126.1002 115.5865 110.8873 121.8072 124.3111 145.3221 147.8733 196.5108 194.5983 208.4574 210.8281 225.0494 221.1108 222.0434 207.6162 206.5000 192.5000 192.6272 171.1432 172.1083 150.7664 149.6638 135.6807 136.2736 150.2015 152.1923 173.3587 176.2023 197.1357 198.8875 219.2767 222.8862 236.8122 238.7991 245.4913 255.1965 264.3218 251.9563 258.9710 252.6010 258.9295 242.7025 253.3269 268.9136 280.5642 298.2993 287.3265 305.7393 296.3296 288.2195 279.6627 273.8184 271.3531 270.5166 271.3531 244.9454 247.6737 273.8184 203.4042 316.3677 337.1891 365.4795 364.1171 378.5743 385.5548 385.1006 384.5637 398.5615 400.0781 386.1353 388.7020 367.4480 368.5987 354.8197 340.5675 322.9059 320.4251 338.2163 352.5635 351.5782 358.5279 357.1390 371.0960 335.1902 370.0000 356.0000 356.0688 349.0702 349.6616 299.7720 299.0000 299.3514 300.7611 309.7773 315.1210 322.5554 331.2208 350.7513 359.7951 379.0729 292.9377 411.3861 430.7372 436.4473 410.5898 391.7716 372.7469 354.0056 351.5782 317.9878 300.4130 283.7693 267.3654 251.7300 228.9541 212.3499 211.3764 204.1666 193.3501 184.8892 180.2672 199.2342 178.5497 181.5055 198.4654 191.6377 398.7637 92.8036 71.0000 95.4804 219.8295 92.5000 202.4413 51.1713 158.2064 222.0434 246.0249 305.7728 321.2203 303.6610 302.0054 111.0867 110.0045 190.1920 110.2905 205.6702 169.6622 257.3995 250.7479 194.0425 216.5554
198.1565 227.1371 189.8190 186.1881 165.3390 164.0000 149.5000 128.5000 100.0000 71.5000 43.0000 21.5000 0.0000 21.0000 35.5000 36.2836 50.0650 61.2066 79.6053 71.3950 74.0405 47.4052 22.1359 25.5196 47.8539 67.3573 256.3616 94.8538 92.5000 92.8036 99.2585 80.0515 64.4380 64.0000 71.8923 28.5000 35.7001 51.5873 70.0589 96.7910 117.5085 145.3221 166.4580 171.4526 197.8004 191.6377 237.8555 202.5617 213.9001 196.1250 205.9933 175.7960 159.8124 171.7797 186.7418 191.6259 201.7684 216.7931 221.6783 237.0153 232.4527 243.7345 235.4071 246.9868 235.8776 223.7236 216.9245 198.0934 194.4151 175.8024 168.8564 162.6914 159.4318 140.5463 133.7535 123.8911 110.2554 121.2322 121.2023 142.6718 143.6323 193.3397 192.6272 206.6186 207.5651 221.9955 221.4752 225.1444 210.9295 207.6162 193.6969 193.0453 171.6137 171.0117 149.5134 150.2015 136.2736 140.2007 153.7734 157.6396 178.1600 182.5842 202.8602 205.3497 225.1544 229.9837 243.5041 246.0493 252.5495 264.3218 274.8295 262.9586 270.8011 264.7159 271.6731 256.2543 267.7074 282.5018 293.6137 310.6047 298.5737 316.3325 305.7393 296.3296 285.8785 277.9681 273.8964 271.1319 270.5000 244.0000 244.9020 271.3139 221.0566 314.2026 335.1585 363.6069 363.0675 377.5649 384.5637 384.5000 384.7733 398.7637 402.5559 388.7020 392.4315 371.3910 372.9333 359.3205 345.2543 327.8452 324.4757 342.0563 356.2489 354.8197 361.7071 359.4941 373.3631 334.5000 370.6241 356.6486 356.2952 349.3011 349.0000 299.0000 299.7720 301.1594 303.8371 316.0811 322.5554 331.2208 341.0235 360.0226 370.0611 388.8303 304.7544 420.3942 439.3487 445.6484 420.3573 401.9966 383.4795 365.2893 349.6312 330.5034 313.6308 297.7268 282.1356 267.3654 246.0412 229.3147 229.7743 223.1597 213.3085 205.6702 201.5254 218.6561 199.9906 202.6339 216.5208 211.7575 400.1228 93.5535 74.1839 88.0412 237.5737 94.9658 218.7996 35.4013 157.0127 221.0000 244.2048 310.9843 320.5000 308.1416 299.7366 116.0560 112.2776 210.4501 113.8870 211.9257 165.9789 256.5000 263.8868 212.4741 233.2145
191.6377 241.4772 186.2451 185.0000 164.0000 165.3390 150.9677 130.2046 102.1812 74.5201 47.8539 30.0541 21.0000 0.0000 14.5000 16.3248 29.4703 45.9157 61.6117 50.5594 54.2310 30.0541 25.2389 41.2462 67.3573 87.5557 270.0449 115.4264 113.5000 113.7475 119.0725 99.2585 85.3302 85.0000 92.8036 49.5000 53.9676 65.5687 80.9089 104.9119 124.2829 150.8526 171.3075 178.7093 206.1698 198.1565 251.5855 211.9841 227.1371 208.8301 219.7072 189.8664 175.1713 188.0060 201.7684 207.0085 216.4313 232.4527 237.0153 253.1664 248.9001 260.6386 252.8685 264.7952 254.4646 242.0294 235.7589 216.4809 213.1203 193.9755 187.7032 181.3684 178.4503 158.9851 153.0131 142.8636 131.2145 142.1979 142.1724 163.6498 164.4878 214.2574 213.6147 227.6077 228.4672 242.9094 242.4340 245.7906 231.5281 228.5137 214.5798 213.9918 192.5467 192.0104 170.5117 171.1155 157.1703 160.5872 174.2591 177.6802 198.4036 202.3858 222.8862 225.1544 245.1581 249.6007 263.2703 265.6261 272.1989 283.1554 292.9885 280.8385 288.1948 281.9264 288.4688 272.4596 283.2583 298.6892 310.2032 327.7121 316.3325 334.4671 324.4665 315.6157 305.8243 298.4430 294.6545 292.0865 291.5000 265.0000 265.8308 292.2555 233.2145 335.1585 356.1197 384.5738 384.0638 398.5615 405.5604 405.5000 405.7592 419.7505 423.3548 409.4866 413.0284 391.9416 393.4034 379.7502 365.6371 348.1616 344.9906 362.6189 376.8451 375.4943 382.3938 380.3012 394.1840 355.5000 391.5907 377.6126 377.2787 370.2840 370.0000 320.0000 320.7215 322.0186 324.5243 336.0153 342.1126 350.2945 359.5775 378.8380 388.3906 407.4236 322.1727 439.3487 458.4815 464.5218 438.9547 420.3573 401.5626 383.0525 370.5955 347.4773 330.1049 313.6308 297.3558 281.7823 258.8924 242.3164 240.8843 233.3265 221.6134 211.7575 205.5493 228.0581 199.6228 200.0262 228.1387 205.6702 421.0419 114.3602 54.4266 108.5507 249.6002 115.5184 232.4806 53.7703 178.0112 242.0000 265.1886 331.2254 341.5000 328.5578 320.6883 136.1249 132.9182 218.0464 134.2805 231.8027 186.8689 277.5000 280.4002 223.5514 246.5644
188.3753 251.9246 185.1324 185.5674 164.6398 167.7982 153.6571 133.3135 106.1143 79.8279 55.7606 41.5030 35.5000 14.5000 0.0000 7.5000 15.8824 38.6264 50.5594 36.2836 41.2462 22.1359 35.4013 54.2310 81.2604 101.6919 280.0223 129.7112 128.0000 128.2195 132.9662 112.8938 99.7823 99.5000 107.2625 64.0000 67.5148 77.1038 90.5097 112.4822 130.7364 156.2122 176.0454 184.9493 212.9677 203.8020 261.6295 219.4288 236.9325 218.3512 229.8195 200.2910 186.4196 199.7298 212.7352 218.1771 227.1371 243.7345 248.0897 264.7159 260.6386 272.6431 265.2249 277.3522 267.5070 254.9117 248.9659 229.4390 226.2709 206.8363 200.9658 194.5411 191.8235 172.0596 166.5570 156.2666 145.6932 156.6796 156.6565 178.1376 178.9078 228.7094 228.1074 242.1012 242.9094 257.3582 256.9095 260.0793 245.7906 242.9532 229.0115 228.4606 207.0085 206.5097 185.0108 185.5674 171.6137 174.7484 188.4702 191.6377 212.4671 216.1903 236.8122 238.9482 259.0623 263.2703 277.0244 279.2642 285.8785 296.3296 305.7393 293.4255 300.4738 294.0973 300.3748 284.0158 294.3909 310.2032 321.9585 339.7793 328.8176 347.1772 337.5533 329.0547 319.6752 312.6212 309.0065 306.5587 306.0000 279.5000 280.2878 306.7197 242.3164 349.6312 370.5955 399.0529 398.5615 413.0593 420.0583 420.0000 420.2502 434.2422 437.7271 423.8502 427.2730 406.1582 407.5690 393.8915 379.7502 362.2351 359.1883 376.8451 391.0914 389.7900 396.6967 394.6799 408.5710 370.0000 406.0696 392.0899 391.7684 384.7733 384.5000 334.5000 335.1902 336.4316 338.8307 349.8521 355.7123 363.5884 372.5403 391.9592 401.1995 420.3942 334.4398 452.5417 471.7849 477.6570 451.9187 433.1749 414.2092 395.5028 385.0730 359.4458 341.7697 324.9500 308.2617 292.2028 268.3664 251.9246 249.3000 241.1649 228.3008 217.0495 209.5143 235.4257 200.6552 199.5000 236.9156 202.6339 435.4905 128.7633 41.5030 122.8088 258.5740 129.7931 242.5387 67.3573 192.5104 256.5000 279.6788 345.2543 356.0000 342.6959 335.1585 150.1308 147.2294 224.2911 148.4604 245.6364 201.3064 292.0000 292.1387 232.0022 256.3811
181.0152 246.8952 177.6380 178.0913 157.1703 160.4759 146.3702 126.1002 99.0783 73.1864 50.2046 38.1608 36.2836 16.3248 7.5000 0.0000 14.0000 31.7530 45.5247 35.5000 45.5247 29.3471 40.3051 57.5522 83.5135 103.5012 274.7294 131.1345 128.2195 128.0000 131.1345 110.7305 99.5000 99.7823 107.0000 64.4380 65.5134 73.1864 85.3712 106.4002 124.2508 149.4021 169.0806 178.3326 206.4861 197.0190 256.3811 213.1437 231.5777 212.8814 224.6291 195.2953 181.9299 195.5460 208.0385 213.6001 222.2724 239.2075 243.4281 260.3522 256.4103 268.6038 261.4728 273.7663 264.3979 251.6471 246.0493 226.2709 223.3098 203.5927 198.1565 191.6377 189.1560 169.0806 164.1417 153.6896 145.5000 156.5000 157.1703 178.5896 179.8173 229.4216 228.4606 242.4340 243.6724 258.0785 256.5955 258.9450 244.5900 242.4046 228.4294 228.1074 206.6186 206.5732 185.0817 185.1324 171.1432 173.3587 187.1824 189.8190 210.8281 214.0899 234.8963 236.8122 257.0934 260.9310 274.8022 276.8705 283.5406 293.3471 302.3165 289.8573 296.6366 290.1758 296.2453 279.6449 289.7365 305.7896 317.7082 335.7547 325.1419 343.6979 334.4563 326.3713 317.5862 311.1724 308.0523 306.1976 306.0919 279.6006 280.9493 307.3243 236.6400 350.1617 371.0960 399.5178 398.7637 413.2545 420.2502 420.0670 420.0583 434.0564 436.8137 422.9069 425.9589 404.7756 406.0619 392.3318 378.1323 360.5385 357.7709 375.4943 389.7900 388.6290 395.5559 393.8001 407.7211 370.0760 405.7416 391.7502 391.5626 384.5637 384.5731 334.5841 334.7928 335.7119 337.7166 347.7287 353.2315 360.7149 369.3000 388.8808 397.7967 417.1481 330.5771 449.5278 468.8947 474.5735 448.6583 429.7723 410.6495 391.7732 385.5548 355.3379 337.4467 320.4001 303.4617 287.1346 262.8388 246.4696 243.3398 234.9984 221.7769 210.1767 202.3858 229.1048 193.2000 192.0000 231.1066 195.2543 434.9348 128.1649 38.1608 124.3111 252.8325 128.7633 237.3105 70.0589 192.5786 256.6096 280.0473 343.4738 356.0790 341.1440 335.7119 148.4604 146.2712 217.6471 147.1538 243.5590 202.1151 292.0963 287.8910 226.0669 251.0229
178.7974 257.5524 177.6380 179.7735 159.0739 164.1417 150.3804 130.7335 104.9119 80.9089 60.9139 51.4417 50.0650 29.4703 15.8824 14.0000 0.0000 28.5000 35.7001 21.5000 35.7001 29.3471 51.1713 70.0589 96.7910 117.0235 284.9110 144.8318 142.1979 142.0000 144.8318 124.3111 113.5000 113.7475 121.0000 78.3597 79.2465 85.6986 96.3133 115.3646 132.0085 155.9134 174.8607 185.4522 213.9778 203.4859 266.6594 221.2018 241.6945 222.8105 235.0452 206.0734 193.4541 207.4277 219.2442 224.9644 233.2145 250.6118 254.6434 271.9508 268.1795 280.5851 273.7663 286.2167 277.2693 264.3979 259.0758 239.1161 236.3160 216.3932 211.2865 204.7071 202.3858 182.1160 177.5401 167.0045 159.5000 170.5000 171.1155 192.5467 193.6860 243.3398 242.4340 256.4103 257.5815 271.9972 270.5906 272.8195 258.4497 256.3825 242.4046 242.1012 220.6111 220.5686 199.0760 199.1231 185.1324 187.1824 201.0305 203.4877 224.5585 227.6236 248.5080 250.3198 270.6751 274.3228 288.2538 290.2262 296.9263 306.3046 314.9051 302.3165 308.8224 302.2747 308.1059 291.2203 300.9240 317.2936 329.4124 347.7172 337.4807 356.2194 347.3111 339.5324 331.0967 324.9496 321.9631 320.1890 320.0879 293.5958 294.8805 321.2666 246.1229 364.1171 385.0562 413.4834 412.7548 427.2461 434.2422 434.0648 434.0564 448.0547 450.7264 436.8137 439.7693 418.5657 419.8098 406.0619 391.8418 374.2192 371.5535 389.2968 403.6066 402.4854 409.4173 407.7211 421.6474 384.0732 419.7335 405.7416 405.5604 398.5615 398.5706 348.5807 348.7811 349.6634 351.5885 361.2163 366.5167 373.7342 382.0268 401.7365 410.3733 429.8587 342.7204 462.4232 481.8820 487.4095 461.3505 442.3418 423.0756 404.0350 399.5178 367.1961 349.0505 331.7141 314.4281 297.6915 272.5917 256.3811 252.1830 243.3398 229.1048 216.2504 207.2390 237.0338 195.2543 192.5097 240.3128 193.2000 448.9056 142.1487 25.6564 137.9755 262.1569 142.6885 247.6454 83.0437 206.5732 270.6040 294.0213 357.1222 370.0760 354.8820 349.6634 162.2051 160.2038 224.5802 161.0101 257.0934 216.0104 306.0919 299.6152 234.9941 261.1101
150.5432 240.4704 149.1643 151.7012 131.1345 137.2379 123.8245 104.9119 80.9089 60.9139 49.9925 51.5800 61.2066 45.9157 38.6264 31.7530 28.5000 0.0000 21.5000 35.7001 60.9200 57.4282 71.1003 85.7030 108.6520 127.0089 266.5380 153.0131 146.4923 144.8318 142.0000 121.0000 117.0235 119.0725 124.3111 85.9069 79.3363 78.3135 82.8734 96.3133 110.3087 132.0085 149.8933 162.1242 191.0007 179.1682 248.6001 199.0603 223.4032 204.2235 217.5063 189.6905 179.3495 194.3399 203.9222 210.0601 217.0420 235.6364 239.0868 257.4422 254.2410 267.2943 261.6567 274.6566 267.6191 254.2597 250.3198 229.6002 227.6236 206.8653 203.4877 196.6475 195.2543 174.1565 171.7884 160.8765 162.0262 172.8656 175.8387 196.7562 199.4492 247.9516 245.7906 259.5862 262.2689 276.4403 271.3531 270.5906 256.0957 256.4103 242.4340 242.9532 221.5457 223.1059 201.8836 200.1581 186.2451 185.0000 199.0000 199.4919 220.9440 222.2707 243.6144 244.5900 265.3851 267.6177 281.8803 283.1934 290.0560 296.9263 303.7803 290.7103 296.1258 289.2909 294.2669 276.5375 285.0439 302.2747 314.9718 334.0689 325.2461 344.6505 337.2569 331.0967 324.9496 321.2227 320.0766 320.4782 322.0186 295.6996 298.9837 325.0369 226.4316 367.4480 388.2074 416.4196 414.7352 429.1596 436.1250 435.4905 434.5322 448.5156 448.4919 434.5078 436.0760 414.6836 415.4594 401.5626 387.1773 369.3322 367.7176 385.6375 400.0781 399.4825 406.4656 405.7416 419.7335 385.6838 419.7505 405.7592 406.0696 399.0796 400.1228 350.3545 348.8015 348.5000 348.9645 354.7880 358.7161 364.4098 371.2630 391.5150 398.8747 418.8953 329.7302 452.2499 472.1282 476.9028 450.2360 430.7372 410.9273 391.2959 402.5559 353.1306 334.2222 316.0736 297.8813 280.1580 253.3269 237.5416 231.2239 221.5457 205.8088 191.3962 181.1526 214.6002 167.3096 164.0983 220.1022 164.9075 448.0000 143.6941 25.9326 146.5401 242.0630 142.7384 229.8282 96.6075 209.2803 272.8850 297.0829 351.9979 371.7472 350.6202 353.1306 159.5031 160.0703 200.7598 159.6324 251.5179 221.1928 308.1104 285.3647 214.2825 242.6381
149.0000 258.5445 151.7012 157.1655 137.4191 146.3728 133.8777 116.6072 95.5877 79.3804 71.3442 72.4655 79.6053 61.6117 50.5594 45.5247 35.7001 21.5000 0.0000 28.5000 57.0000 63.7279 85.7030 102.7582 127.4559 146.5401 283.8243 173.1509 167.4164 165.9654 163.5000 142.5000 137.9755 139.7176 145.3221 105.8123 100.5510 99.7459 103.3646 114.4225 126.4288 145.7481 162.1242 176.1391 205.1390 191.9427 266.1226 213.9235 240.8843 221.6168 235.4257 208.3009 198.9296 214.2061 222.9361 229.2215 235.6364 254.6885 257.8842 276.6247 273.6480 286.9050 281.6603 294.7991 288.2538 274.8022 271.1609 250.3198 248.5080 227.6236 224.5585 217.6890 216.4313 195.2543 193.1450 182.2142 183.2300 194.1037 196.7562 217.7872 220.2232 268.9763 266.9855 280.8118 283.2936 297.5113 292.7905 292.0839 277.5883 277.8786 263.8987 264.3757 242.9532 244.3768 223.1059 221.5457 207.6162 206.5000 220.5000 220.9440 242.4046 243.6144 264.9835 265.8806 286.7063 288.7741 303.0697 304.2914 311.1724 317.5862 324.0035 310.8155 315.8865 308.9668 313.6308 295.6083 303.5807 321.1561 334.0689 353.4420 345.1148 364.7002 357.7213 351.9194 346.1423 342.6460 341.5717 341.9481 343.3923 317.0505 320.1156 346.2243 243.0329 388.7020 409.4866 437.7271 436.1250 450.5566 457.5251 456.9204 456.0071 469.9920 469.9694 455.9838 457.4784 436.0760 436.8137 422.9069 408.5101 390.6488 389.1227 407.0510 421.4976 420.9323 427.9170 427.2294 441.2222 407.0949 441.2383 427.2461 427.5409 420.5499 421.5400 371.7472 370.2840 370.0000 370.4376 375.9285 379.6380 385.0224 391.5150 411.8935 418.8953 439.0558 349.3440 472.6026 492.5761 497.1544 470.3331 450.7020 430.7372 410.9273 423.8502 372.3204 353.1306 334.6584 316.0736 297.8813 270.1060 254.6434 246.8952 236.5867 219.5325 203.4042 191.3962 229.1124 173.1509 167.3096 236.3752 163.5000 469.5000 164.9735 14.5000 166.5570 258.3259 164.1417 247.5505 114.6702 230.5211 294.2108 318.3410 373.2965 393.1517 371.9976 374.3648 181.0028 181.5028 213.9539 181.1167 272.8195 242.0992 329.4727 304.5887 230.2200 259.9423
177.5000 274.5041 179.7735 184.4078 164.2932 171.8524 158.7608 140.2926 116.6072 95.5877 79.3804 72.3671 71.3950 50.5594 36.2836 35.5000 21.5000 35.7001 28.5000 0.0000 28.5000 40.3051 70.0589 90.1249 117.5085 137.9755 301.1445 165.9654 163.6719 163.5000 165.9654 145.3221 135.0000 135.2082 142.5000 99.7823 100.4801 105.6433 114.4225 130.8635 145.7481 167.7058 185.4522 197.8213 226.6876 214.8191 283.0662 234.6668 257.9389 238.8540 251.7191 223.3226 211.7339 226.1471 237.0322 242.9532 250.6118 268.6038 272.3692 290.1758 286.6444 299.3263 292.9441 305.5982 297.2348 284.2086 279.2642 259.0758 256.4937 236.3160 231.6490 224.9961 222.8862 202.3858 198.2782 187.6466 181.0000 192.0000 192.5467 213.9918 215.0174 264.7310 263.8987 277.8786 278.9597 293.3875 292.0839 294.1500 279.7615 277.8529 263.8717 263.5930 242.1012 242.0625 220.5686 220.6111 206.6186 208.4574 222.3342 224.5585 245.7036 248.5080 269.4893 271.1609 291.6098 294.9987 309.0065 310.8472 317.5862 326.3713 334.4563 321.6971 327.8185 321.1561 326.6504 309.3873 318.5381 335.3304 347.7172 366.3693 356.6686 375.6521 367.2155 359.8673 351.9194 346.1423 343.3402 341.6771 341.5823 315.0893 316.2867 342.6872 261.4771 385.5548 406.5003 434.9348 434.2422 448.7343 455.7307 455.5617 455.5538 469.5522 472.1022 458.1817 461.0003 439.7693 440.9535 427.1815 412.9337 395.2724 392.7496 410.5195 424.8482 423.7833 430.7218 429.1098 443.0432 405.5694 441.2222 427.2294 427.0574 420.0583 420.0670 370.0760 370.2648 371.0960 372.9105 382.0013 387.0171 393.8591 401.7365 421.6213 429.8587 449.5278 361.6303 482.3469 501.9328 507.2418 480.9834 461.8052 442.3418 423.0756 420.9659 385.6867 367.1961 349.4682 331.7141 314.4281 288.2516 272.3022 266.6252 257.1089 241.5083 226.9471 216.2504 250.2484 200.2823 195.2543 255.3008 192.0000 470.3642 163.6292 14.0000 159.0739 277.2436 164.0983 264.1751 103.5012 228.0663 292.0963 315.4857 378.1323 391.5718 376.0173 371.0960 183.3882 181.6205 236.4487 182.3321 277.9681 237.3737 327.5859 317.9788 249.6127 277.2639
