0.0000 728.0110 700.0000 921.9544 1118.0340 1300.0000 1513.2746 1711.7243 1811.0770 1910.4973 2109.5023 2100.0000 2308.6793 2507.9872 2607.6810 2700.0000 2807.1338 3337.6639 3551.0562 3634.5564 3622.1541 3405.8773 3505.7096 3700.0000 3905.1248 4300.0000 4204.7592 4428.3180 4464.3029 4143.6699 3640.0549 3417.6015 3584.6897 3328.6634 3275.6679 3080.5844 3023.2433 2983.2868 3111.2698 3182.7661 2906.8884 2941.0882 3220.2484 3275.6679 3551.0562 3721.5588 3894.8684 4070.6265 4356.6042 4614.1088 4716.9906 5021.9518 5500.0000 5700.8771 5656.8542 5872.8187 6081.1183 6222.5397 6511.5282 6621.9333 6440.4969 6268.1736 6021.6277 6053.9243 6003.3324 5953.9903 5905.9292 5859.1808 5813.7767 5769.7487 5727.1284 5685.9476 5456.1891 5100.0000 4875.4487 5147.8151 5126.4022 5571.3553 5536.2442 5502.7266 5470.8317 5440.5882 5412.0237 5385.1648 5360.0373 5336.6656 5000.9999 4805.2055 4657.2524 4464.3029 4272.0019 4079.2156 4044.7497 4512.2057 4751.8417 4866.2100 5277.3099 5261.1786 5246.9038 5234.5009 5223.9832 5215.3619 5208.6467 5203.8447 5200.9614 4901.0203 4501.1110 3600.0000 3401.4703 3201.5621 3001.6662 2801.7851 2601.9224 2692.5824 2886.1739 3080.5844 3275.6679 3471.3110 3640.0549 3453.9832 3269.5565 3087.0698 2906.8884 2088.0613 1403.5669 1077.0330 1565.2476 1923.5384 1931.3208 2193.1712 2080.8652 2420.7437 2404.1631 2475.8837 2690.7248 2624.8809 2607.6810 2865.3098 2416.6092 2600.0000 2340.9400 2473.8634 2236.0680 2137.7558 2158.7033 1941.6488 1843.9089 1746.4249 1868.1542 1708.8007 1552.4175 1414.2136 1315.2946 1360.1471 1392.8388 1077.0330 1118.0340 1000.0000 282.8427
728.0110 0.0000 200.0000 200.0000 400.0000 632.4555 800.0000 1000.0000 1100.0000 1200.0000 1400.0000 1414.2136 1600.0000 1800.0000 1900.0000 2009.9751 2100.0000 2617.2505 2828.4271 2915.4759 2906.8884 2700.0000 2800.0000 3006.6593 3200.0000 3605.5513 3500.0000 3712.1422 3736.3083 3417.6015 2912.0440 2692.5824 2884.4410 2640.0758 2580.6976 2408.3189 2343.0749 2334.5235 2500.0000 2580.6976 2332.3808 2416.6092 2683.2816 2785.6777 3046.3092 3231.0989 3417.6015 3605.5513 3848.3763 4123.1056 4204.7592 4477.7226 4939.6356 5131.2766 5032.8918 5234.5009 5456.1891 5597.3208 5903.3889 6046.4866 5883.0264 5730.6195 5470.8317 5546.1698 5503.6352 5462.6001 5423.0987 5385.1648 5348.8316 5314.1321 5281.0984 5249.7619 4997.9996 4623.8512 4427.1887 4712.7487 4729.6934 5166.2365 5141.9841 5119.5703 5099.0195 5080.3543 5063.5956 5048.7622 5035.8713 5024.9378 4709.5647 4509.9889 4328.9722 4130.3753 3931.9207 3801.3156 3801.3156 4210.7007 4500.0000 4601.0868 5003.9984 5000.9999 5000.0000 5000.9999 5003.9984 5008.9919 5015.9745 5024.9378 5035.8713 4767.5990 4373.7855 3471.3110 3255.7641 3059.4117 2863.5642 2668.3328 2473.8634 2400.0000 2600.0000 2800.0000 3000.0000 3200.0000 3255.7641 3059.4117 2863.5642 2668.3328 2473.8634 1802.7756 1442.2205 854.4004 1200.0000 1513.2746 1600.0000 1811.0770 1581.1388 1878.8294 1802.7756 1886.7962 2061.5528 1984.9433 1920.9373 2163.3308 1700.0000 1878.8294 1615.5494 1746.4249 1513.2746 1414.2136 1431.7821 1216.5525 1118.0340 1019.8039 1140.1754 984.8858 824.6211 700.0000 600.0000 632.4555 670.8204 360.5551 424.2641 412.3106 500.0000
700.0000 200.0000 0.0000 282.8427 447.2136 600.0000 824.6211 1019.8039 1118.0340 1216.5525 1414.2136 1400.0000 1612.4515 1811.0770 1910.4973 2000.0000 2109.5023 2647.6405 2863.5642 2942.7878 2927.4562 2707.3973 2807.1338 3000.0000 3206.2439 3600.0000 3505.7096 3733.6309 3794.7332 3492.8498 2973.2137 2773.0849 3000.0000 2765.8633 2701.8512 2545.5844 2475.8837 2483.9485 2662.7054 2745.9060 2505.9928 2600.0000 2863.5642 2973.2137 3231.0989 3417.6015 3605.5513 3794.7332 4031.1289 4308.1318 4386.3424 4652.9560 5110.7729 5300.0000 5185.5569 5381.4496 5608.0300 5748.9129 6060.5280 6212.8898 6053.9243 5905.9292 5643.5804 5727.1284 5685.9476 5646.2377 5608.0300 5571.3553 5536.2442 5502.7266 5470.8317 5440.5882 5186.5210 4810.4054 4617.3586 4904.0799 4924.4289 5360.0373 5336.6656 5315.0729 5295.2809 5277.3099 5261.1786 5246.9038 5234.5009 5223.9832 4909.1751 4709.5647 4527.6926 4328.9722 4130.3753 4001.2498 4001.2498 4410.2154 4700.0000 4801.0416 5203.8447 5200.9614 5200.0000 5200.9614 5203.8447 5208.6467 5215.3619 5223.9832 5234.5009 4964.8766 4570.5580 3667.4242 3452.5353 3255.7641 3059.4117 2863.5642 2668.3328 2600.0000 2800.0000 3000.0000 3200.0000 3400.0000 3452.5353 3255.7641 3059.4117 2863.5642 2668.3328 2002.4984 1612.4515 1044.0307 1400.0000 1711.7243 1800.0000 2009.9751 1772.0045 2061.5528 1972.3083 2059.1260 2220.3603 2140.0935 2051.8285 2280.3509 1802.7756 1972.3083 1700.0000 1802.7756 1552.4175 1456.0220 1486.6069 1264.9111 1170.4700 1077.0330 1208.3046 1081.6654 894.4272 728.0110 632.4555 721.1103 781.0250 500.0000 583.0952 608.2763 538.5165
921.9544 200.0000 282.8427 0.0000 200.0000 447.2136 600.0000 800.0000 900.0000 1000.0000 1200.0000 1216.5525 1400.0000 1600.0000 1700.0000 1811.0770 1900.0000 2418.6773 2630.5893 2716.6155 2707.3973 2500.0000 2600.0000 2807.1338 3000.0000 3405.8773 3300.0000 3512.8336 3544.0090 3231.0989 2720.2941 2507.9872 2720.2941 2483.9485 2420.7437 2262.7417 2193.1712 2202.2716 2385.3721 2469.8178 2236.0680 2340.9400 2600.0000 2720.2941 2973.2137 3162.2777 3352.6109 3544.0090 3769.6154 4049.6913 4123.1056 4382.9214 4837.3546 5024.9378 4904.0799 5099.0195 5326.3496 5467.1748 5780.1384 5936.3288 5780.1384 5635.6011 5371.2196 5462.6001 5423.0987 5385.1648 5348.8316 5314.1321 5281.0984 5249.7619 5220.1533 5192.3020 4933.5586 4554.1190 4368.0659 4657.2524 4687.2167 5119.5703 5099.0195 5080.3543 5063.5956 5048.7622 5035.8713 5024.9378 5015.9745 5008.9919 4701.0637 4501.1110 4310.4524 4110.9610 3911.5214 3801.3156 3811.8237 4201.1903 4504.4423 4601.0868 5000.0000 5000.9999 5003.9984 5008.9919 5015.9745 5024.9378 5035.8713 5048.7622 5063.5956 4805.2055 4414.7480 3517.1011 3298.4845 3104.8349 2912.0440 2720.2941 2529.8221 2408.3189 2607.6810 2807.1338 3006.6593 3206.2439 3224.9031 3026.5492 2828.4271 2630.5893 2433.1050 1824.8288 1562.0499 943.3981 1216.5525 1500.0000 1612.4515 1800.0000 1529.7059 1802.7756 1700.0000 1788.8544 1941.6488 1860.1075 1769.1806 2000.0000 1526.4338 1700.0000 1431.7821 1552.4175 1315.2946 1216.5525 1236.9317 1019.8039 921.9544 824.6211 948.6833 806.2258 632.4555 500.0000 400.0000 447.2136 500.0000 223.6068 316.2278 412.3106 700.0000
1118.0340 400.0000 447.2136 200.0000 0.0000 282.8427 400.0000 600.0000 700.0000 800.0000 1000.0000 1019.8039 1200.0000 1400.0000 1500.0000 1612.4515 1700.0000 2220.3603 2433.1050 2517.9357 2507.9872 2300.0000 2400.0000 2607.6810 2800.0000 3206.2439 3100.0000 3313.6083 3352.6109 3046.3092 2529.8221 2325.9407 2561.2497 2334.5235 2267.1568 2126.0292 2051.8285 2080.8652 2282.5424 2370.6539 2154.0659 2280.3509 2529.8221 2668.3328 2912.0440 3104.8349 3298.4845 3492.8498 3700.0000 3984.9718 4049.6913 4295.3463 4741.3078 4924.4289 4780.1674 4967.8969 5200.9614 5341.3481 5661.2719 5830.9519 5682.4291 5546.1698 5277.3099 5385.1648 5348.8316 5314.1321 5281.0984 5249.7619 5220.1533 5192.3020 5166.2365 5141.9841 4876.4741 4492.2155 4317.4066 4609.7722 4652.9560 5080.3543 5063.5956 5048.7622 5035.8713 5024.9378 5015.9745 5008.9919 5003.9984 5000.9999 4701.0637 4501.1110 4301.1626 4101.2193 3901.2818 3811.8237 3832.7536 4201.1903 4517.7428 4609.7722 5003.9984 5008.9919 5015.9745 5024.9378 5035.8713 5048.7622 5063.5956 5080.3543 5099.0195 4850.7731 4464.3029 3573.5137 3352.6109 3162.2777 2973.2137 2785.6777 2600.0000 2433.1050 2630.5893 2828.4271 3026.5492 3224.9031 3206.2439 3006.6593 2807.1338 2607.6810 2408.3189 1868.1542 1697.0563 1063.0146 1264.9111 1513.2746 1649.2423 1811.0770 1503.3296 1746.4249 1615.5494 1708.8007 1835.7560 1749.2856 1627.8821 1843.9089 1360.1471 1526.4338 1252.9964 1360.1471 1118.0340 1019.8039 1044.0307 824.6211 728.0110 632.4555 761.5773 640.3124 447.2136 300.0000 200.0000 282.8427 360.5551 223.6068 316.2278 500.0000 900.0000
1300.0000 632.4555 600.0000 447.2136 282.8427 0.0000 282.8427 447.2136 538.5165 632.4555 824.6211 800.0000 1019.8039 1216.5525 1315.2946 1400.0000 1513.2746 2061.5528 2280.3509 2353.7205 2334.5235 2109.5023 2209.0722 2400.0000 2607.6810 3000.0000 2906.8884 3140.0637 3231.0989 2952.9646 2416.6092 2247.2205 2545.5844 2343.0749 2267.1568 2163.3308 2080.8652 2147.0911 2376.9729 2469.8178 2280.3509 2433.1050 2668.3328 2828.4271 3059.4117 3255.7641 3452.5353 3649.6575 3832.7536 4123.1056 4176.1226 4401.1362 4833.2184 5008.9919 4825.9714 5000.0000 5243.0907 5382.3787 5714.0179 5905.9292 5769.7487 5646.2377 5371.2196 5502.7266 5470.8317 5440.5882 5412.0237 5385.1648 5360.0373 5336.6656 5315.0729 5295.2809 5021.9518 4632.4939 4472.1360 4767.5990 4825.9714 5246.9038 5234.5009 5223.9832 5215.3619 5208.6467 5203.8447 5200.9614 5200.0000 5200.9614 4909.1751 4709.5647 4501.1110 4301.1626 4101.2193 4031.1289 4060.7881 4410.2154 4738.1431 4825.9714 5215.3619 5223.9832 5234.5009 5246.9038 5261.1786 5277.3099 5295.2809 5315.0729 5336.6656 5096.0769 4712.7487 3827.5318 3605.5513 3417.6015 3231.0989 3046.3092 2863.5642 2668.3328 2863.5642 3059.4117 3255.7641 3452.5353 3400.0000 3200.0000 3000.0000 2800.0000 2600.0000 2118.9620 1979.8990 1345.3624 1523.1546 1746.4249 1897.3666 2039.6078 1702.9386 1910.4973 1746.4249 1843.9089 1931.3208 1838.4776 1664.3317 1843.9089 1345.3624 1486.6069 1204.1595 1252.9964 984.8858 894.4272 943.3981 721.1103 640.3124 565.6854 707.1068 670.8204 447.2136 223.6068 200.0000 400.0000 500.0000 500.0000 583.0952 781.0250 1118.0340
1513.2746 800.0000 824.6211 600.0000 400.0000 282.8427 0.0000 200.0000 300.0000 400.0000 600.0000 632.4555 800.0000 1000.0000 1100.0000 1216.5525 1300.0000 1824.8288 2039.6078 2121.3203 2109.5023 1900.0000 2000.0000 2209.0722 2400.0000 2807.1338 2700.0000 2915.4759 2973.2137 2683.2816 2154.0659 1972.3083 2262.7417 2061.5528 1984.9433 1886.7962 1802.7756 1878.8294 2118.9620 2213.5944 2039.6078 2209.0722 2433.1050 2607.6810 2828.4271 3026.5492 3224.9031 3423.4486 3590.2646 3883.2976 3929.3765 4143.6699 4569.4639 4742.3623 4548.6262 4720.1695 4964.8766 5103.9201 5437.8304 5635.6011 5503.6352 5385.1648 5107.8371 5249.7619 5220.1533 5192.3020 5166.2365 5141.9841 5119.5703 5099.0195 5080.3543 5063.5956 4785.3944 4393.1765 4242.6407 4539.8238 4609.7722 5024.9378 5015.9745 5008.9919 5003.9984 5000.9999 5000.0000 5000.9999 5003.9984 5008.9919 4726.5209 4527.6926 4310.4524 4110.9610 3911.5214 3863.9358 3905.1248 4229.6572 4570.5580 4652.9560 5035.8713 5048.7622 5063.5956 5080.3543 5099.0195 5119.5703 5141.9841 5166.2365 5192.3020 4964.8766 4588.0279 3716.1808 3492.8498 3310.5891 3130.4952 2952.9646 2778.4888 2529.8221 2720.2941 2912.0440 3104.8349 3298.4845 3206.2439 3006.6593 2807.1338 2607.6810 2408.3189 2012.4612 2000.0000 1360.1471 1442.2205 1615.5494 1788.8544 1897.3666 1529.7059 1700.0000 1513.2746 1612.4515 1676.3055 1581.1388 1389.2444 1562.0499 1063.0146 1204.1595 921.9544 984.8858 728.0110 632.4555 670.8204 447.2136 360.5551 282.8427 424.2641 412.3106 200.0000 100.0000 200.0000 282.8427 360.5551 538.5165 583.0952 806.2258 1300.0000
1711.7243 1000.0000 1019.8039 800.0000 600.0000 447.2136 200.0000 0.0000 100.0000 200.0000 400.0000 447.2136 600.0000 800.0000 900.0000 1019.8039 1100.0000 1627.8821 1843.9089 1923.5384 1910.4973 1700.0000 1800.0000 2009.9751 2200.0000 2607.6810 2500.0000 2716.6155 2785.6777 2505.9928 1969.7716 1802.7756 2126.0292 1941.6488 1860.1075 1788.8544 1700.0000 1802.7756 2061.5528 2158.7033 2009.9751 2200.0000 2408.3189 2600.0000 2807.1338 3006.6593 3206.2439 3405.8773 3551.0562 3847.0768 3883.2976 4080.4412 4494.4410 4661.5448 4441.8465 4604.3458 4854.8944 4992.9951 5333.8541 5546.1698 5423.0987 5314.1321 5032.8918 5192.3020 5166.2365 5141.9841 5119.5703 5099.0195 5080.3543 5063.5956 5048.7622 5035.8713 4751.8417 4356.6042 4219.0046 4517.7428 4601.0868 5008.9919 5003.9984 5000.9999 5000.0000 5000.9999 5003.9984 5008.9919 5015.9745 5024.9378 4751.8417 4554.1190 4328.9722 4130.3753 3931.9207 3905.1248 3956.0081 4257.9338 4609.7722 4687.2167 5063.5956 5080.3543 5099.0195 5119.5703 5141.9841 5166.2365 5192.3020 5220.1533 5249.7619 5032.8918 4661.5448 3801.3156 3577.7088 3400.0000 3224.9031 3052.8675 2884.4410 2600.0000 2785.6777 2973.2137 3162.2777 3352.6109 3224.9031 3026.5492 2828.4271 2630.5893 2433.1050 2109.5023 2163.3308 1526.4338 1562.0499 1700.0000 1886.7962 1969.7716 1581.1388 1711.7243 1500.0000 1600.0000 1627.8821 1529.7059 1300.0000 1442.2205 943.3981 1063.0146 781.0250 806.2258 538.5165 447.2136 500.0000 282.8427 223.6068 200.0000 316.2278 412.3106 282.8427 300.0000 400.0000 447.2136 500.0000 728.0110 761.5773 984.8858 1500.0000
1811.0770 1100.0000 1118.0340 900.0000 700.0000 538.5165 300.0000 100.0000 0.0000 100.0000 300.0000 360.5551 500.0000 700.0000 800.0000 921.9544 1000.0000 1529.7059 1746.4249 1824.8288 1811.0770 1600.0000 1700.0000 1910.4973 2100.0000 2507.9872 2400.0000 2617.2505 2692.5824 2418.6773 1878.8294 1720.4651 2061.5528 1886.7962 1802.7756 1746.4249 1655.2945 1772.0045 2039.6078 2137.7558 2002.4984 2202.2716 2402.0824 2601.9224 2801.7851 3001.6662 3201.5621 3401.4703 3535.5339 3832.7536 3863.9358 4052.1599 4459.8206 4623.8512 4390.8997 4548.6262 4802.0829 4939.6356 5283.9379 5503.6352 5385.1648 5281.0984 4997.9996 5166.2365 5141.9841 5119.5703 5099.0195 5080.3543 5063.5956 5048.7622 5035.8713 5024.9378 4738.1431 4341.6587 4210.7007 4509.9889 4600.0000 5003.9984 5000.9999 5000.0000 5000.9999 5003.9984 5008.9919 5015.9745 5024.9378 5035.8713 4767.5990 4570.5580 4341.6587 4143.6699 3945.8839 3929.3765 3984.9718 4275.5117 4632.4939 4707.4409 5080.3543 5099.0195 5119.5703 5141.9841 5166.2365 5192.3020 5220.1533 5249.7619 5281.0984 5069.5167 4701.0637 3847.0768 3623.5342 3448.1879 3275.6679 3106.4449 2941.0882 2640.0758 2823.1188 3008.3218 3195.3091 3383.7849 3238.8269 3041.3813 2844.2925 2647.6405 2451.5301 2163.3308 2247.2205 1612.4515 1627.8821 1749.2856 1941.6488 2012.4612 1615.5494 1726.2677 1503.3296 1603.1220 1612.4515 1513.2746 1264.9111 1389.2444 894.4272 1000.0000 721.1103 721.1103 447.2136 360.5551 424.2641 223.6068 200.0000 223.6068 300.0000 447.2136 360.5551 400.0000 500.0000 538.5165 583.0952 824.6211 854.4004 1077.0330 1600.0000
1910.4973 1200.0000 1216.5525 1000.0000 800.0000 632.4555 400.0000 200.0000 100.0000 0.0000 200.0000 282.8427 400.0000 600.0000 700.0000 824.6211 900.0000 1431.7821 1649.2423 1726.2677 1711.7243 1500.0000 1600.0000 1811.0770 2000.0000 2408.3189 2300.0000 2517.9357 2600.0000 2332.3808 1788.8544 1640.1219 2000.0000 1835.7560 1749.2856 1708.8007 1615.5494 1746.4249 2022.3748 2121.3203 2000.0000 2209.0722 2400.0000 2607.6810 2800.0000 3000.0000 3200.0000 3400.0000 3522.7830 3820.9946 3847.0768 4026.1644 4427.1887 4588.0279 4341.6587 4494.4410 4750.7894 4887.7398 5235.4560 5462.6001 5348.8316 5249.7619 4964.8766 5141.9841 5119.5703 5099.0195 5080.3543 5063.5956 5048.7622 5035.8713 5024.9378 5015.9745 4726.5209 4328.9722 4204.7592 4504.4423 4601.0868 5000.9999 5000.0000 5000.9999 5003.9984 5008.9919 5015.9745 5024.9378 5035.8713 5048.7622 4785.3944 4589.1176 4356.6042 4159.3269 3962.3226 3956.0081 4016.2171 4295.3463 4657.2524 4729.6934 5099.0195 5119.5703 5141.9841 5166.2365 5192.3020 5220.1533 5249.7619 5281.0984 5314.1321 5107.8371 4742.3623 3894.8684 3671.5120 3498.5711 3328.6634 3162.2777 3000.0000 2683.2816 2863.5642 3046.3092 3231.0989 3417.6015 3255.7641 3059.4117 2863.5642 2668.3328 2473.8634 2220.3603 2332.3808 1700.0000 1697.0563 1802.7756 2000.0000 2059.1260 1655.2945 1746.4249 1513.2746 1612.4515 1603.1220 1503.3296 1236.9317 1341.6408 854.4004 943.3981 670.8204 640.3124 360.5551 282.8427 360.5551 200.0000 223.6068 282.8427 316.2278 500.0000 447.2136 500.0000 600.0000 632.4555 670.8204 921.9544 948.6833 1170.4700 1700.0000
2109.5023 1400.0000 1414.2136 1200.0000 1000.0000 824.6211 600.0000 400.0000 300.0000 200.0000 0.0000 200.0000 200.0000 400.0000 500.0000 632.4555 700.0000 1236.9317 1456.0220 1529.7059 1513.2746 1300.0000 1400.0000 1612.4515 1800.0000 2209.0722 2100.0000 2319.4827 2416.6092 2163.3308 1612.4515 1486.6069 1886.7962 1746.4249 1655.2945 1649.2423 1552.4175 1711.7243 2002.4984 2102.3796 2009.9751 2236.0680 2408.3189 2630.5893 2807.1338 3006.6593 3206.2439 3405.8773 3505.7096 3805.2595 3820.9946 3981.2058 4368.0659 4522.1676 4248.5292 4390.8997 4652.9560 4788.5280 5142.9563 5385.1648 5281.0984 5192.3020 4904.0799 5099.0195 5080.3543 5063.5956 5048.7622 5035.8713 5024.9378 5015.9745 5008.9919 5003.9984 4709.5647 4310.4524 4200.0000 4500.0000 4609.7722 5000.9999 5003.9984 5008.9919 5015.9745 5024.9378 5035.8713 5048.7622 5063.5956 5080.3543 4827.0074 4632.4939 4393.1765 4197.6184 4002.4992 4016.2171 4085.3396 4341.6587 4712.7487 4780.1674 5141.9841 5166.2365 5192.3020 5220.1533 5249.7619 5281.0984 5314.1321 5348.8316 5385.1648 5189.4123 4830.1139 3996.2482 3773.5925 3605.5513 3440.9301 3280.2439 3124.0999 2778.4888 2952.9646 3130.4952 3310.5891 3492.8498 3298.4845 3104.8349 2912.0440 2720.2941 2529.8221 2343.0749 2505.9928 1878.8294 1843.9089 1920.9373 2126.0292 2163.3308 1749.2856 1802.7756 1552.4175 1649.2423 1603.1220 1503.3296 1204.1595 1264.9111 806.2258 854.4004 608.2763 500.0000 223.6068 200.0000 300.0000 282.8427 360.5551 447.2136 424.2641 640.3124 632.4555 700.0000 800.0000 824.6211 854.4004 1118.0340 1140.1754 1360.1471 1900.0000
2100.0000 1414.2136 1400.0000 1216.5525 1019.8039 800.0000 632.4555 447.2136 360.5551 282.8427 200.0000 0.0000 282.8427 447.2136 538.5165 600.0000 728.0110 1300.0000 1523.1546 1581.1388 1552.4175 1315.2946 1414.2136 1600.0000 1811.0770 2200.0000 2109.5023 2353.7205 2505.9928 2280.3509 1720.4651 1627.8821 2059.1260 1931.3208 1838.4776 1843.9089 1746.4249 1910.4973 2202.2716 2302.1729 2209.0722 2433.1050 2607.6810 2828.4271 3006.6593 3206.2439 3405.8773 3605.5513 3705.4015 4004.9969 4019.9502 4177.3197 4560.7017 4712.7487 4428.3180 4565.0849 4830.1139 4964.8766 5322.5934 5571.3553 5470.8317 5385.1648 5096.0769 5295.2809 5277.3099 5261.1786 5246.9038 5234.5009 5223.9832 5215.3619 5208.6467 5203.8447 4909.1751 4509.9889 4400.0000 4700.0000 4809.3659 5200.9614 5203.8447 5208.6467 5215.3619 5223.9832 5234.5009 5246.9038 5261.1786 5277.3099 5021.9518 4827.0074 4589.1176 4393.1765 4197.6184 4205.9482 4272.0019 4535.4162 4904.0799 4972.9267 5336.6656 5360.0373 5385.1648 5412.0237 5440.5882 5470.8317 5502.7266 5536.2442 5571.3553 5371.2196 5008.9919 4167.7332 3944.6166 3773.5925 3605.5513 3440.9301 3280.2439 2952.9646 3130.4952 3310.5891 3492.8498 3676.9553 3492.8498 3298.4845 3104.8349 2912.0440 2720.2941 2500.0000 2607.6810 1972.3083 1979.8990 2080.8652 2280.3509 2332.3808 1923.5384 1992.4859 1746.4249 1843.9089 1802.7756 1702.9386 1403.5669 1456.0220 1004.9876 1044.0307 806.2258 670.8204 412.3106 400.0000 500.0000 447.2136 500.0000 565.6854 583.0952 781.0250 721.1103 728.0110 824.6211 894.4272 943.3981 1170.4700 1208.3046 1431.7821 1910.4973
2308.6793 1600.0000 1612.4515 1400.0000 1200.0000 1019.8039 800.0000 600.0000 500.0000 400.0000 200.0000 282.8427 0.0000 200.0000 300.0000 447.2136 500.0000 1044.0307 1264.9111 1334.1664 1315.2946 1100.0000 1200.0000 1414.2136 1600.0000 2009.9751 1900.0000 2121.3203 2236.0680 2000.0000 1442.2205 1345.3624 1788.8544 1676.3055 1581.1388 1612.4515 1513.2746 1700.0000 2002.4984 2102.3796 2039.6078 2280.3509 2433.1050 2668.3328 2828.4271 3026.5492 3224.9031 3423.4486 3500.0000 3800.0000 3805.2595 3945.8839 4317.4066 4464.3029 4162.9317 4294.1821 4561.7979 4695.7428 5056.6788 5314.1321 5220.1533 5141.9841 4850.7731 5063.5956 5048.7622 5035.8713 5024.9378 5015.9745 5008.9919 5003.9984 5000.9999 5000.0000 4701.0637 4301.1626 4204.7592 4504.4423 4627.0941 5008.9919 5015.9745 5024.9378 5035.8713 5048.7622 5063.5956 5080.3543 5099.0195 5119.5703 4876.4741 4684.0154 4438.4682 4244.9971 4052.1599 4085.3396 4162.9317 4396.5896 4775.9816 4838.3882 5192.3020 5220.1533 5249.7619 5281.0984 5314.1321 5348.8316 5385.1648 5423.0987 5462.6001 5277.3099 4924.4289 4104.8752 3883.2976 3720.2150 3560.8988 3405.8773 3255.7641 2884.4410 3052.8675 3224.9031 3400.0000 3577.7088 3352.6109 3162.2777 2973.2137 2785.6777 2600.0000 2475.8837 2683.2816 2061.5528 2000.0000 2051.8285 2262.7417 2280.3509 1860.1075 1878.8294 1615.5494 1708.8007 1627.8821 1529.7059 1204.1595 1216.5525 806.2258 806.2258 608.2763 412.3106 223.6068 282.8427 360.5551 447.2136 538.5165 632.4555 583.0952 806.2258 824.6211 900.0000 1000.0000 1019.8039 1044.0307 1315.2946 1334.1664 1552.4175 2100.0000
2507.9872 1800.0000 1811.0770 1600.0000 1400.0000 1216.5525 1000.0000 800.0000 700.0000 600.0000 400.0000 447.2136 200.0000 0.0000 100.0000 282.8427 300.0000 854.4004 1077.0330 1140.1754 1118.0340 900.0000 1000.0000 1216.5525 1400.0000 1811.0770 1700.0000 1923.5384 2059.1260 1843.9089 1280.6248 1220.6556 1708.8007 1627.8821 1529.7059 1600.0000 1500.0000 1711.7243 2022.3748 2121.3203 2088.0613 2340.9400 2473.8634 2720.2941 2863.5642 3059.4117 3255.7641 3452.5353 3505.7096 3805.2595 3800.0000 3920.4592 4275.5117 4414.7480 4085.3396 4204.7592 4477.7226 4609.7722 4976.9469 5249.7619 5166.2365 5099.0195 4805.2055 5035.8713 5024.9378 5015.9745 5008.9919 5003.9984 5000.9999 5000.0000 5000.9999 5003.9984 4701.0637 4301.1626 4219.0046 4517.7428 4652.9560 5024.9378 5035.8713 5048.7622 5063.5956 5080.3543 5099.0195 5119.5703 5141.9841 5166.2365 4933.5586 4743.4165 4492.2155 4301.1626 4110.9610 4162.9317 4248.5292 4459.8206 4846.6483 4904.0799 5249.7619 5281.0984 5314.1321 5348.8316 5385.1648 5423.0987 5462.6001 5503.6352 5546.1698 5371.2196 5024.9378 4220.1896 4000.0000 3841.8745 3687.8178 3538.3612 3394.1125 3000.0000 3162.2777 3328.6634 3498.5711 3671.5120 3417.6015 3231.0989 3046.3092 2863.5642 2683.2816 2617.2505 2863.5642 2247.2205 2163.3308 2193.1712 2408.3189 2408.3189 1984.9433 1972.3083 1700.0000 1788.8544 1676.3055 1581.1388 1236.9317 1200.0000 854.4004 806.2258 670.8204 412.3106 360.5551 447.2136 500.0000 632.4555 728.0110 824.6211 761.5773 984.8858 1019.8039 1100.0000 1200.0000 1216.5525 1236.9317 1513.2746 1529.7059 1746.4249 2300.0000
2607.6810 1900.0000 1910.4973 1700.0000 1500.0000 1315.2946 1100.0000 900.0000 800.0000 700.0000 500.0000 538.5165 300.0000 100.0000 0.0000 223.6068 200.0000 761.5773 984.8858 1044.0307 1019.8039 800.0000 900.0000 1118.0340 1300.0000 1711.7243 1600.0000 1824.8288 1972.3083 1769.1806 1204.1595 1166.1904 1676.3055 1612.4515 1513.2746 1603.1220 1503.3296 1726.2677 2039.6078 2137.7558 2118.9620 2376.9729 2500.0000 2751.3633 2886.1739 3080.5844 3275.6679 3471.3110 3512.8336 3811.8237 3801.3156 3911.5214 4257.9338 4393.1765 4049.6913 4162.9317 4438.4682 4569.4639 4939.6356 5220.1533 5141.9841 5080.3543 4785.3944 5024.9378 5015.9745 5008.9919 5003.9984 5000.9999 5000.0000 5000.9999 5003.9984 5008.9919 4704.2534 4304.6487 4229.6572 4527.6926 4669.0470 5035.8713 5048.7622 5063.5956 5080.3543 5099.0195 5119.5703 5141.9841 5166.2365 5192.3020 4964.8766 4775.9816 4522.1676 4332.4358 4143.6699 4204.7592 4294.1821 4494.4410 4884.6699 4939.6356 5281.0984 5314.1321 5348.8316 5385.1648 5423.0987 5462.6001 5503.6352 5546.1698 5590.1699 5420.3321 5077.4009 4280.1869 4060.7881 3905.1248 3753.6649 3606.9378 3465.5447 3061.0456 3220.2484 3383.7849 3551.0562 3721.5588 3453.9832 3269.5565 3087.0698 2906.8884 2729.4688 2690.7248 2954.6573 2340.9400 2247.2205 2267.1568 2483.9485 2475.8837 2051.8285 2024.8457 1749.2856 1835.7560 1708.8007 1615.5494 1264.9111 1204.1595 894.4272 824.6211 721.1103 447.2136 447.2136 538.5165 583.0952 728.0110 824.6211 921.9544 854.4004 1077.0330 1118.0340 1200.0000 1300.0000 1315.2946 1334.1664 1612.4515 1627.8821 1843.9089 2400.0000
2700.0000 2009.9751 2000.0000 1811.0770 1612.4515 1400.0000 1216.5525 1019.8039 921.9544 824.6211 632.4555 600.0000 447.2136 282.8427 223.6068 0.0000 223.6068 781.0250 1000.0000 1029.5630 984.8858 728.0110 824.6211 1000.0000 1216.5525 1600.0000 1513.2746 1772.0045 2000.0000 1843.9089 1280.6248 1300.0000 1843.9089 1802.7756 1702.9386 1811.0770 1711.7243 1941.6488 2256.1028 2353.7205 2340.9400 2600.0000 2720.2941 2973.2137 3104.8349 3298.4845 3492.8498 3687.8178 3721.5588 4019.9502 4004.9969 4104.8752 4440.7207 4570.5580 4205.9482 4308.1318 4588.0279 4716.9906 5092.1508 5385.1648 5315.0729 5261.1786 4964.8766 5215.3619 5208.6467 5203.8447 5200.9614 5200.0000 5200.9614 5203.8447 5208.6467 5215.3619 4909.1751 4509.9889 4440.7207 4738.1431 4883.6462 5246.9038 5261.1786 5277.3099 5295.2809 5315.0729 5336.6656 5360.0373 5385.1648 5412.0237 5186.5210 4997.9996 4743.4165 4554.1190 4365.7760 4428.3180 4517.7428 4716.9906 5107.8371 5162.3638 5502.7266 5536.2442 5571.3553 5608.0300 5646.2377 5685.9476 5727.1284 5769.7487 5813.7767 5643.5804 5300.0000 4500.0000 4280.1869 4123.1056 3969.8866 3820.9946 3676.9553 3280.2439 3440.9301 3605.5513 3773.5925 3944.6166 3676.9553 3492.8498 3310.5891 3130.4952 2952.9646 2900.0000 3130.4952 2507.9872 2441.3111 2475.8837 2690.7248 2690.7248 2267.1568 2247.2205 1972.3083 2059.1260 1931.3208 1838.4776 1486.6069 1414.2136 1118.0340 1044.0307 943.3981 670.8204 640.3124 721.1103 781.0250 894.4272 984.8858 1077.0330 1029.5630 1252.9964 1264.9111 1315.2946 1414.2136 1456.0220 1486.6069 1746.4249 1772.0045 1992.4859 2507.9872
2807.1338 2100.0000 2109.5023 1900.0000 1700.0000 1513.2746 1300.0000 1100.0000 1000.0000 900.0000 700.0000 728.0110 500.0000 300.0000 200.0000 223.6068 0.0000 583.0952 806.2258 854.4004 824.6211 600.0000 700.0000 921.9544 1100.0000 1513.2746 1400.0000 1627.8821 1802.7756 1627.8821 1063.0146 1077.0330 1627.8821 1600.0000 1500.0000 1627.8821 1529.7059 1772.0045 2088.0613 2184.0330 2193.1712 2459.6748 2563.2011 2823.1188 2941.0882 3132.0920 3324.1540 3517.1011 3535.5339 3832.7536 3811.8237 3901.2818 4229.6572 4356.6042 3984.9718 4085.3396 4365.7760 4494.4410 4870.3183 5166.2365 5099.0195 5048.7622 4751.8417 5008.9919 5003.9984 5000.9999 5000.0000 5000.9999 5003.9984 5008.9919 5015.9745 5024.9378 4716.9906 4318.5646 4257.9338 4554.1190 4707.4409 5063.5956 5080.3543 5099.0195 5119.5703 5141.9841 5166.2365 5192.3020 5220.1533 5249.7619 5032.8918 4846.6483 4588.0279 4401.1362 4215.4478 4294.1821 4390.8997 4569.4639 4965.8836 5015.9745 5348.8316 5385.1648 5423.0987 5462.6001 5503.6352 5546.1698 5590.1699 5635.6011 5682.4291 5522.6805 5186.5210 4404.5431 4186.8843 4036.0872 3889.7301 3748.3330 3612.4784 3189.0437 3342.1550 3500.0000 3661.9667 3827.5318 3534.1194 3354.1020 3176.4760 3001.6662 2830.1943 2842.5341 3138.4710 2529.8221 2418.6773 2420.7437 2640.0758 2617.2505 2193.1712 2140.0935 1860.1075 1941.6488 1788.8544 1700.0000 1341.6408 1236.9317 1000.0000 894.4272 848.5281 565.6854 632.4555 728.0110 761.5773 921.9544 1019.8039 1118.0340 1044.0307 1264.9111 1315.2946 1400.0000 1500.0000 1513.2746 1529.7059 1811.0770 1824.8288 2039.6078 2600.0000
3337.6639 2617.2505 2647.6405 2418.6773 2220.3603 2061.5528 1824.8288 1627.8821 1529.7059 1431.7821 1236.9317 1300.0000 1044.0307 854.4004 761.5773 781.0250 583.0952 0.0000 223.6068 300.0000 316.2278 316.2278 360.5551 640.3124 670.8204 1118.0340 948.6833 1100.0000 1220.6556 1081.6654 538.5165 707.1068 1315.2946 1392.8388 1300.0000 1526.4338 1442.2205 1720.4651 2024.8457 2109.5023 2202.2716 2483.9485 2523.8859 2801.7851 2865.3098 3041.3813 3220.2484 3401.4703 3352.6109 3640.0549 3590.2646 3622.1541 3900.0000 4004.9969 3569.3137 3640.0549 3929.3765 4052.1599 4438.4682 4767.5990 4726.5209 4704.2534 4404.5431 4704.2534 4709.5647 4716.9906 4726.5209 4738.1431 4751.8417 4767.5990 4785.3944 4805.2055 4491.1023 4100.0000 4080.4412 4368.0659 4554.1190 4876.4741 4904.0799 4933.5586 4964.8766 4997.9996 5032.8918 5069.5167 5107.8371 5147.8151 4964.8766 4788.5280 4517.7428 4341.6587 4167.7332 4301.1626 4420.4072 4527.6926 4939.6356 4973.9320 5277.3099 5323.5327 5371.2196 5420.3321 5470.8317 5522.6805 5575.8407 5630.2753 5685.9476 5560.5755 5249.7619 4527.6926 4318.5646 4186.8843 4060.7881 3940.8121 3827.5318 3342.1550 3471.3110 3606.9378 3748.3330 3894.8684 3522.7830 3360.0595 3201.5621 3047.9501 2900.0000 3088.6890 3517.1011 2942.7878 2751.3633 2683.2816 2906.8884 2830.1943 2418.6773 2280.3509 2000.0000 2061.5528 1838.4776 1769.1806 1421.2670 1204.1595 1208.3046 1029.5630 1140.1754 905.5385 1104.5361 1204.1595 1200.0000 1403.5669 1503.3296 1603.1220 1500.0000 1702.9386 1802.7756 1923.5384 2022.3748 2002.4984 2000.0000 2302.1729 2300.0000 2501.9992 3114.4823
3551.0562 2828.4271 2863.5642 2630.5893 2433.1050 2280.3509 2039.6078 1843.9089 1746.4249 1649.2423 1456.0220 1523.1546 1264.9111 1077.0330 984.8858 1000.0000 806.2258 223.6068 0.0000 141.4214 223.6068 412.3106 400.0000 632.4555 565.6854 1000.0000 806.2258 905.5385 1000.0000 894.4272 400.0000 670.8204 1264.9111 1389.2444 1303.8405 1562.0499 1486.6069 1769.1806 2061.5528 2140.0935 2262.7417 2545.5844 2561.2497 2842.5341 2884.4410 3052.8675 3224.9031 3400.0000 3324.1540 3605.5513 3544.0090 3551.0562 3805.2595 3900.0000 3436.5681 3492.8498 3785.4986 3905.1248 4295.3463 4638.9654 4609.7722 4600.0000 4300.0000 4617.3586 4627.0941 4638.9654 4652.9560 4669.0470 4687.2167 4707.4409 4729.6934 4753.9457 4438.4682 4052.1599 4049.6913 4332.4358 4531.0043 4838.3882 4870.3183 4904.0799 4939.6356 4976.9469 5015.9745 5056.6788 5099.0195 5142.9563 4973.9320 4802.0829 4527.6926 4356.6042 4188.0783 4341.6587 4468.7806 4548.6262 4964.8766 4992.9951 5283.9379 5333.8541 5385.1648 5437.8304 5491.8121 5547.0713 5603.5703 5661.2719 5720.1399 5608.0300 5307.5418 4609.7722 4404.5431 4280.1869 4161.7304 4049.6913 3944.6166 3440.9301 3560.8988 3687.8178 3820.9946 3959.7980 3560.8988 3405.8773 3255.7641 3111.2698 2973.2137 3220.2484 3687.8178 3125.6999 2912.0440 2823.1188 3046.3092 2952.9646 2549.5098 2385.3721 2109.5023 2163.3308 1920.9373 1860.1075 1526.4338 1280.6248 1360.1471 1170.4700 1315.2946 1100.0000 1315.2946 1414.2136 1403.5669 1612.4515 1711.7243 1811.0770 1702.9386 1900.0000 2009.9751 2137.7558 2236.0680 2209.0722 2202.2716 2507.9872 2501.9992 2700.0000 3324.1540
3634.5564 2915.4759 2942.7878 2716.6155 2517.9357 2353.7205 2121.3203 1923.5384 1824.8288 1726.2677 1529.7059 1581.1388 1334.1664 1140.1754 1044.0307 1029.5630 854.4004 300.0000 141.4214 0.0000 100.0000 360.5551 316.2278 509.9020 424.2641 860.2325 670.8204 800.0000 989.9495 948.6833 509.9020 806.2258 1392.8388 1526.4338 1442.2205 1702.9386 1627.8821 1910.4973 2202.2716 2280.3509 2404.1631 2687.0058 2701.8512 2983.2868 3023.2433 3190.6112 3361.5473 3535.5339 3453.9832 3733.6309 3668.7873 3667.4242 3911.5214 4001.2498 3522.7830 3569.3137 3863.9358 3981.2058 4373.7855 4726.5209 4704.2534 4701.0637 4401.1362 4726.5209 4738.1431 4751.8417 4767.5990 4785.3944 4805.2055 4827.0074 4850.7731 4876.4741 4560.7017 4176.1226 4178.5165 4459.8206 4661.5448 4964.8766 4997.9996 5032.8918 5069.5167 5107.8371 5147.8151 5189.4123 5232.5902 5277.3099 5110.7729 4939.6356 4664.7615 4494.4410 4326.6615 4482.1870 4609.7722 4687.2167 5103.9201 5131.2766 5420.3321 5470.8317 5522.6805 5575.8407 5630.2753 5685.9476 5742.8216 5800.8620 5860.0341 5748.9129 5448.8531 4750.7894 4545.3273 4420.4072 4301.1626 4188.0783 4081.6663 3580.5028 3701.3511 3828.8379 3962.3226 4101.2193 3701.3511 3546.8296 3397.0576 3252.6912 3114.4823 3354.1020 3807.8866 3238.8269 3036.4453 2954.6573 3178.0497 3088.6890 2683.2816 2523.8859 2247.2205 2302.1729 2061.5528 2000.0000 1664.3317 1421.2670 1486.6069 1300.0000 1431.7821 1204.1595 1403.5669 1503.3296 1500.0000 1702.9386 1802.7756 1902.6298 1800.0000 2002.4984 2102.3796 2220.3603 2319.4827 2302.1729 2300.0000 2601.9224 2600.0000 2801.7851 3413.2096
3622.1541 2906.8884 2927.4562 2707.3973 2507.9872 2334.5235 2109.5023 1910.4973 1811.0770 1711.7243 1513.2746 1552.4175 1315.2946 1118.0340 1019.8039 984.8858 824.6211 316.2278 223.6068 100.0000 0.0000 282.8427 223.6068 412.3106 360.5551 806.2258 632.4555 806.2258 1063.0146 1044.0307 608.2763 894.4272 1486.6069 1612.4515 1526.4338 1780.4494 1702.9386 1984.9433 2280.3509 2360.0847 2475.8837 2758.6228 2780.2878 3061.0456 3106.4449 3275.6679 3448.1879 3623.5342 3546.8296 3827.5318 3764.3060 3765.6341 4011.2342 4101.2193 3622.1541 3667.4242 3962.3226 4079.2156 4472.1360 4825.9714 4804.1649 4801.0416 4501.1110 4825.9714 4837.3546 4850.7731 4866.2100 4883.6462 4903.0603 4924.4289 4947.7268 4972.9267 4657.2524 4272.0019 4272.0019 4554.1190 4753.9457 5059.6443 5092.1508 5126.4022 5162.3638 5200.0000 5239.2748 5280.1515 5322.5934 5366.5631 5197.1146 5024.9378 4750.7894 4579.3013 4410.2154 4560.7017 4686.1498 4770.7442 5186.5210 5215.3619 5507.2679 5556.9776 5608.0300 5660.3887 5714.0179 5768.8820 5824.9464 5882.1765 5940.5387 5825.8047 5522.6805 4816.6378 4609.7722 4482.1870 4360.0459 4243.8190 4134.0053 3640.0549 3764.3060 3894.8684 4031.1289 4172.5292 3780.2116 3623.5342 3471.3110 3324.1540 3182.7661 3400.0000 3832.7536 3255.7641 3067.5723 2996.6648 3220.2484 3138.4710 2729.4688 2580.6976 2302.1729 2360.0847 2126.0292 2061.5528 1720.4651 1486.6069 1523.1546 1341.6408 1456.0220 1216.5525 1400.0000 1500.0000 1503.3296 1700.0000 1800.0000 1900.0000 1802.7756 2009.9751 2100.0000 2209.0722 2308.6793 2300.0000 2302.1729 2600.0000 2601.9224 2807.1338 3405.8773
3405.8773 2700.0000 2707.3973 2500.0000 2300.0000 2109.5023 1900.0000 1700.0000 1600.0000 1500.0000 1300.0000 1315.2946 1100.0000 900.0000 800.0000 728.0110 600.0000 316.2278 412.3106 360.5551 282.8427 0.0000 100.0000 360.5551 500.0000 921.9544 800.0000 1044.0307 1345.3624 1300.0000 806.2258 1019.8039 1627.8821 1708.8007 1615.5494 1835.7560 1749.2856 2024.8457 2332.3808 2418.6773 2500.0000 2780.2878 2830.1943 3106.4449 3176.4760 3354.1020 3534.1194 3716.1808 3668.7873 3956.0081 3905.1248 3931.9207 4201.1903 4301.1626 3847.0768 3905.1248 4197.6184 4317.4066 4707.4409 5048.7622 5015.9745 5000.9999 4701.0637 5008.9919 5015.9745 5024.9378 5035.8713 5048.7622 5063.5956 5080.3543 5099.0195 5119.5703 4805.2055 4414.7480 4396.5896 4684.0154 4870.3183 5192.3020 5220.1533 5249.7619 5281.0984 5314.1321 5348.8316 5385.1648 5423.0987 5462.6001 5277.3099 5100.0000 4830.1139 4652.9560 4477.7226 4604.3458 4720.1695 4837.3546 5247.8567 5283.9379 5590.1699 5635.6011 5682.4291 5730.6195 5780.1384 5830.9519 5883.0264 5936.3288 5990.8263 5860.0341 5544.3665 4808.3261 4596.7380 4459.8206 4327.8170 4201.1903 4080.4412 3612.4784 3748.3330 3889.7301 4036.0872 4186.8843 3827.5318 3661.9667 3500.0000 3342.1550 3189.0437 3328.6634 3700.0000 3104.8349 2954.6573 2915.4759 3138.4710 3080.5844 2662.7054 2549.5098 2267.1568 2334.5235 2126.0292 2051.8285 1697.0563 1500.0000 1442.2205 1280.6248 1341.6408 1077.0330 1216.5525 1315.2946 1334.1664 1513.2746 1612.4515 1711.7243 1627.8821 1843.9089 1910.4973 2000.0000 2100.0000 2109.5023 2121.3203 2408.3189 2418.6773 2630.5893 3200.0000
3505.7096 2800.0000 2807.1338 2600.0000 2400.0000 2209.0722 2000.0000 1800.0000 1700.0000 1600.0000 1400.0000 1414.2136 1200.0000 1000.0000 900.0000 824.6211 700.0000 360.5551 400.0000 316.2278 223.6068 100.0000 0.0000 282.8427 400.0000 824.6211 700.0000 948.6833 1280.6248 1264.9111 800.0000 1044.0307 1649.2423 1746.4249 1655.2945 1886.7962 1802.7756 2080.8652 2385.3721 2469.8178 2561.2497 2842.5341 2884.4410 3162.2777 3224.9031 3400.0000 3577.7088 3757.6588 3700.0000 3984.9718 3929.3765 3945.8839 4204.7592 4300.0000 3832.7536 3883.2976 4177.3197 4295.3463 4687.2167 5035.8713 5008.9919 5000.0000 4700.0000 5015.9745 5024.9378 5035.8713 5048.7622 5063.5956 5080.3543 5099.0195 5119.5703 5141.9841 4827.0074 4438.4682 4427.1887 4712.7487 4904.0799 5220.1533 5249.7619 5281.0984 5314.1321 5348.8316 5385.1648 5423.0987 5462.6001 5503.6352 5323.5327 5147.8151 4876.4741 4701.0637 4527.6926 4661.5448 4780.1674 4887.7398 5300.0000 5333.8541 5635.6011 5682.4291 5730.6195 5780.1384 5830.9519 5883.0264 5936.3288 5990.8263 6046.4866 5920.3040 5608.0300 4879.5492 4669.0470 4534.3136 4404.5431 4280.1869 4161.7304 3687.8178 3820.9946 3959.7980 4103.6569 4252.0583 3883.2976 3720.2150 3560.8988 3405.8773 3255.7641 3413.2096 3794.7332 3201.5621 3046.3092 3001.6662 3224.9031 3162.2777 2745.9060 2624.8809 2343.0749 2408.3189 2193.1712 2121.3203 1769.1806 1562.0499 1526.4338 1360.1471 1431.7821 1170.4700 1315.2946 1414.2136 1431.7821 1612.4515 1711.7243 1811.0770 1726.2677 1941.6488 2009.9751 2100.0000 2200.0000 2209.0722 2220.3603 2507.9872 2517.9357 2729.4688 3300.0000
3700.0000 3006.6593 3000.0000 2807.1338 2607.6810 2400.0000 2209.0722 2009.9751 1910.4973 1811.0770 1612.4515 1600.0000 1414.2136 1216.5525 1118.0340 1000.0000 921.9544 640.3124 632.4555 509.9020 412.3106 360.5551 282.8427 0.0000 282.8427 600.0000 538.5165 860.2325 1341.6408 1414.2136 1019.8039 1300.0000 1897.3666 2012.4612 1923.5384 2163.3308 2080.8652 2360.0847 2662.7054 2745.9060 2842.5341 3124.0999 3162.2777 3440.9301 3498.5711 3671.5120 3847.0768 4024.9224 3956.0081 4237.9240 4176.1226 4177.3197 4418.1444 4504.4423 4011.2342 4044.7497 4341.6587 4455.3339 4850.7731 5215.3619 5200.9614 5203.8447 4904.0799 5234.5009 5246.9038 5261.1786 5277.3099 5295.2809 5315.0729 5336.6656 5360.0373 5385.1648 5069.5167 4684.0154 4681.8800 4964.8766 5162.3638 5470.8317 5502.7266 5536.2442 5571.3553 5608.0300 5646.2377 5685.9476 5727.1284 5769.7487 5594.6403 5420.3321 5147.8151 4973.9320 4802.0829 4940.6477 5060.6324 5162.3638 5575.8407 5608.0300 5905.9292 5953.9903 6003.3324 6053.9243 6105.7350 6158.7336 6212.8898 6268.1736 6324.5553 6200.8064 5889.8217 5162.3638 4951.7674 4816.6378 4686.1498 4560.7017 4440.7207 3969.8866 4103.6569 4242.6407 4386.3424 4534.3136 4161.7304 4000.0000 3841.8745 3687.8178 3538.3612 3689.1733 4049.6913 3448.1879 3310.5891 3275.6679 3498.5711 3440.9301 3023.2433 2906.8884 2624.8809 2690.7248 2475.8837 2404.1631 2051.8285 1843.9089 1802.7756 1640.1219 1700.0000 1431.7821 1552.4175 1649.2423 1676.3055 1843.9089 1941.6488 2039.6078 1964.6883 2184.0330 2236.0680 2308.6793 2408.3189 2433.1050 2451.5301 2729.4688 2745.9060 2961.4186 3505.7096
3905.1248 3200.0000 3206.2439 3000.0000 2800.0000 2607.6810 2400.0000 2200.0000 2100.0000 2000.0000 1800.0000 1811.0770 1600.0000 1400.0000 1300.0000 1216.5525 1100.0000 670.8204 565.6854 424.2641 360.5551 500.0000 400.0000 282.8427 0.0000 447.2136 300.0000 583.0952 1077.0330 1200.0000 894.4272 1220.6556 1788.8544 1941.6488 1860.1075 2126.0292 2051.8285 2334.5235 2624.8809 2701.8512 2828.4271 3111.2698 3124.0999 3405.8773 3440.9301 3605.5513 3773.5925 3944.6166 3848.3763 4123.1056 4049.6913 4026.1644 4242.6407 4318.5646 3801.3156 3820.9946 4119.4660 4229.6572 4627.0941 5003.9984 5000.9999 5015.9745 4716.9906 5063.5956 5080.3543 5099.0195 5119.5703 5141.9841 5166.2365 5192.3020 5220.1533 5249.7619 4933.5586 4554.1190 4569.4639 4846.6483 5056.6788 5348.8316 5385.1648 5423.0987 5462.6001 5503.6352 5546.1698 5590.1699 5635.6011 5682.4291 5522.6805 5353.5035 5077.4009 4909.1751 4743.4165 4904.0799 5032.8918 5103.9201 5521.7751 5547.0713 5830.9519 5883.0264 5936.3288 5990.8263 6046.4866 6103.2778 6161.1687 6220.1286 6280.1274 6171.7096 5872.8187 5173.9733 4967.8969 4841.4874 4720.1695 4604.3458 4494.4410 4000.0000 4123.1056 4252.0583 4386.3424 4525.4834 4123.1056 3969.8866 3820.9946 3676.9553 3538.3612 3758.9892 4176.1226 3590.2646 3417.6015 3354.1020 3577.7088 3498.5711 3088.6890 2941.0882 2662.7054 2720.2941 2483.9485 2420.7437 2080.8652 1843.9089 1878.8294 1700.0000 1802.7756 1552.4175 1711.7243 1811.0770 1824.8288 2009.9751 2109.5023 2209.0722 2121.3203 2334.5235 2408.3189 2500.0000 2600.0000 2607.6810 2617.2505 2906.8884 2915.4759 3125.6999 3700.0000
