0.0000 509.0000 501.0000 312.0000 1019.0000 736.0000 656.0000 60.0000 1039.0000 726.0000 2314.0000 479.0000 448.0000 479.0000 619.0000 150.0000
509.0000 0.0000 126.0000 474.0000 1526.0000 1226.0000 1133.0000 532.0000 1449.0000 1122.0000 2789.0000 958.0000 941.0000 978.0000 1127.0000 542.0000
501.0000 126.0000 0.0000 541.0000 1516.0000 1184.0000 1084.0000 536.0000 1371.0000 1045.0000 2728.0000 913.0000 904.0000 946.0000 1115.0000 499.0000
312.0000 474.0000 541.0000 0.0000 1157.0000 980.0000 919.0000 271.0000 1333.0000 1029.0000 2553.0000 751.0000 704.0000 720.0000 783.0000 455.0000
1019.0000 1526.0000 1516.0000 1157.0000 0.0000 478.0000 583.0000 996.0000 858.0000 855.0000 1504.0000 677.0000 651.0000 600.0000 401.0000 1033.0000
736.0000 1226.0000 1184.0000 980.0000 478.0000 0.0000 115.0000 740.0000 470.0000 379.0000 1581.0000 271.0000 289.0000 261.0000 308.0000 687.0000
656.0000 1133.0000 1084.0000 919.0000 583.0000 115.0000 0.0000 667.0000 455.0000 288.0000 1661.0000 177.0000 216.0000 207.0000 343.0000 592.0000
60.0000 532.0000 536.0000 271.0000 996.0000 740.0000 667.0000 0.0000 1066.0000 759.0000 2320.0000 493.0000 454.0000 479.0000 598.0000 206.0000
1039.0000 1449.0000 1371.0000 1333.0000 858.0000 470.0000 455.0000 1066.0000 0.0000 328.0000 1387.0000 591.0000 650.0000 656.0000 776.0000 933.0000
726.0000 1122.0000 1045.0000 1029.0000 855.0000 379.0000 288.0000 759.0000 328.0000 0.0000 1697.0000 333.0000 400.0000 427.0000 622.0000 610.0000
2314.0000 2789.0000 2728.0000 2553.0000 1504.0000 1581.0000 1661.0000 2320.0000 1387.0000 1697.0000 0.0000 1838.0000 1868.0000 1841.0000 1789.0000 2248.0000
479.0000 958.0000 913.0000 751.0000 677.0000 271.0000 177.0000 493.0000 591.0000 333.0000 1838.0000 0.0000 68.0000 105.0000 336.0000 417.0000
448.0000 941.0000 904.0000 704.0000 651.0000 289.0000 216.0000 454.0000 650.0000 400.0000 1868.0000 68.0000 0.0000 52.0000 287.0000 406.0000
479.0000 978.0000 946.0000 720.0000 600.0000 261.0000 207.0000 479.0000 656.0000 427.0000 1841.0000 105.0000 52.0000 0.0000 237.0000 449.0000
619.0000 1127.0000 1115.0000 783.0000 401.0000 308.0000 343.0000 598.0000 776.0000 622.0000 1789.0000 336.0000 287.0000 237.0000 0.0000 636.0000
150.0000 542.0000 499.0000 455.0000 1033.0000 687.0000 592.0000 206.0000 933.0000 610.0000 2248.0000 417.0000 406.0000 449.0000 636.0000 0.0000
